7268.206177  
7213.138072  
7342.588209  
7198.019298  
7192.892435  
7149.116646  
7217.478739  
7263.109003  
7109.416398  
7198.786706  
7141.220454  
7177.770221  
7100.84979  
7197.621954  
7223.731934  
7182.629655  
7232.046864  
7294.17645  
7241.471595  
7246.185648  
7183.285586  
7198.688853  
7138.946618  
7147.130467  
7294.561481  
7221.232942  
7226.572032  
7224.885211  
7187.662162  
7175.661871  
7231.115171  
7216.186884  
7229.876099  
7206.054013  
7171.59997  
7099.083294  
7165.156706  
7059.803074  
7204.422783  
7222.654122  
7144.159026  
7211.274101  
7238.537677  
7259.964016  
7243.11464  
7218.631645  
7117.193136  
7269.912359  
7235.335242  
7185.364353  
7175.569479  
7241.888592  
7182.787507  
7149.79264  
7094.636958  
7158.683546  
7297.309671  
7223.214998  
7191.893417  
7185.695037  
7124.664954  
7240.048005  
7093.451305  
7174.708061  
7203.720926  
7224.486137  
7238.057012  
7177.089228  
7185.246333  
7238.530597  
7271.974132  
7174.973628  
7069.139415  
7133.595247  
7172.505573  
7220.570376  
7193.431757  
7191.960502  
7152.325641  
7278.004395  
7174.288399  
7194.235712  
7231.284997  
7249.983117  
7209.102868  
7180.47272  
7235.187834  
7112.193795  
7212.70683  
7187.314782  
7201.548871  
7167.018204  
7107.552692  
7064.138253  
7169.078114  
7189.19319  
7256.538351  
7084.390906  
7141.076554  
7164.124804  
7177.657221  
7210.102316  
7287.169694  
7151.093686  
7172.267552  
7124.065531  
7212.485781  
7269.663675  
7296.82373  
7321.33659  
7192.713092  
7147.74232  
7314.309331  
7142.331278  
7204.956877  
7173.085922  
7210.432925  
7213.457626  
7251.853516  
7221.387313  
7163.219222  
7165.030958  
7263.709796  
7215.719742  
7127.970284  
7198.258529  
7275.952398  
7220.855591  
7297.211617  
7165.405942  
7287.135684  
7132.995807  
7211.17947  
7217.055845  
7156.461022  
7250.320795  
7359.056386  
7192.238016  
7169.370977  
7232.389765  
7206.508317  
7205.409291  
7361.685287  
7202.757399  
7161.723686  
7181.067722  
7324.593511  
7283.101823  
7145.37698  
7170.044258  
7222.192043  
6900.541875  
7264.26856  
7124.218394  
7194.360861  
7183.038712  
7089.540262  
7241.239863  
7246.374071  
7174.791472  
7232.026303  
7198.845125  
7191.539498  
7260.581893  
7258.968654  
7234.932007  
7216.453932  
7215.165952  
7244.783426  
7283.499453  
7229.418032  
7161.510827  
7223.401946  
7220.956187  
7233.971075  
7195.44812  
7147.236429  
7232.562951  
7244.488902  
7173.168319  
7248.044694  
7229.323083  
7178.711341  
7183.01649  
7217.752701  
7242.526797  
7238.662598  
7167.760217  
7201.178117  
7180.381655  
7171.9445  
7215.697701  
7083.461739  
7249.172809  
7228.066703  
7162.44406  
7151.953088  
7143.694304  
7171.853378  
7245.231132  
7283.160597  
7105.65185  
7185.381013  
7133.349243  
7165.390317  
7129.900226  
7135.567298  
7143.804088  
7107.029376  
7182.892387  
7230.508646  
7265.926084  
7090.081309  
7202.047294  
7161.633131  
7129.646628  
7358.499761  
7186.958623  
7150.574155  
7247.75121  
7139.767292  
7243.263667  
7347.516947  
7141.137409  
7133.178329  
7186.401611  
7161.959382  
7212.519993  
7297.144112  
7182.426084  
7166.861142  
7252.216441  
7179.17637  
7217.245276  
7335.905719  
7218.960168  
7182.40763  
7271.826894  
7235.266872  
7245.455349  
7136.86144  
7280.830253  
7149.723723  
7196.670384  
7151.30723  
7145.498747  
7185.651288  
7220.038415  
7231.714578  
7188.285432  
7129.805324  
7208.57839  
7096.959727  
7191.552427  
7219.994852  
7169.697027  
7176.098033  
7240.885418  
7243.731891  
7198.710672  
7194.625276  
7181.601748  
7279.250865  
7257.951368  
7178.986859  
7162.112459  
7214.687128  
7194.506242  
7091.016527  
7149.336824  
7230.447977  
7221.146192  
7187.362708  
7264.572016  
7187.662561  
7233.895885  
7356.624459  
7188.093018  
7238.809565  
7213.551036  
7293.717296  
7331.668388  
7190.221574  
7282.215274  
7202.339685  
7213.643188  
7119.335003  
7233.110829  
7163.125175  
7237.526261  
6753.218596  
7306.924354  
7094.72359  
7282.62405  
7109.256979  
7131.646346  
7139.009383  
7132.92878  
7259.396108  
7195.315891  
7184.730495  
7245.731663  
7301.112565  
7154.716229  
7243.60498  
7268.16738  
7227.220432  
7217.757223  
7163.763656  
7195.86343  
7204.092784  
7234.367432  
7139.964732  
7255.37931  
7247.926657  
7214.768077  
7150.194044  
7170.131767  
7274.542332  
7247.436078  
7174.541621  
7210.533352  
7131.310568  
7158.424555  
7232.352873  
7271.106536  
7075.058477  
7225.199787  
7192.031192  
7198.459706  
7078.243307  
6644.045585  
7326.512695  
7213.38717  
7152.88364  
7157.213565  
7156.875918  
7161.560658  
7162.475183  
7246.219318  
7326.445238  
7179.350214  
7240.032396  
7274.571321  
7151.946809  
7315.916196  
7278.891824  
7259.006698  
7186.513783  
7322.820328  
7281.638407  
7308.394696  
7264.941178  
7280.801068  
7214.113748  
7157.838926  
7219.551662  
7138.808143  
7318.856764  
7160.099004  
7198.206501  
7309.460646  
7181.456994  
7222.010917  
7239.907168  
7257.84945  
7275.361047  
7198.279297  
7218.546774  
7235.698375  
7259.045591  
7271.541743  
7224.944108  
7109.270152  
7092.646861  
7286.467959  
7154.376306  
7147.584956  
7128.413585  
7120.072865  
7186.607671  
7106.157704  
7221.774764  
7246.891474  
7167.859752  
7233.370818  
7218.638847  
7134.355724  
7187.176737  
7260.255658  
7225.386644  
7207.66937  
7329.562458  
7286.899939  
7189.704898  
7231.065891  
7229.573906  
7141.009941  
7262.633311  
7219.308424  
7196.459844  
7332.786329  
7207.008073  
7170.076331  
7137.568885  
7130.459589  
7091.328857  
7164.102157  
7112.463252  
7162.415713  
7177.299704  
7284.058456  
7256.906733  
7227.24991  
7204.719509  
7200.715709  
7181.459552  
7176.945074  
7172.576602  
7257.712132  
7178.685961  
7216.064952  
7251.672889  
7252.932352  
7066.919964  
7215.599105  
7141.60885  
7159.512642  
7284.075965  
7179.030937  
7157.847539  
6980.212402  
7289.547427  
7259.559931  
7191.449574  
7083.199298  
7172.399727  
7073.325195  
7217.826719  
7197.166509  
7194.241429  
7208.860628  
7364.17688  
7168.497686  
7243.207817  
7181.540416  
7198.663468  
7291.315063  
7324.78012  
7200.86878  
7255.749825  
7168.044163  
7226.558392  
7168.858324  
7221.18888  
7251.633439  
7147.559979  
7258.284753  
7258.085072  
7136.828438  
7196.918409  
7209.173658  
7183.050197  
7150.977359  
7220.717057  
7195.926503  
7186.668834  
7101.656892  
7185.126353  
7190.458401  
7195.422507  
7190.136183  
7250.544943  
7096.956389  
7124.850087  
7199.536955  
7217.948831  
7198.636448  
7230.279318  
7259.093676  
7104.929008  
7267.850029  
7182.441284  
7215.052835  
7185.710332  
7240.519797  
7245.15021  
7251.804056  
7211.627914  
7194.013279  
7204.146039  
7143.382436  
7254.660804  
7278.94846  
7170.90452  
7153.534498  
7193.453502  
7154.52046  
7273.812755  
7292.217837  
7169.152705  
7185.445403  
7269.294561  
7214.173987  
7276.991673  
7214.046461  
7166.143119  
7233.745781  
7195.999092  
7329.767201  
7151.460136  
7147.81759  
7169.343437  
7254.888205  
7210.598272  
7189.00501  
7203.7121  
7236.482746  
7268.67853  
7122.230952  
7286.682824  
7253.284689  
7096.676307  
7165.080821  
7240.125027  
7262.24283  
7182.398613  
7228.704882  
7265.403957  
7181.724392  
7114.101329  
7261.539179  
7245.518013  
7154.177931  
7184.520359  
7209.921339  
7205.430404  
7309.028825  
7084.405146  
7122.256592  
7063.631624  
7175.173005  
6779.856206  
7344.873318  
7192.918505  
7161.560934  
7225.470868  
7092.173441  
7170.001996  
7144.91022  
7106.181609  
7090.072642  
7151.167082  
7270.908792  
7159.890147  
7232.163691  
7194.477369  
7186.938243  
7195.189469  
7217.47919  
7199.776181  
7181.426142  
7257.002139  
7158.667629  
7181.78566  
7154.949309  
7216.518884  
7233.303971  
7251.096059  
7300.608133  
7166.951427  
7292.088766  
7217.009325  
7138.830556  
7179.77038  
7217.888836  
7211.28764  
7252.442595  
7214.179008  
7241.972603  
7181.695726  
7231.820334  
7314.525783  
7251.992623  
7415.407418  
7181.070732  
7102.013555  
7277.67895  
7226.411849  
7272.763693  
7227.537736  
7163.178334  
7248.503593  
7155.936587  
7240.586633  
7227.546121  
7168.168823  
7237.088904  
7247.429358  
7301.809899  
7150.271633  
7028.985941  
7264.190281  
7333.269409  
7177.393401  
7154.49102  
7179.516039  
7256.363674  
7184.31483  
7250.271675  
7185.344042  
7223.265731  
7182.890975  
7116.639569  
7167.948677  
7251.385769  
7189.226175  
7192.128747  
7188.122856  
7120.564506  
7088.101212  
7168.28738  
7245.17584  
7137.750032  
7211.601329  
7170.326358  
7176.983712  
7237.698046  
7163.490484  
7199.826458  
7173.762515  
7277.58236  
7249.82562  
7196.640721  
7208.247628  
7185.066417  
7274.410305  
7217.201055  
7155.345125  
7226.556911  
7199.238212  
7262.828889  
7215.991137  
7125.717524  
7198.046493  
