10695.50488  
10642.38387  
10653.82361  
10651.74601  
10665.11641  
10662.8057  
10634.33167  
10666.39445  
10662.18624  
10665.00745  
10670.51961  
10619.06136  
10635.38078  
10668.75899  
10644.47221  
10662.50366  
10672.90747  
10643.52592  
10609.61747  
10592.70825  
10559.61898  
10599.06055  
10590.49719  
10610.99398  
10593.16378  
10599.73596  
10608.64034  
10585.98604  
10601.41536  
10632.36471  
10624.27218  
10621.21436  
10639.03235  
10628.90255  
10579.01388  
10649.8855  
10658.81966  
10627.92204  
10679.31437  
10633.27974  
10581.22384  
10598.62602  
10604.26025  
10629.84965  
10654.42712  
10648.87166  
10719.70182  
10713.62646  
10667.79496  
10674.88684  
10632.37463  
10609.68034  
10630.0144  
10603.9613  
10633.6558  
10642.40088  
10656.60575  
10661.83765  
10647.74963  
10608.03715  
10612.54525  
10603.80595  
10599.38326  
10666.05098  
10666.62948  
10673.55021  
10649.05611  
10639.14042  
10592.21086  
10613.67371  
10624.44999  
10564.60205  
10588.78296  
10592.21916  
10549.74972  
10587.45015  
10577.15576  
10569.82601  
10586.78206  
10622.1405  
10630.41899  
10653.59436  
10666.72843  
10649.96932  
10657.16878  
10648.06213  
10636.65023  
10646.85311  
10654.92546  
10623.57434  
10635.68087  
10580.92851  
10588.76843  
10618.47791  
10634.81991  
10629.00769  
10610.10767  
10643.39726  
10633.42448  
10689.45288  
10702.97461  
10667.82259  
10694.81173  
10688.89815  
10643.47115  
10658.78931  
10642.6803  
10649.57072  
10680.92163  
10657.14685  
10677.78833  
10657.37927  
10601.68884  
10576.11646  
10560.69255  
10550.50358  
10589.75212  
10639.0693  
10639.50566  
10666.89376  
10674.89339  
10673.55493  
10684.53223  
10690.89335  
10659.35669  
10649.62528  
10605.46952  
10637.73063  
10649.27934  
10624.07914  
10632.94963  
10636.5426  
10638.00582  
10634.01331  
10639.87809  
10606.98669  
10631.80933  
10654.00924  
10627.98885  
10640.62598  
10621.24438  
10566.92049  
10554.66764  
10599.63973  
10622.93665  
10650.1193  
10662.78231  
10634.43184  
10642.05863  
10601.66675  
10578.51554  
10643.56205  
10628.36682  
10614.75224  
10641.61092  
10625.80916  
10607.23336  
10616.2052  
10609.17448  
10592.66866  
10612.13411  
10606.66142  
10615.69853  
10633.66292  
10610.36287  
10610.36023  
10631.80741  
10642.35221  
10635.41484  
10659.44169  
10635.17216  
10631.46012  
10633.77409  
10637.77869  
10651.85966  
10682.98604  
10652.7159  
10639.35978  
10586.5695  
10556.60933  
10586.86576  
10592.8704  
10606.25562  
10641.51705  
10645.99524  
10628.47298  
10631.33577  
10669.18233  
10665.81535  
10661.46155  
10668.58663  
10711.49105  
10693.1943  
10678.46472  
10726.03007  
10705.4314  
10684.72522  
10707.49227  
10715.05107  
10703.44767  
10694.74674  
10633.2819  
10653.43632  
10661.34163  
10641.43368  
10638.8678  
10636.20451  
10584.83289  
10563.31091  
10579.65214  
10587.46729  
10609.65116  
10635.61975  
10613.25391  
10615.44185  
10628.49353  
10617.73303  
10632.99996  
10650.25834  
10620.32597  
10634.43872  
10631.73934  
10635.20264  
10669.61418  
10685.82564  
10672.92834  
10675.23535  
10667.63534  
10636.59937  
10651.80221  
10654.6792  
10621.63395  
10604.70483  
10607.95166  
10638.87773  
10667.48116  
10669.98372  
10658.30253  
10675.67749  
10656.41443  
10629.91406  
10655.09131  
10670.17371  
10651.24162  
10618.93819  
10594.04277  
10578.3149  
10588.98018  
10604.82003  
10629.83919  
10653.35579  
10642.15051  
10634.03328  
10605.724  
10669.06527  
10662.5249  
10657.35156  
10690.95146  
10699.09521  
10673.99231  
10674.65397  
10678.63904  
10652.5022  
10644.70129  
10646.16777  
10643.17554  
10653.61051  
10646.56104  
10632.06368  
10601.17489  
10598.70923  
10597.56372  
10599.44189  
10619.13281  
10631.04993  
10645.19124  
10651.0544  
10640.73787  
10619.104  
10616.1095  
10586.08411  
10537.19958  
10561.53031  
10584.70056  
10614.27873  
10646.64046  
10653.1193  
10644.81958  
10649.57747  
10664.97681  
10675.44495  
10656.23735  
10664.45223  
10663.50704  
10676.56588  
10697.32267  
10694.38078  
10693.89514  
10702.67448  
10689.86849  
10671.80302  
10688.06527  
10653.94417  
10632.69169  
10624.2769  
10617.68099  
10620.078  
10646.41805  
10601.28788  
10601.08097  
10620.20508  
10575.34371  
10543.6744  
10577.98612  
10641.55172  
10681.81628  
10681.72595  
10702.30103  
10701.13066  
10621.2463  
10671.49597  
10675.36853  
10634.17932  
10649.05367  
10661.19071  
10628.36275  
10650.60697  
10635.3291  
10626.36731  
10637.23356  
10611.25696  
10590.271  
10624.06156  
10617.37301  
10631.7415  
10646.12329  
10661.78097  
10651.19051  
10635.91821  
10651.93746  
10608.06372  
10570.12272  
10563.24923  
10556.31714  
10569.22909  
10575.71187  
10589.58004  
10605.62215  
10606.91032  
10591.82605  
10568.33028  
10557.24618  
10587.54435  
10586.95386  
10604.82182  
10640.15112  
10659.06356  
10671.41467  
10693.00741  
10704.52327  
10681.81901  
10688.36462  
10715.48674  
10680.01473  
10673.82483  
10707.26554  
10664.85107  
10636.38607  
10620.71366  
10653.19869  
10631.99788  
10668.48018  
10611.6095  
10628.72327  
10626.77112  
10641.8796  
10603.11365  
10627.51001  
10571.97375  
10554.19832  
10554.64331  
10571.29504  
10561.42053  
10521.37561  
10559.10018  
10599.00321  
10680.39242  
10695.77913  
10693.77543  
10691.2196  
10645.26717  
10659.1602  
10634.60559  
10664.76416  
10675.4377  
10668.63774  
10660.40552  
10682.41671  
10641.06396  
10624.01383  
10611.54879  
10640.62854  
10634.28532  
10624.11043  
10664.18274  
10650.65662  
10630.43311  
10633.04647  
10629.35942  
10612.18449  
10621.13835  
10623.82654  
10649.39396  
10636.13257  
10679.00716  
10724.42822  
10692.65727  
10649.80225  
10661.28931  
10638.31124  
10642.06702  
10630.82711  
10644.07589  
10647.65019  
10646.00822  
10631.11857  
10657.89205  
10625.54378  
10619.0863  
10604.5686  
10597.05782  
10589.6816  
10610.78495  
10586.7192  
10619.78068  
10598.78931  
10589.25435  
10624.33508  
10604.7915  
10572.30603  
10579.19812  
10560.44055  
10543.73364  
10575.3538  
10580.03459  
10585.22388  
10585.79289  
10610.12333  
10620.04073  
10650.83378  
10685.97542  
10696.90238  
10687.74784  
10695.27983  
10602.93347  
10595.179  
10621.56974  
10626.50285  
10682.42004  
10703.25916  
10702.22465  
10721.9351  
10723.44226  
10711.61727  
10727.13831  
10733.84204  
10710.47278  
10691.33333  
10622.55436  
10613.93872  
10594.2948  
10570.75977  
10603.8501  
10611.40161  
10603.56938  
10628.82475  
10631.24125  
10621.89441  
10628.91654  
10618.20785  
10603.73706  
10619.94275  
10597.762  
10555.45142  
10568.17114  
10574.53841  
10606.56807  
10633.92131  
10647.96737  
10651.4279  
10635.32764  
10638.18054  
10601.60376  
10599.67603  
10607.28927  
10630.12439  
10625.27352  
10647.07182  
10663.68665  
10668.63407  
10638.12834  
10631.95711  
10621.16744  
10613.11507  
10615.09082  
10635.79114  
10659.86963  
10654.31128  
10668.62598  
10667.23043  
10668.4633  
10665.63607  
10685.88611  
10676.3269  
10659.00598  
10656.55884  
10650.03947  
10625.42912  
10614.65141  
10626.6014  
10599.01652  
10620.0459  
10607.76937  
10552.6169  
10536.703  
10541.05619  
10562.58797  
10556.43327  
10599.14608  
10617.04777  
10607.04325  
10625.96794  
10652.72135  
10658.20955  
10662.48686  
10660.11552  
10639.51697  
10673.59253  
10680.40841  
10641.57328  
10661.4447  
10620.10763  
10610.1663  
10661.86723  
10656.15002  
10633.14095  
10643.47241  
10582.49097  
10603.75541  
10606.83842  
10605.52022  
10612.53353  
10612.48067  
10623.84334  
10646.21635  
10668.95435  
10649.2087  
10649.49036  
10665.40002  
10649.04663  
10592.87756  
10613.01965  
10622.90556  
10629.19466  
10651.64758  
10650.54671  
10642.77445  
10656.32837  
10670.28727  
10693.22107  
10713.6241  
10709.48767  
10709.85238  
10701.67082  
10720.55741  
10678.09619  
10685.90682  
10655.60966  
10650.33968  
10652.22884  
10641.6995  
10657.06551  
10684.96098  
10683.01583  
10642.02653  
10647.31738  
10634.63562  
10612.32243  
10639.42891  
10640.00736  
10641.97518  
10646.55986  
10586.92139  
10574.32792  
10567.37602  
10555.48938  
10561.38517  
10595.9989  
10617.23136  
10630.64095  
10652.39119  
10682.97791  
10641.32784  
10675.10079  
10690.20764  
10681.46342  
10651.4563  
10649.26444  
10620.16406  
10614.03105  
10648.22119  
10630.3678  
10683.61043  
10677.09298  
10645.59249  
10657.21659  
10640.27303  
10645.28621  
10634.36869  
10659.89262  
10657.56356  
10677.39506  
10647.03398  
10616.62976  
10618.88517  
10604.94885  
10617.43302  
10623.19511  
10643.39547  
10652.14152  
10633.75236  
10650.9869  
10662.64384  
10646.80176  
10633.88045  
10634.97502  
10609.59725  
10607.03499  
10559.59802  
10583.23389  
10584.61825  
10599.51522  
10627.04862  
10588.40971  
10581.44206  
10567.58097  
10598.93217  
10640.07174  
10665.94047  
10654.67196  
10671.82157  
10657.27348  
10648.87565  
10650.06283  
10643.80627  
10631.98759  
10629.07149  
10597.93754  
10565.13009  
10537.61702  
10551.68412  
10565.44609  
10616.69832  
10620.98779  
10636.19987  
10625.93502  
10597.0245  
10549.80868  
10586.81576  
10668.20133  
10671.49581  
10680.84115  
10691.53198  
10643.00464  
10654.47408  
10659.67834  
10635.6318  
10658.29765  
10670.55815  
10688.46139  
10685.10502  
10742.58337  
10743.5024  
10705.66581  
10678.31401  
10652.39311  
10637.56702  
10640.9941  
10625.72685  
10601.98523  
10624.87333  
10622.35234  
10638.96082  
10634.69279  
10614.71867  
10628.54309  
10639.47367  
10635.92236  
10628.62854  
10594.42794  
10623.31437  
10609.14038  
10625.2568  
10648.72131  
10628.80811  
10645.8453  
10627.79728  
10604.76078  
10586.802  
10593.39868  
10585.27332  
10584.46444  
10649.88159  
10656.27966  
10658.30583  
10650.85254  
10654.21208  
10638.76009  
10648.21602  
10652.02922  
10633.55566  
10621.42692  
10633.89213  
10627.46545  
10619.75008  
10614.94804  
10596.14482  
10622.29268  
10627.95288  
10648.36491  
10659.69157  
10665.45089  
10662.07385  
10652.64327  
10667.64787  
10634.12581  
