7106.106321  
6985.74484  
7071.769646  
6967.588029  
7019.70571  
7076.880165  
7083.737539  
7041.629557  
7196.485825  
7107.045061  
7156.334784  
7019.55204  
7092.582098  
7067.951196  
7045.775228  
7153.603798  
7042.512293  
6990.645163  
7001.125531  
7106.307091  
7096.117389  
7093.507439  
7107.899438  
7129.13017  
7059.413048  
7135.13996  
7067.142066  
7097.134402  
7115.535534  
7118.054372  
7099.504064  
7016.378021  
7139.751872  
7093.333439  
7046.503183  
7062.820255  
7047.993839  
7119.770479  
7037.995917  
6970.103367  
7056.355981  
7083.381711  
7062.791844  
7001.556464  
7055.45156  
7074.362601  
7119.53845  
7045.258957  
7056.828762  
7102.0489  
7113.076129  
7073.318503  
7127.913708  
7062.297062  
7081.915575  
7003.525046  
6955.859777  
7093.724887  
6955.787282  
7179.101132  
7164.893373  
7151.157006  
7190.838245  
7095.379811  
7104.919405  
7008.782954  
7140.439032  
7058.591428  
7048.010292  
7093.773461  
7061.519742  
7198.375431  
7097.355234  
7108.933441  
7086.902291  
7055.813127  
6991.155503  
6998.323386  
7014.44987  
7063.430166  
7047.655029  
7075.356685  
7096.620615  
7162.168663  
7093.927265  
7157.423043  
7141.769924  
7069.184805  
7025.277262  
7038.561188  
7130.303285  
7087.042246  
7092.704327  
7009.23595  
7117.586909  
7135.264601  
7042.369284  
7078.302787  
7062.129509  
7002.672555  
7035.823161  
7047.483446  
6999.964207  
7072.153579  
7060.006965  
6951.848537  
7021.747319  
7064.597819  
7001.77732  
7073.691253  
7086.854545  
7003.926159  
7060.396283  
7186.724753  
7013.688309  
7124.068599  
7026.310489  
7028.762844  
7102.750373  
7086.887399  
7141.128705  
7185.823888  
6976.612175  
7118.824894  
7097.245462  
7046.952225  
7167.454035  
7132.128566  
7188.199975  
7107.62062  
7032.058034  
7071.914508  
7043.561409  
7087.696481  
7143.885378  
7190.664919  
7144.783701  
7108.609322  
7208.072227  
7053.770163  
7122.067943  
7087.224466  
7053.984902  
7122.197151  
7008.020996  
7093.911434  
7132.436136  
7031.35713  
7053.264471  
7134.572026  
7031.597163  
7059.271915  
7070.882477  
7019.52192  
6996.645264  
7092.159821  
7095.074822  
7067.686078  
7059.425355  
7159.728836  
7045.52002  
7018.880424  
7126.010359  
7101.282217  
7100.893449  
7094.721828  
7059.99347  
7082.210205  
7069.569202  
7060.297406  
7108.989693  
7053.386058  
7066.853573  
7108.521925  
6950.890051  
7113.945131  
7030.631841  
7072.525237  
6968.302739  
7055.60229  
6994.824592  
7113.151013  
7001.524098  
7068.85871  
7073.892631  
7163.652463  
7094.90242  
7074.892099  
7199.486477  
7044.118035  
6997.050259  
7058.853372  
7101.01012  
7073.535175  
7016.389773  
6997.061322  
7001.57475  
7141.792701  
7059.337402  
6991.624057  
7161.230502  
7148.263308  
7126.393976  
7135.535822  
6998.129313  
7167.185308  
7214.410463  
7151.337498  
7010.673129  
7166.018473  
7064.704767  
6976.074865  
7162.464035  
7063.073606  
7019.194197  
7097.752374  
7062.512504  
7150.012298  
7171.351807  
7027.252164  
7036.793467  
7141.559633  
7114.599758  
7157.344583  
7007.670444  
6988.43424  
6841.451694  
6996.233245  
7008.190387  
6991.766209  
7031.813457  
6970.514423  
7094.940157  
7100.704671  
7081.857537  
7025.525874  
6959.934307  
7025.331423  
7064.619538  
7035.270546  
7021.498439  
7011.503643  
7058.285874  
7035.601151  
7140.093496  
7038.79553  
6978.535525  
7087.694221  
7046.512293  
7055.072084  
7115.759708  
7111.137379  
7096.934905  
6914.186701  
7040.109758  
7066.97145  
7101.198596  
7167.490507  
7184.491848  
7177.065401  
7121.963546  
7130.781159  
7111.243949  
7037.50573  
7142.358413  
7174.632295  
7144.180473  
7181.771958  
7069.993413  
7025.78979  
7091.717706  
7076.049613  
7070.571284  
7003.012183  
7074.780173  
7033.95435  
7073.789647  
7162.443742  
7055.842821  
7047.246539  
7112.058962  
7036.289766  
7163.963211  
7116.978937  
7138.129313  
7127.935475  
7058.338154  
7046.832007  
7145.322668  
7061.335315  
7089.605335  
7072.790269  
7060.181109  
7103.277147  
7149.765496  
6975.229832  
7094.261015  
7038.457496  
6954.96775  
7147.845856  
7073.522499  
7116.465045  
7173.38231  
6986.415623  
7142.715141  
7150.540996  
7116.291413  
7128.478669  
7144.435327  
7048.453091  
7101.608202  
7045.748899  
7146.456036  
6974.339959  
7004.323697  
7152.365651  
7046.22122  
7035.307933  
7132.174446  
7026.450305  
7143.812021  
7088.421229  
7068.490675  
7148.766889  
7024.214279  
7151.971838  
7046.688022  
6984.686179  
7059.903234  
7103.907921  
7124.762518  
7186.238932  
7112.346704  
7060.565645  
7034.434633  
7100.537966  
7080.2672  
7068.730244  
7136.15356  
7078.304606  
7084.978707  
7047.107719  
7115.233561  
7126.872324  
7001.884349  
7083.346048  
6982.079073  
7037.848752  
7029.742331  
6961.439654  
6912.085038  
6974.426609  
7015.383961  
7026.725002  
7067.639021  
7121.913325  
7040.921865  
7049.711703  
7065.808192  
7082.243317  
7056.840691  
6982.640376  
7062.000728  
7102.422847  
7032.588408  
7068.524189  
7130.832242  
7068.975438  
7011.615206  
6548.782428  
7120.381855  
7105.20672  
7008.37354  
7036.890501  
6997.248736  
6928.646168  
7076.001494  
7103.197122  
7054.712158  
7157.823123  
7112.661377  
7107.019148  
7090.045506  
7068.175097  
7059.59083  
6985.48269  
7022.399783  
7054.384426  
7039.728429  
7000.332912  
7060.699803  
7069.335009  
7056.130926  
7063.229947  
7091.99967  
7161.13219  
7032.553764  
7121.333606  
7020.013126  
7066.122635  
7146.269852  
7133.957132  
7172.686002  
7080.746568  
7143.066047  
7177.528493  
7135.515132  
7185.820959  
7124.355474  
7157.046779  
7075.670204  
7052.226902  
7160.916212  
7100.539536  
7011.636695  
7206.997635  
7119.86454  
7145.291557  
7080.355158  
7067.649902  
7089.998851  
6959.088235  
7032.913976  
7069.875689  
7055.967027  
7139.362879  
7099.697974  
7141.916849  
7147.729875  
7043.371917  
7147.291217  
7114.761513  
7070.288541  
7133.264265  
7017.494375  
7069.926945  
7118.266037  
7065.190837  
7063.097752  
7096.132348  
7051.842682  
7181.127566  
7014.800216  
7106.544855  
7082.425997  
6942.08487  
7148.575731  
7102.621122  
7079.330471  
6982.62838  
7051.963843  
7077.077043  
6975.002891  
7057.410453  
7071.038919  
6943.424393  
7052.31722  
6958.669228  
7068.953642  
7131.754083  
7210.964375  
7085.759794  
7086.848183  
6992.068795  
7186.221536  
7120.948424  
7102.824405  
7118.546497  
7010.396326  
7087.691569  
7000.894167  
7117.914465  
7113.984179  
7112.867298  
7063.515007  
7090.734839  
7115.131917  
7046.07756  
7089.099767  
7048.065238  
7097.69515  
6990.492231  
7152.916485  
7082.796875  
7048.673369  
7061.368245  
7078.701004  
7154.452244  
7108.193891  
7092.894675  
7118.684431  
7069.061815  
7009.086895  
7126.508119  
7044.834071  
7162.847867  
7024.753159  
7113.593851  
7127.692531  
7095.297306  
7109.511044  
6959.376709  
6901.110538  
7074.407471  
7180.470349  
7078.669903  
7096.535688  
7043.94323  
7132.638471  
7003.082395  
7050.690841  
7127.293725  
7058.953513  
7086.703762  
7049.244978  
7151.67266  
7123.238803  
7062.435145  
7003.369744  
7079.573707  
7166.099595  
7106.65884  
7094.45043  
7098.785597  
7066.255342  
7103.717261  
7051.247271  
7029.3894  
6875.75044  
6878.061705  
7003.981977  
7091.305286  
7064.729588  
7020.819365  
7009.591203  
6923.83992  
6932.17873  
6997.684274  
7026.795798  
6978.194508  
6986.900348  
7043.535635  
6989.335957  
7044.199559  
6950.114488  
7114.566985  
7057.819604  
7091.810513  
7119.746975  
7133.198118  
7047.462259  
7093.762825  
7157.890568  
7047.483796  
7156.74675  
7042.411272  
7017.603899  
7019.59521  
7070.332606  
7005.089221  
7205.729593  
7024.713025  
7029.803811  
7009.348863  
7072.495807  
7099.089849  
7040.104282  
7237.784017  
7056.032083  
7171.013275  
7198.458338  
7030.273447  
7023.526855  
7101.778943  
7099.195973  
7167.82205  
7173.257769  
7036.260101  
7073.020379  
7115.700262  
7049.31363  
7151.760857  
7046.614861  
7078.370385  
7093.615498  
7099.688185  
7160.395934  
7071.269311  
7018.109691  
7050.857393  
7112.921746  
7146.506305  
7179.088901  
7077.344363  
7037.039034  
7199.113837  
7050.973039  
7103.849988  
7037.201225  
7104.52485  
7036.704221  
7108.348954  
7050.076852  
7028.386958  
7080.891171  
7096.262308  
7006.313625  
7063.754864  
7032.844703  
7186.959286  
7085.59622  
7103.678323  
7078.153105  
7051.086952  
7114.253638  
7143.908725  
7072.880146  
6994.003073  
7107.400908  
7020.51507  
7036.934618  
7019.925331  
7069.36308  
7059.330298  
7197.205509  
6979.458788  
7059.115479  
7019.473982  
7194.821581  
7021.215246  
7107.171076  
7149.172684  
7099.91559  
7123.035204  
6972.316818  
7192.466313  
7069.931296  
7043.543735  
7184.419434  
7185.654431  
7025.504916  
6768.358456  
6895.781714  
7064.683508  
7106.174532  
7064.478324  
6959.179802  
7047.601376  
6965.549125  
7039.071083  
7009.037708  
7052.501833  
7122.665676  
7148.137786  
7154.051796  
7117.137035  
7078.317651  
7149.575526  
7060.588886  
7040.330495  
7090.700219  
7254.630261  
7096.44492  
6968.943915  
7107.488612  
7044.373497  
7086.512111  
7075.470148  
7126.176001  
7089.056167  
7080.862314  
