10267.77795  
10199.60433  
10128.9744  
10101.96016  
10180.84733  
10213.6941  
10211.64385  
10216.45459  
10281.00231  
10243.35306  
10213.15806  
10176.45829  
10143.13026  
10132.15747  
10124.63326  
10124.54493  
10167.27512  
10195.28967  
10198.68531  
10165.76497  
10178.96393  
10195.69056  
10220.15695  
10240.86628  
10257.30248  
10238.78132  
10275.31118  
10314.62332  
10317.11473  
10353.45092  
10349.85537  
10318.55706  
10332.30032  
10301.29865  
10244.39573  
10140.25662  
10036.60964  
10063.74991  
10056.84858  
10091.85023  
10128.00558  
10139.03525  
10160.37012  
10148.27333  
10237.40465  
10241.8785  
10250.44894  
10269.92773  
10245.50225  
10185.60901  
10163.43835  
10171.61903  
10207.76583  
10242.91787  
10271.5809  
10273.95709  
10224.63217  
10168.87385  
10127.87152  
10084.91235  
9999.07168  
10017.03395  
10040.43169  
10072.17423  
10067.44594  
10085.13192  
10060.1233  
10096.2045  
10059.63835  
10099.16575  
10126.07571  
10144.72545  
10192.24583  
10195.01677  
10217.00748  
10239.98027  
10251.97855  
10247.65397  
10228.44919  
10233.61705  
10200.32938  
10163.55099  
10097.92603  
10026.1089  
10026.71036  
10048.06191  
10073.57872  
10094.55653  
10120.38763  
10171.33929  
10185.42344  
10192.58589  
10289.76604  
10309.82277  
10332.98577  
10345.77516  
10324.59906  
10268.31173  
10219.37822  
10176.77218  
10156.30552  
10135.55614  
10141.19351  
10158.25288  
10179.97982  
10199.52692  
10236.64229  
10222.94938  
10250.53925  
10292.02578  
10317.17728  
10325.07557  
10323.19296  
10290.22319  
10279.27804  
10266.58601  
10246.36962  
10272.71353  
10263.50679  
10293.28016  
10297.98749  
10298.08175  
10348.09619  
10317.95316  
10317.94985  
10267.47332  
10220.13099  
10221.41948  
10226.52825  
10232.59625  
10229.93562  
10228.35815  
10228.99153  
10214.44547  
10211.32614  
10222.1791  
10202.34156  
10220.56456  
10227.23556  
10230.32181  
10233.47328  
10186.07273  
10119.72479  
10030.52395  
10041.52382  
10049.57888  
10089.39915  
10072.79369  
10093.64607  
10102.6787  
10112.70126  
10115.98212  
10144.15555  
10155.81887  
10133.46499  
10117.33627  
10133.72966  
10141.00297  
10181.55867  
10214.34076  
10237.79352  
10275.602  
10314.46167  
10289.91825  
10294.76818  
10336.03137  
10281.48263  
10267.31302  
10254.72081  
10232.37976  
10205.04595  
10179.88231  
10168.60499  
10170.55615  
10172.43945  
10172.97714  
10221.26027  
10223.95469  
10218.42291  
10229.69785  
10281.18539  
10275.81716  
10271.91497  
10266.75894  
10236.86255  
10167.68911  
10088.4557  
10049.37224  
10064.90465  
10084.79204  
10079.57208  
10036.15195  
10010.90659  
10021.10305  
10034.02504  
10048.71923  
10050.84343  
10094.35542  
10131.62638  
10139.06683  
10205.51943  
10224.93138  
10221.58818  
10269.51692  
10285.68567  
10310.44781  
10323.60038  
10333.20667  
10281.22625  
10267.64369  
10211.08602  
10164.9118  
10158.70225  
10176.24567  
10172.24209  
10203.8157  
10204.90273  
10207.53405  
10226.28168  
10243.05817  
10262.7911  
10243.9092  
10250.70203  
10230.26722  
10257.96436  
10247.24031  
10246.69114  
10274.27932  
10267.02018  
10310.48096  
10331.41421  
10305.39966  
10310.03356  
10290.06105  
10245.78018  
10187.09336  
10170.73102  
10181.74332  
10195.87288  
10177.98496  
10175.71735  
10101.73698  
10096.2468  
10103.13053  
10140.74935  
10153.66746  
10202.9509  
10205.29985  
10239.9972  
10268.08265  
10295.05605  
10268.49697  
10272.06256  
10217.86084  
10168.58337  
10164.23253  
10166.72656  
10200.05045  
10192.70043  
10217.4556  
10258.64585  
10201.4448  
10167.67085  
10117.64935  
10156.33188  
10147.12408  
10157.14253  
10118.00878  
10109.04222  
10067.00848  
10101.80159  
10112.96162  
10123.45891  
10070.15953  
10079.55516  
10101.49094  
10082.03562  
10134.02372  
10160.85325  
10204.96947  
10230.05133  
10234.87006  
10250.63298  
10258.79796  
10262.81099  
10240.27419  
10277.52018  
10283.08574  
10284.00912  
10273.28446  
10237.31561  
10285.79937  
10277.07043  
10247.142  
10244.64524  
10232.62786  
10213.61935  
10190.45825  
10228.23375  
10221.38409  
10217.98895  
10226.727  
10218.84122  
10216.02167  
10241.56548  
10214.04916  
10185.93916  
10214.46764  
10248.47491  
10259.91302  
10248.86047  
10253.38302  
10304.04895  
10261.81713  
10230.35175  
10128.55093  
10057.39614  
10035.16816  
10004.47542  
10009.30502  
10066.39783  
10108.48618  
10165.00236  
10152.36178  
10187.4533  
10228.33514  
10227.06158  
10267.48796  
10267.07151  
10262.49282  
10301.8678  
10292.30492  
10298.5282  
10298.37307  
10282.12767  
10243.5911  
10253.49646  
10198.83992  
10270.69716  
10258.87563  
10256.98809  
10271.41519  
10238.23085  
10247.36301  
10225.0483  
10223.17935  
10240.33739  
10251.94415  
10231.76335  
10196.21108  
10197.40397  
10160.69971  
10120.58009  
10099.84141  
10063.77507  
10004.6188  
9943.653076  
9946.700684  
9978.397693  
10040.15331  
10094.60154  
10128.2078  
10202.65684  
10222.09089  
10239.07717  
10259.74089  
10218.16012  
10238.33447  
10256.38492  
10261.27092  
10267.19568  
10296.22765  
10285.66656  
10248.81829  
10248.67505  
10178.38291  
10136.57124  
10132.30107  
10103.01951  
10087.0272  
10052.6225  
10094.69176  
10098.63995  
10079.43022  
10103.9708  
10136.34957  
10192.55548  
10177.17578  
10236.07319  
10244.94077  
10283.99797  
10322.73136  
10231.77814  
10166.18115  
10148.0854  
10155.51453  
10153.35225  
10169.19854  
10201.38066  
10228.01215  
10261.41049  
10263.38182  
10288.67255  
10323.52972  
10318.73059  
10322.21116  
10318.64653  
10317.10928  
10345.37292  
10332.94653  
10313.3343  
10314.86411  
10275.29449  
10245.47859  
10216.83729  
10216.75011  
10166.1774  
10143.00247  
10141.563  
10214.20795  
10201.47443  
10206.87878  
10221.59722  
10280.29347  
10307.85575  
10334.62115  
10308.25939  
10224.18556  
10130.06852  
10105.53182  
10133.39124  
10132.46755  
10167.56478  
10181.57043  
10202.8257  
10209.08899  
10228.76954  
10250.41848  
10261.59788  
10251.16265  
10164.56144  
10073.10815  
10058.81304  
10036.61603  
10011.07689  
10066.76057  
10129.87388  
10162.85494  
10182.70479  
10167.39659  
10170.65078  
10180.0745  
10201.30861  
10155.24286  
10175.00699  
10228.59253  
10237.36763  
10274.678  
10298.44014  
10288.09312  
10307.82448  
10305.54884  
10321.3384  
10330.51039  
10332.9843  
10328.75826  
10323.04247  
10312.97224  
10260.5804  
10146.93601  
10171.49647  
10174.67274  
10194.75903  
10153.70134  
10159.92147  
10176.95465  
10163.8402  
10177.34687  
10174.68761  
10182.09061  
10198.76615  
10225.69907  
10260.14755  
10203.70975  
10164.22297  
10052.18795  
10042.75846  
10120.39205  
10112.44585  
10127.02572  
10131.98029  
10139.23988  
10086.61123  
10022.97306  
9931.975574  
9943.038062  
10032.01798  
10029.58818  
10053.71666  
10066.93973  
10080.59283  
10114.07861  
10133.22186  
10116.9604  
10156.5024  
10165.41523  
10157.49736  
10160.15442  
10220.19646  
10242.10792  
10277.0385  
10275.56637  
10268.11458  
10289.99148  
10281.17859  
10297.66857  
10242.20758  
10251.37761  
10235.60585  
10226.4354  
10219.90493  
10233.80376  
10241.34337  
10258.75452  
10256.93057  
10277.97643  
10239.99644  
10218.46427  
10206.44343  
10179.01979  
10155.28047  
10160.18912  
10204.16533  
10217.36228  
10245.05067  
10284.95062  
10321.05713  
10358.82997  
10360.61428  
10237.58704  
10175.5054  
10071.18466  
10080.05284  
10119.1139  
10143.7084  
10174.13552  
10191.58761  
10221.72333  
10242.87983  
10267.47834  
10286.04828  
10321.40442  
10313.35577  
10282.75035  
10303.37722  
10237.84819  
10187.4746  
10157.11279  
10138.75042  
10143.71816  
10165.26373  
10196.75991  
10211.02064  
10229.80577  
10253.77186  
10247.29913  
10245.06411  
10229.48612  
10258.20709  
10274.39335  
10237.52919  
10277.76337  
10248.10468  
10177.45819  
10131.1027  
10092.12946  
10048.24086  
10102.88484  
10105.24095  
10135.77097  
10127.42323  
10155.06249  
10208.65492  
10217.52205  
10178.74657  
10128.00538  
10073.80292  
10040.85283  
10039.0145  
10069.11438  
10092.65304  
10153.61614  
10173.63004  
10118.82728  
10081.41615  
10122.14049  
10155.69366  
10183.1426  
10220.37235  
10259.2016  
10235.7631  
10258.13892  
10253.28772  
10235.94354  
10259.90026  
10249.76483  
10275.52473  
10287.51886  
10307.58386  
10313.81786  
10304.27111  
10267.95234  
10243.53324  
10234.57719  
10228.93188  
10253.24126  
10244.9405  
10222.33547  
10216.03773  
10233.35104  
10229.46873  
10243.0438  
10251.26497  
10303.95637  
10261.17786  
10190.64363  
10168.03313  
10154.88723  
10139.80746  
10148.44695  
10107.62163  
10109.78087  
10123.85094  
10091.54556  
10101.2323  
10095.33777  
10086.49366  
10144.20962  
10162.21915  
10156.23008  
10198.77664  
10231.74446  
10237.86279  
10296.67577  
10324.09921  
10311.31088  
10310.44633  
10292.30669  
10271.92838  
10208.57554  
10141.35795  
10057.78542  
10026.62789  
10065.83734  
10109.71024  
10141.82368  
10133.56782  
10116.78005  
10138.28286  
10179.63373  
10198.6385  
10224.66031  
10258.62937  
10246.49573  
10244.60806  
10225.90448  
10253.61396  
10214.36505  
10202.6198  
10197.03451  
10189.66483  
10209.28065  
10217.55861  
10213.80814  
10245.36475  
10246.43087  
10252.24063  
10274.95128  
10326.1484  
10312.30277  
10258.15269  
10210.81425  
10144.60238  
10149.32367  
10148.6418  
10182.13243  
10184.95271  
10171.06105  
10157.1684  
10192.75914  
10157.12118  
10122.93516  
10117.64039  
10142.39735  
10136.63591  
10181.91554  
10210.91259  
10280.4576  
10283.48987  
10266.08835  
10178.12781  
10119.259  
