8690.398813  
8674.32035  
8641.730272  
8654.983239  
8629.671621  
8619.4395  
8617.734807  
8648.588623  
8652.397517  
8672.472431  
8658.32666  
8639.625845  
8685.399339  
8649.381273  
8654.568463  
8645.458271  
8627.402222  
8663.910522  
8672.643461  
8657.675162  
8654.514874  
8652.902748  
8634.941848  
8652.599797  
8642.28048  
8663.381845  
8624.518395  
8654.793344  
8663.499634  
8631.436326  
8669.730027  
8661.297955  
8661.97521  
8668.795992  
8680.074632  
8670.789729  
8641.124859  
8650.153499  
8644.883808  
8670.040537  
8688.153161  
8668.217464  
8614.947895  
8644.332257  
8652.883169  
8663.626437  
8657.888099  
8663.030029  
8665.414879  
8640.10961  
8623.054115  
8617.305561  
8632.334867  
8668.687124  
8679.253024  
8697.155189  
8666.501887  
8631.054781  
8647.609272  
8655.255136  
8651.978046  
8630.317749  
8653.497145  
8649.925096  
8681.572294  
8688.635432  
8685.51617  
8689.93072  
8667.534546  
8669.491746  
8646.372117  
8627.691294  
8621.387921  
8637.997005  
8664.411105  
8635.226966  
8649.449623  
8650.960862  
8641.561599  
8662.968374  
8652.836398  
8630.949951  
8650.212956  
8605.476534  
8649.048556  
8648.95028  
8642.215417  
8664.323984  
8640.028546  
8664.270799  
8669.572012  
8633.209341  
8620.223783  
8636.24399  
8611.206825  
8649.103995  
8648.921725  
8644.31851  
8664.94288  
8637.991859  
8696.28926  
8660.99045  
8669.2991  
8663.461229  
8646.137695  
8630.448355  
8672.709473  
8662.480732  
8643.812068  
8655.421837  
8629.593609  
8678.36345  
8663.551316  
8675.343365  
8656.030865  
8661.289232  
8640.784264  
8652.603863  
8659.052941  
8649.555439  
8663.241981  
8683.254826  
8654.314998  
8645.288959  
8648.182908  
8645.336811  
8609.02802  
8667.476055  
8673.967802  
8657.852567  
8621.519559  
8628.982572  
8681.701454  
8658.097544  
8657.249756  
8659.346267  
8634.880831  
8667.28479  
8632.618981  
8650.327702  
8651.498113  
8666.601403  
8657.479107  
8642.634878  
8642.64008  
8655.375254  
8677.50523  
8632.076463  
8646.741051  
8657.25262  
8629.781222  
8652.991587  
8637.447219  
8639.207257  
8626.668222  
8638.904165  
8642.52555  
8650.775362  
8624.882625  
8665.081092  
8671.281043  
8652.959614  
8651.150766  
8638.694007  
8629.351872  
8625.704721  
8657.873685  
8625.202111  
8628.349262  
8633.198646  
8634.594651  
8648.844642  
8667.250873  
8661.203332  
8648.042002  
8663.558763  
8689.238601  
8661.590182  
8667.498986  
8663.249906  
8639.491511  
8670.909997  
8663.892278  
8645.190336  
8637.976816  
8634.256535  
8642.379451  
8659.66272  
8636.8924  
8636.618314  
8633.096407  
8665.163377  
8665.87761  
8652.554227  
8650.19519  
8640.074266  
8646.653161  
8632.938373  
8639.518179  
8641.862023  
8674.275625  
8689.177415  
8685.303119  
8669.064359  
8668.974797  
8645.817082  
8639.859403  
8627.144588  
8634.561373  
8637.41071  
8670.006582  
8660.813636  
8687.150916  
8670.691331  
8647.513071  
8661.289673  
8656.546424  
8650.743821  
8651.79387  
8653.866896  
8651.371244  
8692.379883  
8667.296002  
8677.017484  
8684.550856  
8676.334022  
8644.60468  
8639.581271  
8648.499437  
8643.401236  
8638.505587  
8683.626803  
8684.924223  
8671.411706  
8660.128502  
8635.074989  
8616.459989  
8639.328266  
8639.556058  
8636.981689  
8643.185753  
8616.687678  
8659.030893  
8658.855591  
8652.414485  
8670.310782  
8646.767353  
8625.935735  
8696.161527  
8677.388024  
8661.194937  
8647.192899  
8643.264292  
8685.040368  
8654.916466  
8674.293626  
8663.002554  
8683.790227  
8694.482506  
8665.610333  
8678.321449  
8652.006216  
8664.435791  
8669.285278  
8668.258808  
8651.18657  
8656.403893  
8633.898663  
8663.579299  
8650.938561  
8627.212337  
8649.951153  
8666.30989  
8667.359788  
8670.914523  
8629.782856  
8652.557401  
8651.53079  
8636.348558  
8651.436317  
8647.38332  
8664.485333  
8670.179772  
8642.374014  
8656.432044  
8650.09621  
8659.922373  
8653.064519  
8680.122981  
8634.345891  
8657.602182  
8633.738441  
8629.829956  
8631.526931  
8635.24862  
8629.731539  
8635.880136  
8657.460618  
8686.302321  
8648.733427  
8644.865047  
8646.311993  
8655.361028  
8674.101046  
8647.357844  
8663.206008  
8662.791513  
8640.219914  
8638.521747  
8646.236863  
8656.169828  
8656.669443  
8652.4686  
8617.188401  
8644.598567  
8638.464355  
8656.011446  
8662.739108  
8663.228356  
8653.033025  
8654.452881  
8680.282189  
8647.317026  
8648.932833  
8650.301777  
8619.056828  
8669.253794  
8653.813129  
8669.434354  
8641.697012  
8664.199247  
8638.63301  
8664.505174  
8661.006498  
8619.818096  
8675.241051  
8679.483539  
8680.149668  
8665.872709  
8656.545607  
8629.370709  
8650.94812  
8637.180044  
8608.100032  
8619.588182  
8628.168213  
8637.630033  
8649.301063  
8636.784358  
8640.1384  
8625.025231  
8653.155245  
8649.675049  
8647.477163  
8642.812218  
8614.039964  
8638.832801  
8700.389695  
8692.857685  
8695.610201  
8680.67257  
8667.479295  
8681.008892  
8690.554509  
8665.082632  
8655.940749  
8648.577759  
8669.197688  
8680.987492  
8669.146916  
8660.357074  
8652.231333  
8668.838548  
8672.774292  
8655.519081  
8661.793786  
8651.96229  
8667.968844  
8677.147752  
8646.605995  
8655.494629  
8635.924448  
8667.192204  
8670.409208  
8663.422598  
8654.634634  
8662.893123  
8632.850915  
8636.728112  
8641.397029  
8624.511137  
8612.476243  
8652.976656  
8644.213454  
8628.037044  
8642.234891  
8664.355027  
8662.539156  
8658.298509  
8660.945388  
8661.376615  
8657.962196  
8677.688946  
8652.795805  
8648.317965  
8652.494225  
8637.271419  
8656.713839  
8624.477239  
8652.335233  
8661.181077  
8629.37607  
8617.718891  
8625.427143  
8638.295579  
8621.368699  
8626.842971  
8647.684486  
8653.244911  
8656.655705  
8659.173011  
8647.677669  
8665.093853  
8670.097853  
8663.636174  
8649.691002  
8651.424091  
8670.141695  
8671.638493  
8676.601732  
8640.111732  
8656.211407  
8643.843872  
8615.455041  
8632.366671  
8648.986629  
8673.51785  
8696.753014  
8688.960243  
8681.72413  
8667.564754  
8680.483774  
8659.679237  
8658.688599  
8637.231755  
8649.153536  
8676.156288  
8670.210768  
8625.928617  
8663.554256  
8661.429631  
8690.714271  
8702.88731  
8661.191528  
8635.813101  
8624.520564  
8623.039156  
8660.544612  
8660.942899  
8651.214731  
8640.292152  
8627.807974  
8630.681678  
8674.156597  
8677.989108  
8653.231032  
8643.044002  
8650.580473  
8656.142156  
8652.986676  
8649.432758  
8642.15148  
8633.952712  
8633.273043  
8644.326848  
8668.418297  
8626.833365  
8652.801748  
8654.967041  
8610.139263  
8640.581975  
8610.157781  
8646.416269  
8632.36591  
8627.850962  
8645.84298  
8641.944627  
8652.298603  
8607.983042  
8634.925434  
8632.590501  
8667.57897  
8681.477023  
8675.379103  
8656.579712  
8657.964806  
8656.988347  
8630.77941  
8656.060284  
8645.483596  
8680.935115  
8657.17056  
8645.507324  
8639.452101  
8649.061279  
8670.888484  
8635.32559  
8649.973961  
8679.511362  
8664.852323  
8670.472609  
8668.940411  
8652.391423  
8683.300396  
8667.979708  
8661.933753  
8673.313739  
8676.85561  
8688.24354  
8668.616633  
8696.816491  
8685.24  
8703.537579  
8701.497662  
8705.015634  
8665.360229  
8683.361657  
8663.163105  
8654.915471  
8678.67872  
8646.994366  
8645.947716  
8648.866502  
8645.841872  
8644.122568  
8652.802312  
8647.532687  
8662.183829  
8664.048866  
8682.408325  
8660.929321  
8646.481699  
8668.369028  
8678.429425  
8673.06497  
8641.355797  
8648.546884  
8643.688176  
8649.870615  
8662.367216  
8666.766545  
8673.847553  
8670.17057  
8663.106577  
8648.037767  
8666.075533  
8638.86792  
8660.74985  
8666.316716  
8630.937134  
8652.918861  
8642.843459  
8646.985126  
8639.873854  
8629.485953  
8625.758648  
8646.787776  
8642.805007  
8678.576087  
8655.823064  
8647.028649  
8655.859732  
8657.85422  
8654.809411  
8669.486375  
8658.866765  
8669.839271  
8671.054697  
8666.176946  
8647.783907  
8633.091985  
8660.229746  
8674.038959  
8647.450374  
8638.835731  
8608.754517  
8624.703585  
8621.186467  
8627.756723  
8626.52294  
8647.938955  
8613.272376  
8637.225332  
8639.285861  
8665.945791  
8637.042959  
8648.813373  
8622.200477  
8616.287739  
8671.136738  
8652.973511  
8668.263456  
8675.101253  
8644.37915  
8659.440571  
8631.698073  
8642.434645  
8662.761897  
8651.854013  
8656.665865  
8654.963529  
8667.688749  
8668.129179  
8671.313326  
8647.138212  
8632.005503  
8642.758629  
8640.394841  
8673.999305  
8632.935077  
8640.610023  
8636.72475  
8654.43765  
8653.404522  
8630.388587  
8652.889132  
8679.995897  
8658.542687  
8640.373883  
8634.850877  
8654.163631  
8655.620784  
8663.506329  
8653.535701  
8612.486122  
8628.721257  
8612.199378  
8629.28232  
8634.743418  
8667.485793  
8630.595957  
8639.813683  
8633.382465  
8644.924429  
8676.079674  
8676.508827  
8651.179087  
8638.356201  
8656.312819  
8682.845403  
8675.444477  
8678.859553  
8648.763634  
8659.972882  
8666.649668  
8640.645883  
8642.626906  
8644.876549  
8658.261155  
8684.55758  
8673.456073  
8647.01848  
8610.205914  
8641.009512  
8631.263118  
8644.091938  
8635.480365  
8634.311711  
8636.453454  
8664.579336  
8649.049946  
8691.287034  
8645.486328  
8649.14917  
8654.463238  
8648.168335  
8663.084585  
8643.914663  
8660.290152  
8642.879301  
8656.531513  
8638.898081  
8662.64639  
8655.252075  
8640.177885  
8661.79833  
8656.701059  
8648.031372  
8668.123047  
8645.146926  
8640.1798  
8637.700411  
8687.812162  
8641.127526  
8663.479398  
8631.048631  
8691.675208  
8659.565373  
8667.907227  
8659.455904  
8649.858398  
8650.046913  
8655.083083  
8664.604032  
8667.970431  
8639.438843  
8636.537053  
