11343.85652  
11254.76542  
11150.03705  
11126.47632  
11068.01436  
11046.07301  
11024.67078  
11022.0766  
11043.73084  
11024.67823  
11001.42157  
11017.18234  
11048.08884  
11052.14319  
11061.3636  
11081.93028  
11081.19311  
11078.52377  
11041.13083  
11083.39774  
11053.71548  
11085.81719  
11076.246  
11070.22849  
11061.91045  
11059.15529  
11027.1893  
11001.5747  
11034.3322  
11048.20505  
11053.36295  
11061.34258  
11095.01751  
11079.21738  
11079.95154  
11098.32885  
11099.85946  
11093.75266  
11118.02732  
11129.93462  
11131.23591  
11120.42527  
11115.65671  
11114.5823  
11122.03981  
11111.34933  
11114.15923  
11100.23807  
11068.78169  
11073.7343  
11073.99133  
11062.28358  
11061.1027  
11049.31495  
11060.38998  
11055.05796  
11071.97745  
11063.23133  
11091.67176  
11111.48795  
11092.07611  
11067.66409  
11041.42593  
11051.6629  
11083.17962  
11052.66093  
11053.82559  
11059.07941  
11046.56656  
11037.36129  
11033.14836  
11013.36516  
11026.20659  
11044.7569  
11072.02797  
11068.8236  
11111.71028  
11084.85393  
11085.30683  
11081.20305  
11077.50213  
11118.16144  
11118.76672  
11118.54294  
11147.4227  
11145.71449  
11115.16675  
11128.49475  
11116.71966  
11084.69161  
11107.95942  
11063.06402  
11069.7312  
11082.61143  
11070.62042  
11072.89385  
11088.22588  
11092.45715  
11090.45324  
11126.96886  
11081.29148  
11098.76686  
11106.46279  
11106.25841  
11091.90413  
11096.1062  
11111.40908  
11102.17006  
11063.7464  
11075.31601  
11072.51786  
11072.4992  
11092.33473  
11083.83065  
11113.88271  
11095.10549  
11037.64448  
11054.21465  
11101.43041  
11069.40886  
11101.74302  
11096.29308  
11069.35363  
11044.78966  
11048.15761  
11084.41551  
11077.2968  
11085.56904  
11085.17215  
11098.25798  
11045.29308  
11076.82002  
11054.36753  
11060.39452  
11045.99343  
11035.25113  
11051.54861  
11019.92914  
11030.68283  
11047.07617  
11048.57389  
11039.67271  
11044.13228  
11060.67855  
11065.85123  
11069.49139  
11079.70501  
11076.3825  
11096.83429  
11068.5019  
11083.84348  
11109.07972  
11117.86313  
11126.61725  
11119.44957  
11117.81769  
11091.39349  
11078.7641  
11088.11395  
11097.49395  
11076.47504  
11075.6129  
11086.83477  
11062.289  
11034.34035  
11068.5262  
11083.18789  
11092.87506  
11090.98194  
11121.47793  
11126.85443  
11118.66665  
11111.29417  
11146.63573  
11152.55423  
11145.26376  
11154.03819  
11140.93817  
11112.12782  
11129.39032  
11045.56633  
11019.76546  
11020.71488  
11009.66778  
11031.78119  
11040.15  
11046.83421  
11045.04627  
11090.92351  
11086.11204  
11107.06608  
11123.88244  
11149.07587  
11146.05786  
11155.15414  
11150.55585  
11166.81468  
11141.79463  
11154.25407  
11131.96629  
11135.11553  
11117.10037  
11147.0292  
11140.69369  
11101.30391  
11114.99327  
11096.64912  
11118.63508  
11094.66458  
11134.02402  
11122.15877  
11128.51783  
11096.0963  
11060.94369  
11011.20593  
10988.67308  
11031.80974  
11012.23425  
11021.01415  
11065.2405  
11057.459  
11037.80072  
11060.834  
11069.9847  
11063.49256  
11039.67413  
11057.21524  
11015.59785  
11046.65955  
11074.06091  
11107.24802  
11087.00791  
11090.371  
11116.99344  
11123.35834  
11139.82939  
11127.66139  
11161.12426  
11119.52159  
11093.55048  
11084.48106  
11054.66718  
11056.4401  
11062.80229  
11027.96723  
11047.32677  
11048.48048  
11065.71306  
11084.21398  
11096.93312  
11078.18751  
11050.50809  
10995.29459  
10985.14012  
10992.82877  
11013.03958  
11028.46029  
11034.19138  
11019.81289  
11002.81696  
11022.04499  
11033.48384  
11061.74602  
11097.06079  
11094.43914  
11105.93486  
11051.53741  
11083.58775  
11095.37122  
11091.03339  
11109.8622  
11107.1873  
11154.93982  
11144.11314  
11134.29686  
11095.19718  
11111.74906  
11135.86095  
11111.70912  
11136.25105  
11100.94132  
11077.19354  
11100.13919  
11082.39939  
11091.99259  
11079.09298  
11106.46184  
11110.60443  
11131.15303  
11111.49077  
11144.91659  
11127.46226  
11105.01407  
11142.32849  
11123.67578  
11095.95608  
11076.20399  
11036.59011  
11025.60393  
11031.67134  
11028.62373  
11076.07017  
11052.27186  
11045.15302  
11060.5287  
11073.88886  
11082.27774  
11110.17771  
11129.61762  
11126.23238  
11109.50207  
11073.72158  
11074.38905  
11053.53082  
11070.57423  
11063.26252  
11037.74472  
11069.37245  
11057.52184  
11044.47661  
11046.8107  
11062.47829  
11042.54603  
11035.11607  
10994.08804  
10987.7891  
11017.1848  
11051.57724  
11042.36362  
11070.73922  
11073.86706  
11097.62401  
11138.57465  
11119.56206  
11103.07573  
11119.64018  
11116.66231  
11132.48996  
11169.01065  
11151.3922  
11152.05711  
11116.79043  
11123.56669  
11102.87579  
11097.67525  
11130.2373  
11146.80196  
11120.40196  
11168.38502  
11128.01743  
11081.39685  
11079.79506  
11011.08001  
11055.42228  
11079.42574  
11092.55729  
11078.49425  
11089.09816  
11084.12038  
11005.07115  
10957.73383  
11022.19252  
11014.22006  
10999.28992  
11018.24324  
11032.93717  
11050.37653  
11073.76159  
11082.90465  
11120.39013  
11093.37579  
11119.4521  
11130.72663  
11102.29495  
11105.08213  
11081.90223  
11076.28519  
11053.53706  
11074.85095  
11091.35272  
11094.53242  
11045.55968  
11067.29488  
11075.51876  
11046.05725  
11074.72124  
11088.80551  
11082.97283  
11069.51448  
11082.40199  
11078.45638  
11064.57755  
11067.71824  
11061.86456  
11096.78313  
11084.12893  
11107.79793  
11135.23101  
11119.60366  
11132.71091  
11133.68571  
11062.00257  
11102.18297  
11112.87882  
11069.46571  
11113.70069  
11128.14741  
11105.2552  
11101.94072  
11100.54578  
11131.04846  
11119.08641  
11127.05885  
11123.74519  
11112.75828  
11115.18475  
11109.14992  
11130.8602  
11110.26124  
11105.02557  
11064.74069  
11023.97717  
10968.3921  
10972.87166  
10936.6935  
10974.55806  
10993.07308  
10971.8626  
10990.96487  
11019.01064  
10992.30117  
11012.5947  
11029.78773  
11046.50068  
11082.63394  
11110.13179  
11064.6519  
11088.74784  
11085.78669  
11076.61658  
11104.70754  
11128.93652  
11133.724  
11122.61847  
11099.22039  
11083.38678  
11056.57658  
11079.28856  
11072.14141  
11038.04415  
11029.6826  
11021.36579  
11027.21437  
10994.89283  
11042.30377  
11056.59709  
11063.51566  
11073.53069  
11099.94677  
11070.77486  
11064.05067  
11072.71454  
11074.67625  
11099.37962  
11107.33722  
11118.12094  
11088.96919  
11112.10108  
11091.83539  
11139.69719  
11133.73936  
11113.44191  
11124.26579  
11092.29875  
11132.55617  
11092.46519  
11069.39409  
11026.77928  
11062.84976  
11065.10924  
11061.12283  
11061.01328  
11058.17316  
11049.14759  
11050.71947  
11085.06511  
11060.28866  
11039.58911  
11029.93558  
11023.8582  
11016.21181  
11042.23355  
11037.57735  
11060.02321  
11055.14092  
11081.31874  
11110.84367  
11101.61281  
11108.1067  
11141.77268  
11116.87297  
11071.87653  
11086.09648  
11114.0166  
11081.57201  
11052.56537  
11090.48205  
11072.74379  
11050.56108  
11062.76081  
11093.23473  
11094.85459  
11081.42343  
11076.72432  
11113.17657  
11120.01018  
11082.24532  
11082.7933  
11095.35152  
11077.91973  
11096.19706  
11122.09395  
11143.90241  
11104.84898  
11149.15522  
11159.1781  
11104.748  
11077.36841  
11098.51726  
11093.30154  
11077.83349  
11107.95514  
11111.60009  
11094.18118  
11046.48285  
11042.75171  
11013.00599  
11005.73528  
11025.10079  
11033.57545  
11035.68456  
11028.62227  
11053.159  
11064.11688  
11070.6408  
11070.78102  
11080.32892  
11114.58646  
11148.30607  
11116.0201  
11167.93674  
11087.3132  
11049.41856  
11016.80648  
11046.37582  
11071.40529  
11042.51749  
11040.13187  
11064.88184  
11063.81462  
11074.37924  
11041.20912  
11110.51367  
11137.31641  
11125.44661  
11096.82788  
11158.72583  
11139.61513  
11130.17062  
11149.0133  
11095.79051  
11050.8805  
11078.83051  
11052.86881  
11054.05124  
11091.53285  
11052.56322  
11032.05267  
11055.4402  
11092.01516  
11017.8953  
11046.67891  
11033.61976  
11004.37434  
11006.0696  
11055.12047  
11043.84475  
11036.31759  
11033.13285  
11095.60936  
11107.03629  
11113.8912  
11098.09048  
11091.21761  
11130.20008  
11111.57709  
11107.86135  
11157.12402  
11157.32734  
11111.88392  
11124.85856  
11144.41678  
11130.41519  
11055.77043  
11141.61698  
11142.8774  
11105.37382  
11112.1034  
11119.64971  
11152.52795  
11131.92702  
11086.65497  
11071.08579  
11125.60812  
11126.67251  
11077.28843  
11070.1127  
11044.2627  
11071.60442  
11055.1547  
11056.87883  
11080.36129  
11075.14822  
11047.14312  
10988.72635  
10984.81691  
10976.16164  
10934.23254  
10953.92086  
10926.33934  
10950.634  
10948.77542  
10996.32129  
11027.12248  
11002.69789  
11039.01338  
11033.90841  
11050.71146  
11113.66255  
11098.43694  
11094.72507  
11121.21912  
11167.73687  
11128.60367  
11120.60396  
11178.98847  
11164.08352  
11129.39073  
11192.42366  
11164.90369  
11123.20103  
11184.26721  
11132.45036  
11113.7709  
11150.41368  
11176.64316  
11144.50747  
11122.30313  
11139.72593  
11120.96384  
11132.57461  
11162.14962  
11109.76873  
11079.5648  
11098.87853  
11076.49675  
11019.44624  
10996.23651  
11009.92762  
11007.01063  
10962.1047  
10993.38389  
11005.72463  
11014.16727  
10996.99701  
11009.7905  
11055.13588  
11043.82691  
10976.39829  
10999.60605  
10996.75482  
10960.26779  
10942.86927  
10964.92208  
10969.98708  
10971.71945  
10992.49918  
10950.26029  
10950.8601  
11002.4841  
11025.22362  
11076.54715  
11093.7239  
11060.72159  
11107.04119  
11143.18557  
11138.96916  
11120.58013  
11128.38491  
11118.55835  
11094.9048  
11092.04902  
11068.96018  
11103.12878  
11133.89972  
11121.36238  
11137.81708  
11171.3489  
11166.28396  
11126.79836  
11119.36417  
11151.63426  
11128.2473  
11132.46453  
11108.88997  
11174.32643  
11147.37544  
11146.49384  
11167.54055  
11138.90342  
11059.63137  
11078.78292  
11108.78684  
11067.08093  
11059.24451  
11074.92522  
11111.4783  
11100.48842  
11095.40206  
11085.87988  
11101.7638  
11130.89728  
11094.07786  
11101.63502  
11096.86805  
11139.78873  
11127.40151  
11142.15428  
11154.90664  
11103.05292  
11139.73061  
11131.15641  
11110.26253  
11085.72942  
11080.81855  
11027.96587  
11045.68876  
11079.84078  
11084.0737  
11074.20158  
11084.86249  
11038.35251  
11069.1265  
11100.53494  
11055.02756  
11026.57884  
11075.04127  
11034.89046  
11029.12744  
11036.92346  
11051.45198  
11040.02293  
11038.20209  
11039.34232  
11029.95826  
11048.95361  
11058.97149  
11055.94375  
11033.12585  
11016.64948  
11087.17658  
11068.6284  
11059.61166  
11042.98706  
11149.28016  
11111.23284  
11105.72687  
11155.81223  
11150.14182  
