11290.17418  
11203.37408  
11224.47973  
11223.92276  
11258.63509  
11290.91085  
11303.00679  
11284.92116  
11328.9665  
11312.58499  
11314.53061  
11318.67461  
11327.82756  
11383.10084  
11342.22013  
11353.38139  
11366.61118  
11370.5748  
11356.2211  
11393.04045  
11387.77834  
11368.70202  
11389.54619  
11418.90936  
11375.13052  
11363.9727  
11379.24907  
11384.33694  
11332.19999  
11366.4118  
11358.60242  
11330.24788  
11340.15476  
11322.74049  
11287.8051  
11310.00549  
11310.4283  
11298.07193  
11361.64968  
11343.64452  
11331.14342  
11355.03903  
11358.54171  
11311.69866  
11356.94525  
11349.72301  
11344.64169  
11343.1253  
11322.11211  
11301.99962  
11297.66196  
11297.44944  
11260.67696  
11282.6904  
11280.59743  
11320.15109  
11305.70298  
11341.30651  
11330.35001  
11325.03156  
11340.14825  
11318.7857  
11279.91733  
11297.6577  
11264.99124  
11277.18565  
11316.57675  
11294.17296  
11300.22812  
11303.54387  
11299.65095  
11329.99744  
11344.47887  
11318.84514  
11316.83823  
11327.13428  
11320.1079  
11363.51156  
11407.39347  
11339.20274  
11354.51765  
11348.45759  
11352.57709  
11349.08049  
11305.9347  
11194.47374  
11251.50661  
11323.33921  
11318.67952  
11342.15974  
11358.14813  
11349.741  
11316.04436  
11308.14484  
11301.9316  
11323.43676  
11324.58616  
11310.52338  
11338.1371  
11333.86046  
11333.1835  
11334.72712  
11309.40603  
11312.16448  
11317.59363  
11324.89638  
11320.03485  
11312.63613  
11378.11608  
11353.2591  
11342.89455  
11330.43457  
11319.06025  
11322.01724  
11318.4126  
11350.39941  
11344.78712  
11340.6511  
11315.67461  
11341.32349  
11324.50842  
11319.78817  
11343.01375  
11388.44642  
11390.10013  
11365.97678  
11353.53007  
11380.23427  
11346.88224  
11370.06698  
11338.09226  
11310.80392  
11314.37166  
11276.49515  
11279.62645  
11283.91418  
11333.93402  
11321.16556  
11349.4805  
11373.73982  
11342.25772  
11327.50364  
11343.95721  
11347.52897  
11348.68316  
11329.77126  
11333.1982  
11375.02517  
11375.65523  
11352.92137  
11326.29775  
11380.01207  
11337.51814  
11312.33899  
11250.93608  
11227.79266  
11224.277  
11218.92984  
11219.54517  
11260.33055  
11298.14484  
11289.06963  
11293.1155  
11285.67167  
11309.37891  
11301.00089  
11283.54804  
11283.7251  
11297.47246  
11290.93055  
11317.05756  
11323.38296  
11338.87391  
11346.51028  
11331.42998  
11321.51619  
11311.51415  
11314.06837  
11344.55997  
11364.49527  
11398.5961  
11376.75453  
11350.78739  
11343.35254  
11338.29477  
11342.74926  
11323.0289  
11331.11671  
11320.76113  
11333.72538  
11320.19975  
11264.21433  
11269.70727  
11255.70351  
11246.03211  
11262.26259  
11307.31988  
11322.8365  
11343.64314  
11356.90773  
11322.66178  
11344.60742  
11365.08388  
11359.17278  
11353.49386  
11395.89098  
11381.77199  
11361.18941  
11392.03752  
11378.1704  
11350.46832  
11335.64721  
11331.15363  
11362.56827  
11359.42596  
11307.65773  
11258.88065  
11203.49154  
11174.04608  
11174.74099  
11179.28016  
11200.7058  
11221.04269  
11240.3323  
11255.66585  
11282.72097  
11301.76051  
11273.69083  
11263.1076  
11302.30245  
11310.09086  
11300.67074  
11291.0092  
11320.53004  
11334.53467  
11303.71564  
11298.58054  
11319.81965  
11317.30418  
11320.06072  
11354.71906  
11359.34411  
11367.63974  
11365.22118  
11413.61478  
11410.70776  
11413.65007  
11402.14015  
11377.72712  
11345.04366  
11357.58443  
11334.53109  
11326.38497  
11326.94219  
11339.31476  
11328.26181  
11306.95676  
11338.20426  
11355.04801  
11362.05415  
11406.5916  
11383.65816  
11388.21971  
11396.95583  
11386.78165  
11402.4893  
11390.58336  
11376.97218  
11331.42886  
11325.00022  
11342.58973  
11337.57667  
11322.26389  
11312.87843  
11316.6494  
11303.30108  
11338.1701  
11336.22491  
11307.02279  
11336.05396  
11327.29806  
11348.30822  
11369.55339  
11360.6673  
11345.41613  
11373.95391  
11368.53146  
11350.04905  
11389.81645  
11396.66255  
11364.89727  
11348.35266  
11337.9739  
11327.5823  
11268.57412  
11165.25155  
11265.35886  
11336.8654  
11350.12564  
11315.8468  
11267.9902  
11254.90532  
11262.88679  
11278.92955  
11290.88153  
11312.29372  
11334.24658  
11331.33159  
11302.67106  
11274.17559  
11248.98452  
11204.82262  
11193.17633  
11212.37052  
11218.69203  
11197.31018  
11245.22847  
11271.13761  
11314.39172  
11339.78382  
11365.41461  
11347.20369  
11335.91846  
11379.44925  
11372.59545  
11368.57667  
11395.51264  
11365.67219  
11356.72436  
11346.33085  
11337.03032  
11306.86128  
11316.87186  
11323.26117  
11334.61075  
11305.55137  
11348.42257  
11345.40989  
11315.82022  
11355.44935  
11355.0907  
11327.1516  
11360.51906  
11379.27514  
11394.22427  
11357.35017  
11378.32116  
11341.59095  
11324.06587  
11305.95108  
11273.18778  
11264.27549  
11281.90545  
11293.79508  
11273.80368  
11338.80666  
11338.79662  
11360.44155  
11376.81792  
11321.15832  
11309.72695  
11325.90564  
11303.19133  
11296.19579  
11311.86361  
11358.12774  
11330.93639  
11319.07161  
11302.54639  
11297.60189  
11269.76194  
11293.41124  
11303.35727  
11289.54686  
11327.08688  
11345.58292  
11352.17358  
11360.86275  
11363.25854  
11353.2625  
11351.5178  
11342.32301  
11341.84126  
11367.63792  
11339.73636  
11346.25395  
11384.38327  
11370.63185  
11354.22129  
11375.95429  
11383.62885  
11376.68701  
11394.25108  
11371.81818  
11368.72289  
11381.07564  
11347.55427  
11331.91653  
11344.74785  
11330.56377  
11324.71982  
11347.2712  
11333.58508  
11319.73109  
11349.45113  
11326.9333  
11330.89773  
11340.53332  
11299.48958  
11338.40763  
11320.5629  
11314.2925  
11310.0252  
11308.27573  
11305.45241  
11324.45489  
11341.6464  
11311.29047  
11313.349  
11304.50664  
11297.39622  
11325.73466  
11329.90523  
11321.12438  
11345.12148  
11352.25197  
11341.05757  
11348.18284  
11375.50971  
11357.44667  
11346.86812  
11311.28644  
11309.31207  
11319.20407  
11318.35955  
11305.27601  
11337.71177  
11320.97008  
11321.00173  
11349.94626  
11312.2296  
11335.72146  
11361.02947  
11352.44089  
11348.22439  
11341.45052  
11331.37064  
11351.91963  
11353.89859  
11325.04346  
11336.93553  
11318.55401  
11305.02749  
11335.78011  
11320.01265  
11335.3801  
11323.46072  
11344.60893  
11364.47815  
11336.6319  
11331.47331  
11314.32  
11294.90919  
11289.28655  
11267.58894  
11297.59671  
11352.68248  
11339.86489  
11328.73785  
11321.08634  
11311.15875  
11332.11768  
11351.43624  
11332.65743  
11354.49019  
11341.41156  
11318.69059  
11358.98955  
11368.22806  
11330.92081  
11330.16449  
11356.56966  
11335.85893  
11335.3718  
11308.41877  
11291.05177  
11283.77279  
11247.86951  
11230.24731  
11265.47277  
11288.20018  
11305.98332  
11332.03129  
11306.09351  
11302.9445  
11300.44465  
11294.89068  
11318.80239  
11333.63053  
11327.65257  
11288.42603  
11218.83304  
11197.92389  
11186.34826  
11178.37155  
11165.66427  
11179.87336  
11191.37385  
11229.65989  
11288.43016  
11308.90422  
11303.57992  
11338.95674  
11316.62892  
11306.74057  
11361.91078  
11360.88968  
11377.26589  
11388.06444  
11381.5542  
11332.97652  
11322.69638  
11358.63815  
11329.21572  
11306.02443  
11339.88593  
11331.31352  
11322.34384  
11364.96206  
11354.86077  
11348.1152  
11402.34115  
11356.30959  
11356.08228  
11360.10153  
11330.89601  
11319.82783  
11331.44512  
11321.48893  
11328.51102  
11390.26978  
11387.7023  
11383.96123  
11397.25894  
11392.15771  
11375.71228  
11381.66087  
11380.87124  
11351.12102  
11371.3029  
11364.15033  
11351.84342  
11330.3447  
11321.81812  
11308.85548  
11323.0351  
11333.72967  
11338.1313  
11351.6371  
11361.37979  
11352.32086  
11355.16745  
11379.53662  
11372.15373  
11371.16866  
11390.33549  
11353.94608  
11296.5053  
11277.86133  
11272.50096  
11280.26413  
11314.95478  
11316.15461  
11306.87735  
11311.31681  
11299.84958  
11302.70802  
11337.97618  
11368.98736  
11370.22391  
11380.99052  
11378.73504  
11346.93497  
11316.44386  
11325.26083  
11313.00183  
11301.72785  
11296.54958  
11271.28581  
11276.12718  
11288.0721  
11299.02637  
11291.22918  
11317.37087  
11326.59736  
11304.50667  
11316.02326  
11329.84007  
11333.32216  
11337.48506  
11350.07992  
11301.55864  
11305.37393  
11285.71598  
11318.82484  
11378.6628  
11357.16368  
11314.63863  
11292.17568  
11262.66979  
11239.16812  
11224.65727  
11228.45721  
11261.49719  
11290.855  
11284.08213  
11269.17022  
11270.43493  
11244.6631  
11242.84804  
11273.03116  
11278.53721  
11279.03832  
11323.9372  
11315.0069  
11315.19525  
11335.00914  
11346.82016  
11356.9351  
11371.99956  
11407.83973  
11382.019  
11364.19197  
11375.90536  
11376.74396  
11336.11942  
11303.25388  
11344.66375  
11332.86802  
11327.56078  
11352.62737  
11375.64761  
11376.46527  
11390.67889  
11380.39543  
11338.94698  
11356.25398  
11368.54871  
11362.77976  
11363.9056  
11370.90817  
11345.72791  
11378.40391  
11352.02797  
11317.93038  
11333.78152  
11305.83246  
11335.70967  
11360.22678  
11374.88275  
11377.69829  
11395.14622  
11395.90107  
11393.38074  
11395.73443  
11350.10131  
11335.03853  
11353.23423  
11325.37371  
11307.52435  
11335.0783  
11354.75835  
11352.0231  
11378.23674  
11361.24442  
11325.26514  
11350.97613  
11320.8394  
11310.52351  
11338.91097  
11330.03215  
11326.75293  
11344.10858  
11308.63164  
11287.67662  
11317.78226  
11288.68102  
11319.11362  
11336.82653  
11308.83286  
11317.96768  
11339.31678  
11323.91969  
11323.57774  
11322.07432  
11320.90804  
11293.99373  
11317.46357  
11327.45169  
11336.93142  
11359.36766  
11341.11546  
11339.32993  
11371.64671  
11360.4747  
11332.34422  
11333.50053  
11341.43001  
11311.77804  
11310.39403  
11311.58397  
11302.85258  
11263.69737  
11197.52669  
11271.95113  
