11484.66137  
11417.61561  
11448.91141  
11448.64793  
11500.52218  
11515.87637  
11519.42801  
11525.58429  
11492.36895  
11496.28274  
11491.10524  
11484.11149  
11504.38442  
11438.24977  
11483.57075  
11432.28695  
11425.7679  
11431.48024  
11435.46859  
11413.20336  
11410.635  
11412.9684  
11376.01181  
11416.64135  
11407.13109  
11395.32736  
11410.37949  
11462.46475  
11435.91213  
11425.1011  
11435.39428  
11403.1978  
11410.71584  
11424.72877  
11410.47703  
11435.77618  
11454.27534  
11465.66627  
11454.29246  
11447.06471  
11448.59931  
11436.77125  
11418.75198  
11461.74312  
11484.93943  
11577.01788  
11535.13742  
11511.40225  
11512.65016  
11462.37384  
11415.24147  
11436.37551  
11417.2596  
11407.9082  
11458.44096  
11463.751  
11484.1612  
11474.04329  
11465.63895  
11458.08278  
11446.04411  
11464.7394  
11423.89086  
11430.24742  
11433.46642  
11449.31868  
11474.02786  
11471.26935  
11453.85833  
11484.21203  
11470.54762  
11471.0791  
11500.13502  
11476.23763  
11503.02541  
11469.76911  
11439.81848  
11446.90293  
11469.46935  
11429.86326  
11475.62856  
11474.36686  
11464.52118  
11497.68399  
11485.06027  
11491.78376  
11500.7383  
11509.78504  
11511.25756  
11480.58036  
11487.26135  
11487.60719  
11523.05678  
11481.4146  
11494.04976  
11498.95847  
11440.13677  
11418.35554  
11423.05339  
11417.63249  
11427.89741  
11443.06843  
11423.17566  
11446.43906  
11472.00542  
11429.0937  
11470.13942  
11465.3305  
11480.02985  
11493.24312  
11482.39716  
11469.51193  
11471.59684  
11465.6972  
11428.92822  
11491.62177  
11506.38904  
11465.81057  
11473.06585  
11478.26088  
11483.84694  
11465.49456  
11467.24061  
11437.33805  
11486.83294  
11551.15785  
11466.21866  
11451.56064  
11489.45964  
11472.51711  
11432.28116  
11416.35991  
11427.97554  
11397.98726  
11442.06752  
11426.93452  
11450.32622  
11452.69666  
11425.08468  
11424.58415  
11443.72024  
11430.95459  
11455.46898  
11503.82722  
11494.28476  
11501.62228  
11483.8507  
11445.84842  
11432.27093  
11446.82901  
11442.38477  
11469.18652  
11455.12777  
11457.98798  
11450.76207  
11443.20624  
11432.31383  
11429.24388  
11430.61382  
11445.97984  
11478.07961  
11450.05487  
11439.5978  
11446.91588  
11411.04381  
11452.59301  
11443.13239  
11436.2111  
11518.53783  
11479.1306  
11496.24168  
11494.87981  
11460.44771  
11460.4974  
11427.91922  
11412.98833  
11430.25786  
11414.56564  
11469.56887  
11475.32157  
11469.59942  
11478.09103  
11503.07208  
11460.62144  
11467.33843  
11468.78362  
11481.68771  
11508.52093  
11502.36435  
11475.62065  
11479.57282  
11480.28799  
11437.51781  
11445.66181  
11471.13281  
11485.21484  
11496.23591  
11477.05257  
11449.0585  
11436.40297  
11429.66818  
11419.94382  
11431.22989  
11435.39714  
11469.77502  
11507.92487  
11468.49086  
11435.61968  
11446.30301  
11444.12014  
11427.50167  
11445.34738  
11444.2809  
11429.78258  
11456.10484  
11493.80315  
11438.39953  
11439.57826  
11409.12384  
11382.83761  
11387.13484  
11397.58933  
11415.854  
11415.32908  
11417.36712  
11449.61207  
11449.18231  
11408.23254  
11432.94643  
11408.64135  
11419.0848  
11410.75081  
11423.25074  
11422.76814  
11420.39423  
11422.59707  
11384.47624  
11365.57631  
11366.90751  
11382.24091  
11404.96545  
11418.95659  
11424.61165  
11482.16813  
11490.94561  
11464.23072  
11468.99674  
11465.68469  
11450.29962  
11475.49228  
11490.36805  
11476.42599  
11493.69494  
11480.91534  
11462.24316  
11475.11105  
11468.10277  
11469.55562  
11461.11888  
11482.44413  
11516.29081  
11459.93978  
11483.34426  
11486.63139  
11479.13728  
11460.86314  
11474.11337  
11484.88439  
11464.17611  
11485.05694  
11518.63856  
11497.92999  
11476.22633  
11500.90293  
11466.50746  
11462.52044  
11458.46064  
11472.11017  
11476.85266  
11497.23214  
11504.2556  
11489.34747  
11516.69082  
11460.33622  
11468.88388  
11479.13444  
11459.93541  
11478.91453  
11479.88337  
11474.35042  
11484.16585  
11489.80641  
11468.77123  
11480.96566  
11452.51523  
11444.39355  
11473.57547  
11446.80422  
11476.49586  
11453.56503  
11486.09833  
11451.77188  
11451.93157  
11477.40032  
11413.19764  
11465.97145  
11439.89474  
11436.67918  
11411.88416  
11408.98805  
11374.05794  
11388.48133  
11395.4545  
11411.87693  
11454.73944  
11489.57547  
11471.39865  
11500.81492  
11506.57343  
11516.35328  
11445.68524  
11490.00577  
11482.49612  
11458.97875  
11454.10984  
11443.43069  
11423.0538  
11462.35877  
11464.66309  
11440.62991  
11495.95354  
11490.34894  
11476.46863  
11463.43685  
11446.88939  
11396.91425  
11424.91192  
11470.11623  
11460.38732  
11469.13035  
11461.29655  
11467.46073  
11470.75893  
11493.48754  
11470.49802  
11488.90883  
11504.81166  
11479.30134  
11501.09905  
11486.79655  
11449.07826  
11453.56894  
11446.736  
11429.99119  
11432.53711  
11465.02083  
11466.10661  
11465.01053  
11434.3205  
11429.70359  
11429.49816  
11422.27972  
11436.39437  
11451.05022  
11463.15895  
11501.60212  
11451.89672  
11436.39395  
11401.34091  
11371.85684  
11321.79962  
11346.59603  
11344.59845  
11343.55838  
11403.86823  
11435.04511  
11472.4857  
11470.0489  
11479.71391  
11473.74563  
11508.241  
11469.5692  
11507.53281  
11549.96547  
11519.80501  
11503.80897  
11491.59024  
11480.28497  
11441.02476  
11439.42471  
11450.20715  
11452.7729  
11432.17357  
11451.16785  
11399.66546  
11395.09549  
11399.28269  
11393.46412  
11442.27906  
11456.39504  
11432.87584  
11496.84091  
11453.27279  
11448.59173  
11480.25651  
11457.97387  
11425.85705  
11441.4312  
11404.51981  
11444.17506  
11450.86647  
11442.74077  
11460.44006  
11486.40527  
11472.96245  
11479.5977  
11475.49854  
11463.98875  
11468.32417  
11472.58005  
11481.61382  
11478.17408  
11478.17841  
11438.71198  
11439.93173  
11431.85152  
11420.19245  
11430.93666  
11427.19578  
11442.81159  
11461.04648  
11443.99323  
11450.33219  
11448.02983  
11466.1124  
11420.07327  
11415.65811  
11432.47454  
11429.28313  
11436.70243  
11456.743  
11469.5498  
11448.56585  
11423.49202  
11425.89674  
11399.37484  
11410.74286  
11457.34363  
11446.5023  
11470.75698  
11481.26367  
11485.86954  
11489.63056  
11504.09105  
11515.90383  
11503.05676  
11498.71815  
11481.3215  
11456.09131  
11490.87767  
11474.34082  
11475.31045  
11478.14516  
11463.84698  
11464.44208  
11423.3262  
11412.11833  
11404.46124  
11419.18955  
11476.09605  
11485.25891  
11457.17704  
11495.2064  
11491.61186  
11434.36586  
11410.71352  
11438.03097  
11417.0771  
11429.26528  
11470.1121  
11467.43406  
11482.83431  
11471.12302  
11443.95938  
11436.75577  
11428.24851  
11385.9125  
11418.91292  
11434.39881  
11430.56562  
11449.47905  
11474.751  
11441.83094  
11464.00451  
11450.98405  
11447.19243  
11429.68522  
11426.0928  
11457.4299  
11478.5744  
11488.43404  
11486.14923  
11490.40688  
11484.82906  
11431.04794  
11446.42525  
11446.72882  
11453.9637  
11461.70213  
11487.42471  
11486.28892  
11466.07334  
11459.98235  
11446.73349  
11449.45171  
11469.11137  
11505.90823  
11466.39111  
11510.0153  
11509.10921  
11472.63909  
11386.36449  
11468.54599  
11437.54997  
11448.91962  
11449.98761  
11412.31936  
11420.06701  
11398.5858  
11405.91169  
11424.90902  
11404.34996  
11410.71961  
11411.78165  
11426.70208  
11418.9881  
11404.57922  
11422.45815  
11411.09868  
11450.6144  
11436.90672  
11465.43764  
11467.47368  
11452.6748  
11425.47438  
11486.6051  
11440.0113  
11421.01865  
11444.45157  
11483.46949  
11470.7673  
11438.60056  
11432.96575  
11423.7906  
11401.72028  
11422.64065  
11453.22477  
11476.39318  
11491.28813  
11477.519  
11512.02086  
11499.80487  
11482.40583  
11482.77062  
11497.01893  
11469.20585  
11470.64204  
11513.61193  
11474.10791  
11462.84224  
11455.68764  
11477.20778  
11464.87765  
11452.52125  
11450.74863  
11483.60756  
11464.18429  
11458.38463  
11455.6942  
11476.7547  
11447.84721  
11449.80062  
11441.73179  
11477.51486  
11470.48279  
11499.29664  
11509.91992  
11452.03444  
11492.4565  
11476.16683  
11490.79574  
11442.79478  
11403.40741  
11377.52881  
11361.09319  
11361.73633  
11378.61672  
11389.16271  
11414.49674  
11392.76909  
11394.95233  
11381.54976  
11380.55122  
11392.0988  
11405.63046  
11465.2208  
11477.54671  
11480.37916  
11492.88502  
11492.11921  
11485.57522  
11477.37672  
11478.52111  
11458.1244  
11458.34831  
11448.64769  
11459.85128  
11454.4568  
11459.21873  
11480.70113  
11486.28113  
11478.85877  
11438.61089  
11424.88709  
11430.6469  
11436.22989  
11436.20843  
11448.06257  
11474.05099  
11477.70361  
11476.4405  
11511.90602  
11474.90297  
11468.14156  
11490.73621  
11516.74184  
11524.58638  
11526.13191  
11540.0206  
11543.1643  
11512.57587  
11476.30966  
11438.13972  
11443.25344  
11440.61596  
11429.67585  
11447.04894  
11472.66423  
11457.48086  
11454.08659  
11432.32852  
11405.22019  
11411.96194  
11444.45245  
11456.95096  
11485.68294  
11514.627  
11518.80785  
11516.40055  
11505.3521  
11483.07201  
11459.08301  
11452.77448  
11441.59598  
11434.30615  
11451.48389  
11474.77021  
11481.57508  
11454.24965  
11436.83705  
11457.63286  
11436.01986  
11436.3192  
11456.56406  
11450.14167  
11440.42904  
11454.892  
11477.23165  
11457.75874  
11467.82094  
11436.12686  
11422.75223  
11413.41781  
11415.43966  
11534.8388  
11437.89539  
11492.25228  
11504.71243  
11498.07615  
11484.71096  
11455.97128  
11444.02718  
11426.01649  
11411.0891  
11447.37928  
11462.48465  
11460.59791  
11472.75235  
11476.41627  
11471.26574  
11428.70994  
11428.48582  
11457.43745  
11429.4046  
11428.69922  
11431.55071  
11461.14662  
11457.35052  
11432.47961  
11418.73712  
11470.27069  
11471.26551  
11435.50786  
11446.74351  
11461.25635  
11447.19417  
11443.59445  
11487.66957  
11478.85514  
11477.69052  
11493.72382  
11514.33175  
11497.53176  
11454.03118  
11468.48086  
11462.07533  
11473.40346  
11457.99079  
11456.18329  
11455.24691  
11438.10621  
11417.49842  
11437.14056  
11439.07833  
11442.29555  
11433.61561  
11448.53348  
11466.67529  
11456.92608  
11464.5086  
11419.20464  
11486.82757  
11495.91262  
11430.15776  
11419.38279  
11425.97054  
11409.49654  
11418.0289  
11452.41399  
11477.50867  
11486.12314  
11481.03232  
11461.8621  
11454.58296  
11449.58515  
11446.70689  
11464.72447  
