9148.366723  
9111.808201  
9144.265065  
9148.613579  
9160.39552  
9156.135373  
9185.598371  
9141.751239  
9145.401248  
9166.933022  
9134.360447  
9173.479683  
9163.540789  
9171.990508  
9189.358994  
9129.063786  
9157.431498  
9166.245605  
9162.591463  
9160.767626  
9076.112007  
9157.045958  
9140.946444  
9125.17178  
9153.93376  
9143.572647  
9098.363793  
9075.367438  
9103.713343  
9108.580924  
9131.008277  
9107.117807  
9106.601944  
9078.761016  
9103.212021  
9150.96507  
9169.69355  
9125.28468  
9144.381598  
9145.614996  
9148.245832  
9165.43276  
9147.727658  
9151.595417  
9134.717428  
9147.076112  
9124.560178  
9125.207913  
9123.46669  
9133.608839  
9126.41542  
9136.935059  
9125.4695  
9126.37425  
9122.313369  
9150.311309  
9128.130312  
9103.309404  
9095.245713  
9142.863555  
9133.399998  
9162.094393  
9151.94006  
9143.06512  
9104.155905  
9154.009551  
9139.672875  
9139.957305  
9147.515125  
9118.045767  
9126.496165  
9150.382193  
9161.224836  
9154.267852  
9126.404511  
9157.389124  
9125.284561  
9138.061297  
9137.02788  
9147.679354  
9185.841416  
9175.411478  
9162.64184  
9162.985316  
9184.605945  
9168.116032  
9166.918731  
9192.718536  
9153.993188  
9183.4675  
9173.625048  
9187.691502  
9181.320408  
9153.653451  
9152.98035  
9175.872702  
9121.518686  
9152.669993  
9088.622154  
9060.387243  
9082.274545  
9116.750834  
9085.772306  
9080.930569  
9074.608017  
9111.763207  
9074.885373  
9089.67328  
9108.616723  
9106.381479  
9148.54678  
9143.070884  
9154.246451  
9161.881526  
9178.447397  
9182.415027  
9155.228004  
9190.700672  
9138.74451  
9158.195027  
9147.310011  
9107.991318  
9165.0252  
9147.43413  
9143.382658  
9151.507812  
9146.089415  
9122.456293  
9156.499333  
9176.875  
9119.724895  
9169.241437  
9107.236376  
9132.639255  
9121.250071  
9094.585973  
9123.813679  
9112.3362  
9075.409418  
9099.162562  
9107.230076  
9097.306605  
9129.579959  
9166.204995  
9121.51048  
9146.425591  
9139.538765  
9137.259408  
9131.907989  
9149.894103  
9138.152248  
9128.982422  
9128.977646  
9129.399307  
9120.718869  
9114.411657  
9151.38361  
9123.005216  
9124.148306  
9128.144257  
9130.316811  
9114.264184  
9153.795803  
9128.675245  
9163.206722  
9144.247737  
9143.954387  
9168.686238  
9186.673638  
9142.349871  
9148.410847  
9126.774938  
9111.114996  
9132.606672  
9153.571277  
9128.658894  
9164.15731  
9159.3377  
9166.311392  
9164.870534  
9182.806057  
9139.34974  
9162.588951  
9151.742104  
9143.466535  
9128.688596  
9152.57641  
9092.328125  
9133.579637  
9119.523306  
9108.839856  
9102.881169  
9126.819741  
9098.184058  
9129.826994  
9125.237471  
9141.945003  
9124.696313  
9155.843536  
9138.540551  
9151.69935  
9138.266661  
9136.962617  
9132.933082  
9150.753918  
9117.686797  
9177.506991  
9149.968857  
9137.993617  
9145.391506  
9146.941942  
9142.205269  
9141.05782  
9150.700207  
9143.653535  
9142.740723  
9153.190275  
9141.688477  
9151.728599  
9154.875024  
9163.975896  
9162.947682  
9148.69461  
9162.038836  
9107.91255  
9139.883348  
9159.9254  
9129.509003  
9140.733291  
9144.389684  
9141.761957  
9136.489782  
9188.000691  
9137.995653  
9177.970501  
9160.929652  
9144.939906  
9117.010587  
9124.862043  
9137.496796  
9137.235459  
9123.754264  
9134.62338  
9109.353932  
9142.528749  
9132.980957  
9130.883396  
9152.921684  
9132.389053  
9116.437643  
9140.306926  
9172.82753  
9149.631931  
9138.681998  
9147.774474  
9124.511969  
9172.123071  
9152.839224  
9117.091511  
9114.130109  
9093.960294  
9082.628442  
9074.285347  
9107.778999  
9146.782727  
9148.014613  
9144.733851  
9146.039348  
9122.639184  
9115.586724  
9131.80389  
9125.540527  
9135.254621  
9159.097716  
9159.726265  
9143.140018  
9139.665122  
9170.163134  
9136.764434  
9159.349014  
9140.130585  
9175.499095  
9139.692573  
9184.418207  
9138.914479  
9170.30489  
9163.417433  
9193.830983  
9137.323242  
9177.56431  
9115.39265  
9135.169017  
9166.524867  
9162.840094  
9138.642709  
9120.582138  
9084.534704  
9171.915718  
9120.741925  
9118.591785  
9133.649998  
9147.206412  
9167.822563  
9136.148771  
9131.048054  
9128.887802  
9137.86128  
9119.985828  
9091.963831  
9149.911085  
9123.569753  
9108.917766  
9105.185237  
9143.86184  
9147.564382  
9167.141351  
9149.458937  
9163.074278  
9143.134885  
9143.705554  
9123.406512  
9146.404142  
9154.972644  
9175.399319  
9160.344334  
9189.40157  
9171.827672  
9150.658346  
9132.403082  
9136.645079  
9150.726038  
9142.342095  
9149.420541  
9155.989877  
9130.707317  
9138.43594  
9158.725765  
9161.822266  
9144.753704  
9143.935666  
9151.14727  
9121.426889  
9134.379537  
9169.008301  
9181.075672  
9155.084878  
9147.763279  
9163.061083  
9169.880181  
9142.310785  
9177.48497  
9173.356028  
9147.725241  
9130.43569  
9161.049304  
9110.343607  
9137.994891  
9119.616151  
9112.168064  
9088.328054  
9100.0814  
9112.663145  
9093.109828  
9114.046184  
9151.230564  
9130.467666  
9124.887505  
9169.020758  
9151.605909  
9159.521282  
9153.13336  
9168.150272  
9117.717476  
9143.605683  
9125.442359  
9155.650343  
9132.960199  
9192.947016  
9130.686309  
9164.521056  
9178.523116  
9137.137112  
9153.377811  
9112.547316  
9138.741699  
9136.051901  
9152.784204  
9143.270246  
9186.235709  
9185.17565  
9218.116092  
9203.966606  
9190.22499  
9187.711938  
9220.038193  
9138.883491  
9162.598919  
9125.144436  
9138.123249  
9122.174019  
9109.55801  
9141.555021  
9102.447659  
9146.735006  
9152.14184  
9138.581007  
9106.585866  
9162.266661  
9134.748821  
9149.898247  
9129.583699  
9155.795982  
9167.194407  
9150.112495  
9189.275998  
9184.343262  
9169.13292  
9164.614246  
9178.720763  
9150.444693  
9006.659728  
9034.493938  
9047.838331  
9068.878668  
9095.226312  
9097.447813  
9089.454423  
9103.524057  
9112.406214  
9135.16486  
9103.49844  
9131.206495  
9100.8493  
9136.806224  
9113.407107  
9140.948921  
9125.118831  
9119.323957  
9124.465296  
9116.427806  
9157.908001  
9144.057903  
9138.869927  
9143.394114  
9133.992974  
9129.685678  
9123.6497  
9132.170267  
9104.983267  
9134.751167  
9145.475788  
9133.144984  
9113.044207  
9111.680247  
9135.064453  
9143.025879  
9172.269067  
9139.884885  
9131.834413  
9145.246189  
9146.165527  
9101.257265  
9087.363281  
9084.659204  
9127.936023  
9146.171839  
9166.705269  
9134.46214  
9147.722704  
9160.421077  
9215.03524  
9218.403547  
9203.259682  
9200.971858  
9114.143924  
9153.814882  
9172.025998  
9191.795267  
9184.046875  
9161.686702  
9191.887302  
9172.145329  
9133.185297  
9144.577589  
9144.151474  
9115.296708  
9151.826958  
9167.340618  
9188.845393  
9186.870308  
9175.697647  
9187.370915  
9200.999428  
9200.323742  
9197.240056  
9191.422756  
9190.448671  
9180.774628  
9182.912026  
9181.838736  
9198.39858  
9162.351146  
9181.293636  
9155.353504  
9178.90263  
9212.296958  
9212.047744  
9170.116675  
9183.377465  
9162.080269  
9200.836331  
9137.830007  
9056.130323  
9072.861126  
9067.073992  
9083.989567  
9067.383634  
9071.677639  
9081.090927  
9117.03892  
9101.235423  
9089.41361  
9083.684332  
9121.767566  
9120.836569  
9122.4428  
9119.639982  
9109.522604  
9133.410954  
9107.478897  
9125.071396  
9133.29254  
9133.499738  
9117.627834  
9155.552008  
9132.00661  
9138.153821  
9147.093047  
9138.005931  
9150.319157  
9123.431962  
9113.301579  
9165.03992  
9126.481672  
9148.439596  
9166.059344  
9172.107005  
9129.044315  
9126.256419  
9127.529916  
9096.508932  
9086.020282  
9105.288467  
9112.548959  
9117.91068  
9093.884254  
9118.815656  
9108.080876  
9102.030928  
9126.621189  
9112.492271  
9133.447301  
9132.235756  
9124.637802  
9147.273438  
9166.938739  
9118.105874  
9130.386814  
9114.214582  
9125.604468  
9158.382181  
9162.766935  
9129.629037  
9174.273866  
9102.325029  
9148.586759  
9176.946599  
9167.383015  
9148.384992  
9117.106195  
9132.109506  
9111.966273  
9126.592214  
9147.354337  
9165.352384  
9139.378037  
9135.001262  
9142.340261  
9109.761993  
9094.976122  
9129.441192  
9121.962331  
9101.652141  
9112.649414  
9077.395234  
9104.223669  
9092.463367  
9142.257693  
9137.458591  
9143.858351  
9148.112293  
9183.324016  
9165.296089  
9146.511111  
9186.898354  
9182.906393  
9156.127227  
9179.200803  
9138.077827  
9133.583734  
9142.071241  
9118.164467  
9110.049531  
9122.067704  
9121.095274  
9104.770508  
9088.360054  
9074.026832  
9083.466916  
9126.387302  
9142.486542  
9111.606159  
9105.710914  
9151.764482  
9139.043969  
9140.53462  
9135.764946  
9164.521222  
9160.294708  
9181.563036  
9199.26915  
9157.05545  
9135.458663  
9184.455757  
9156.633622  
9125.828792  
9136.692026  
9156.419279  
9104.239556  
9137.815096  
9109.717809  
9115.01135  
9115.629621  
9108.606326  
9160.041492  
9090.390804  
9159.840046  
9195.763779  
9163.67047  
9156.498166  
9194.652106  
9211.049126  
9164.72748  
9163.908167  
9168.787645  
9132.146675  
9101.93326  
9127.863912  
9113.443609  
9131.242628  
9134.615544  
9134.080173  
9129.332412  
9157.820289  
9159.90388  
9126.950672  
9098.664706  
9145.998785  
9123.371046  
9131.574755  
9163.953685  
9180.821099  
9136.432057  
9163.86346  
9171.438012  
9139.107136  
9178.178282  
9174.025986  
9145.628227  
9137.667171  
9130.513922  
9110.503061  
9073.550091  
9105.752179  
9125.832162  
9123.338236  
9139.887374  
9162.874297  
9139.606326  
9166.181736  
9120.436571  
9118.282953  
9140.687941  
9105.612543  
9094.39914  
9139.127215  
9109.522973  
9103.393066  
9181.996391  
9141.293671  
9157.317133  
9158.287729  
9155.721239  
9178.769746  
9180.264458  
9152.211628  
