7969.424888  
7827.792058  
7812.625521  
7837.461235  
7757.751973  
7791.561547  
7772.86188  
7757.471925  
7809.648784  
7814.86077  
7801.778951  
7836.189973  
7818.591602  
7790.847976  
7810.821183  
7759.006813  
7730.452798  
7763.502748  
7788.577211  
7817.076955  
7847.457513  
7842.231547  
7873.708944  
7839.350877  
7807.105086  
7787.509389  
7915.995548  
7847.541871  
7809.322375  
7860.103021  
7924.051711  
7974.614831  
7979.389111  
7901.270684  
7881.768186  
7921.892721  
7886.628144  
7837.001432  
7866.509777  
7841.278275  
7890.197495  
7874.508294  
7902.927021  
7890.881639  
7800.708404  
7817.174074  
7802.985675  
7783.294887  
7774.677977  
7742.422148  
7798.67401  
7838.373314  
7841.714455  
7778.321792  
7744.231518  
7790.359214  
7784.582945  
7815.166943  
7836.096147  
7801.916182  
7834.520164  
7822.864594  
7795.907536  
7814.958629  
7815.518521  
7830.946135  
7800.396578  
7847.008279  
7858.841201  
7835.423297  
7846.749719  
7831.712004  
7780.858756  
7800.456713  
7732.11112  
7711.21281  
7776.836991  
7728.535554  
7763.896971  
7776.373053  
7737.237818  
7795.995551  
7840.064709  
7794.586476  
7855.544606  
7801.715771  
7826.559635  
7870.208723  
7776.264284  
7856.195689  
7812.239714  
7830.857837  
7841.41566  
7802.790797  
7900.741342  
7842.424311  
7868.41991  
7882.09839  
7831.180454  
7870.97299  
7849.340913  
7844.403942  
7833.466812  
7762.056799  
7883.685226  
7830.010086  
7819.002236  
7853.059177  
7836.648909  
7866.948168  
7797.377497  
7786.130965  
7885.262336  
7827.351991  
7908.959356  
7880.853583  
7807.715979  
7857.663202  
7894.158198  
7844.423593  
7836.366572  
7785.750664  
7878.600961  
7884.010624  
7893.879741  
7855.499584  
7807.230217  
7852.181664  
7826.29243  
7792.150054  
7834.343125  
7820.484027  
7835.272953  
7865.447228  
7789.187691  
7857.290248  
7801.418956  
7742.418656  
7751.488018  
7737.088418  
7709.973669  
7655.948902  
7662.815954  
7747.68023  
7795.751644  
7753.932321  
7787.075343  
7742.436762  
7776.508963  
7776.719636  
7714.077294  
7796.061043  
7783.921523  
7812.729  
7840.422491  
7834.179493  
7847.967032  
7913.076928  
7929.273278  
7880.370676  
7786.604118  
7775.843092  
7752.833322  
7714.754528  
7715.56092  
7703.165757  
7789.354643  
7824.457391  
7814.617745  
7848.47923  
7790.576267  
7860.168069  
7868.314888  
7781.449121  
7807.829739  
7881.512265  
7800.368664  
7814.827072  
7852.076645  
7871.770842  
7857.259185  
7818.102566  
7851.021666  
7872.958122  
7824.231888  
7883.994829  
7854.706385  
7891.618046  
7858.286168  
7844.124243  
7895.498701  
7945.015894  
7920.152823  
7961.983737  
7960.255085  
7923.260185  
7927.1119  
7884.813358  
7920.080203  
7894.394894  
7863.13317  
7892.317692  
7874.117824  
7853.822693  
7861.69878  
7805.916961  
7868.356809  
7835.211841  
7807.743161  
7816.025159  
7834.994026  
7881.264837  
7862.270566  
7876.933991  
7870.756803  
7838.479988  
7820.18928  
7851.351352  
7815.669771  
7888.168278  
7842.266069  
7909.462883  
7843.555382  
7844.167117  
7808.802495  
7853.540194  
7813.635289  
7879.781737  
7839.845008  
7848.860411  
7853.48687  
7761.224335  
7812.148753  
7735.177398  
7774.426172  
7764.269042  
7721.615627  
7736.403915  
7723.421133  
7691.747853  
7760.198242  
7729.001418  
7756.904938  
7842.237967  
7756.406189  
7889.115292  
7823.383063  
7861.697405  
7884.314112  
7912.091051  
7953.766525  
7883.593916  
7870.091142  
7778.898522  
7807.184766  
7787.617858  
7762.676394  
7755.783529  
7734.811609  
7848.273112  
7781.110779  
7806.932193  
7822.293725  
7755.681703  
7789.653805  
7727.751095  
7763.472241  
7730.417704  
7748.403818  
7737.243593  
7770.397222  
7788.740955  
7806.521866  
7743.652876  
7792.602536  
7790.208809  
7784.388629  
7789.817606  
7778.959242  
7766.365695  
7869.695348  
7842.678132  
7853.782071  
7838.301919  
7830.705225  
7833.10233  
7885.362858  
7830.659065  
7861.359384  
7764.658242  
7793.279335  
7836.408588  
7806.180515  
7852.750235  
7821.893538  
7855.15735  
7814.616155  
7806.783764  
7897.655594  
7886.696154  
7876.544344  
7892.738731  
7886.261062  
7913.418096  
7851.388198  
7884.000084  
7890.359746  
7828.012434  
7867.215736  
7816.249146  
7820.336579  
7821.841441  
7810.920785  
7855.898854  
7863.127601  
7908.069001  
7918.030393  
7855.332243  
7927.196973  
7856.88562  
7927.975474  
7904.124175  
7826.978638  
7881.863218  
7877.214097  
7840.044971  
7873.302382  
7888.175562  
7876.862849  
7821.007685  
7879.643521  
7776.294152  
7830.084767  
7790.830938  
7779.952252  
7788.156384  
7775.538476  
7746.33106  
7807.597795  
7839.104177  
7877.95816  
7834.631478  
7827.451943  
7837.707629  
7866.887224  
7825.892222  
7837.099648  
7829.502747  
7842.398648  
7848.39297  
7779.98422  
7830.451921  
7817.48769  
7779.160072  
7788.181883  
7820.567124  
7834.237838  
7808.269316  
7764.576512  
7795.134301  
7772.298103  
7718.786913  
7781.658876  
7787.48124  
7826.352251  
7838.585527  
7797.092719  
7850.142568  
7846.231482  
7797.333134  
7869.015646  
7870.542704  
7852.219288  
7830.385303  
7762.252593  
7827.980541  
7807.326872  
7777.971749  
7781.418957  
7776.353743  
7819.257298  
7748.627226  
7742.443361  
7745.083445  
7641.34109  
7705.737327  
7631.134984  
7606.007974  
7699.195996  
7700.493778  
7742.315062  
7794.089136  
7839.731476  
7941.524179  
7846.030323  
7904.123942  
7865.857362  
7800.00198  
7820.533525  
7842.777468  
7832.075101  
7840.787625  
7797.365584  
7885.838955  
7855.796735  
7845.624355  
7827.59679  
7839.174341  
7814.17335  
7853.253498  
7821.818248  
7833.78843  
7800.884776  
7843.218072  
7767.74676  
7752.291216  
7769.196184  
7770.711206  
7763.368807  
7737.200802  
7749.056715  
7787.694524  
7805.420417  
7853.214724  
7854.495198  
7897.502167  
7900.408595  
7887.003483  
7870.813869  
7868.222015  
7864.617002  
7840.142489  
7876.546991  
7823.355706  
7865.205403  
7898.845434  
7897.783289  
7919.687099  
7893.785991  
7967.600796  
7968.664742  
7999.513886  
7970.623146  
7933.533281  
7974.36718  
7996.191795  
7927.014298  
7923.53235  
7928.085208  
7926.930252  
7879.622018  
7853.285128  
7897.926115  
7898.836966  
7926.790948  
7866.805121  
7837.672096  
7819.466528  
7829.03743  
7797.369233  
7853.138561  
7828.059763  
7819.027184  
7854.772752  
7872.564078  
7859.887899  
7876.658041  
7841.303425  
7885.0969  
7865.947727  
7926.112214  
7871.712295  
7824.043325  
7838.417329  
7788.75368  
7781.001282  
7767.888321  
7782.869619  
7776.888954  
7834.88861  
7782.162889  
7713.817681  
7733.760859  
7729.483872  
7725.570129  
7769.635453  
7757.229555  
7756.793438  
7751.259766  
7718.050829  
7765.899857  
7771.713635  
7800.272905  
7843.661751  
7855.990188  
7818.96697  
7829.294218  
7812.607693  
7825.461998  
7799.805835  
7751.11675  
7787.082439  
7746.105313  
7725.414499  
7737.743626  
7777.822271  
7750.023753  
7784.819802  
7814.959993  
7810.389567  
7835.164942  
7834.69511  
7905.644777  
7880.051677  
7867.523961  
7902.009736  
7882.716083  
7927.577726  
7912.743167  
7919.201869  
7938.134307  
7927.81995  
7919.332199  
7913.735581  
7935.839968  
7960.884801  
7883.472519  
7896.62444  
7890.711535  
7898.519981  
7890.627401  
7896.649183  
7887.652318  
7831.157868  
7834.667222  
7806.419773  
7790.883116  
7815.772764  
7882.277214  
7846.635877  
7849.514261  
7872.81971  
7829.140554  
7880.839494  
7958.516972  
7909.207491  
7906.692841  
7919.859874  
7890.006745  
7763.8957  
7745.564502  
7725.353262  
7744.048718  
7732.718084  
7701.25914  
7754.21664  
7766.645422  
7760.233262  
7758.683147  
7749.345975  
7756.790692  
7782.828004  
7756.653307  
7772.190314  
7795.505437  
7849.886727  
7896.759101  
7851.388858  
7796.263687  
7818.317991  
7841.478116  
7856.799031  
7844.942804  
7850.221141  
7866.245992  
7829.509073  
7846.108249  
7885.733479  
7874.772287  
7869.306333  
7872.346336  
7880.051036  
7895.694659  
7879.14627  
7904.81463  
7881.168536  
7854.282359  
7860.160817  
7878.267069  
7878.302093  
7904.192001  
7872.424427  
7843.491143  
7846.676127  
7883.075508  
7858.230425  
7861.414804  
7892.088331  
7899.890394  
7881.708334  
7822.13475  
7863.040156  
7821.127747  
7861.531381  
7850.978303  
7836.196124  
7844.346828  
7816.949432  
7828.795601  
7814.698562  
7804.348985  
7803.785594  
7785.411796  
7818.669413  
7826.418475  
7817.749279  
7796.9979  
7832.669926  
7772.695451  
7784.707748  
7825.230461  
7810.943235  
7714.903523  
7671.534752  
7683.821306  
7681.245494  
7711.342258  
7776.675885  
7800.196028  
7790.78699  
7842.867529  
7843.07699  
7874.594381  
7879.952428  
7830.81191  
7806.610335  
7821.788714  
7822.503623  
7828.034461  
7805.217931  
7820.722646  
7842.090011  
7789.363032  
7770.742739  
7788.806816  
7769.501778  
7736.105799  
7710.495368  
7776.429336  
7733.536347  
7725.063229  
7714.430699  
7721.851483  
7747.583581  
7721.24035  
7729.372905  
7768.707505  
7732.934939  
7743.207008  
7818.062819  
7863.267165  
7857.30341  
7869.428167  
7851.368268  
7837.816274  
7812.807248  
7842.223863  
7855.659991  
7875.248829  
7881.194158  
7921.552081  
7928.194567  
7930.506663  
7905.240989  
7896.123938  
7923.48645  
7943.119246  
7939.672481  
7918.938306  
7929.537172  
7923.649769  
7909.829239  
7912.053217  
7952.01329  
7941.294605  
7916.418044  
7880.599126  
7909.552197  
7871.368489  
7859.027327  
7893.50096  
7864.823806  
7833.84057  
7813.146657  
7786.087552  
7760.182909  
7710.315241  
7724.102182  
7715.225137  
7711.672448  
7761.37297  
7751.322786  
7725.515286  
7744.718931  
7743.450629  
7768.270887  
7747.125803  
7751.91838  
7756.235131  
7790.956635  
7788.641211  
7781.683389  
7768.191836  
7766.378024  
7747.405137  
7638.884016  
7651.635511  
7616.067382  
7634.997246  
7657.365162  
7697.223696  
7747.290945  
7777.534768  
7754.773896  
7848.96067  
7853.069258  
7898.293749  
7897.237851  
7895.746051  
7947.451007  
7911.642394  
7929.678688  
7892.045209  
7887.380884  
7887.512999  
7860.932238  
7890.610857  
7885.519508  
7885.133706  
7866.046089  
7869.338405  
7904.855897  
7869.323807  
7859.227161  
7881.279981  
7841.024139  
7885.782075  
7890.877113  
7840.240116  
7819.269808  
7817.118694  
7826.756315  
7785.45916  
7746.371764  
7810.066885  
7807.542919  
7845.478552  
7848.821266  
