11046.24077  
11054.7324  
11097.90158  
11039.89223  
11001.79904  
11024.32143  
10984.63844  
11012.30866  
11000.72803  
11045.33152  
11045.75698  
11015.62095  
11028.21236  
11023.25581  
11020.15716  
10968.78095  
10968.62946  
10986.65193  
10970.64162  
11017.19875  
11013.93448  
10979.86082  
10958.80011  
10964.3983  
10981.49135  
11015.61902  
11043.75332  
11069.67476  
11059.7015  
11000.46122  
10923.45731  
10932.74563  
10943.29987  
10953.82575  
10956.37788  
10955.58382  
10947.15799  
10973.27879  
10968.386  
10937.09531  
10939.28727  
10923.92353  
10966.00342  
11002.52041  
11017.29892  
10988.53339  
10961.61335  
10949.11307  
10954.53469  
10992.86091  
11007.36882  
11028.56252  
11090.65669  
11100.93457  
11092.56966  
11033.35872  
10986.81503  
10955.16715  
10970.82254  
10984.31392  
11034.51958  
11015.05676  
11010.73877  
11011.44259  
11013.57013  
11000.40565  
10983.4465  
11026.74135  
11037.15974  
11053.86544  
11040.36233  
11011.47586  
10978.26418  
11006.90095  
11026.15318  
11055.16943  
11062.75939  
11072.86526  
11062.94643  
11049.75012  
11072.54139  
11027.6223  
10988.45875  
10956.4229  
10951.2128  
10876.69648  
10885.59694  
10922.56538  
10940.77167  
10975.85961  
10998.17594  
10979.22607  
10967.09419  
10929.8361  
10966.10259  
11000.54318  
11006.90534  
11063.65004  
11071.91706  
11030.39958  
11009.22403  
10995.65251  
10986.25918  
11028.49335  
11068.82394  
11063.0642  
11060.02288  
11035.09317  
11041.94029  
11033.98877  
11015.75574  
11073.99937  
11100.37953  
11059.45984  
11062.4325  
11007.82064  
11022.34977  
10991.86265  
10984.85886  
11017.42264  
11012.10617  
10967.26562  
10982.75146  
10982.23391  
10976.41183  
10996.01351  
11003.16406  
11017.39765  
10995.7268  
11001.84326  
11046.99651  
11037.31215  
10989.00156  
10935.75693  
10924.29711  
10933.79243  
10999.31855  
11012.525  
11016.91639  
11023.67743  
10967.07794  
10975.39372  
10986.36147  
10973.70605  
11001.61591  
10960.0844  
10970.69485  
10987.86407  
11035.42176  
11045.48637  
11038.58152  
10992.74967  
11010.87684  
11010.87047  
11001.87567  
11017.62467  
10986.05141  
10985.79522  
11007.64711  
10989.42346  
10974.05315  
10991.78683  
10960.59668  
11018.03611  
11045.14995  
11006.98923  
11035.23747  
11038.88032  
11031.73456  
11046.23961  
11025.774  
11010.0476  
10999.75795  
10958.83466  
10982.67534  
10982.74412  
11019.23761  
11028.35117  
11029.46038  
11006.83033  
11015.42657  
10955.35882  
10878.65623  
10886.19273  
10884.61393  
10910.60649  
10969.4754  
10990.16464  
10930.37646  
10941.3268  
10957.37209  
10975.51383  
11028.98782  
11042.56178  
11040.69934  
11056.52972  
11038.29699  
11022.46382  
11028.60326  
10970.28611  
10970.14841  
10954.90474  
10942.45729  
10980.49888  
10980.50981  
10995.40048  
11024.84624  
11030.51872  
11031.90681  
11030.38074  
11034.79088  
11058.5436  
11024.15432  
11019.94808  
11052.8773  
11077.79092  
11069.69015  
11073.25346  
11049.58166  
11037.44896  
11045.75198  
11029.85833  
10996.12909  
11017.0761  
11023.56052  
11070.52927  
11089.53683  
11065.39211  
11019.89509  
11003.5931  
10992.88486  
10973.12828  
11014.73019  
11039.50516  
10999.36672  
10983.93559  
10971.87237  
10979.28962  
10974.00749  
10975.44664  
10983.03509  
10962.19759  
11003.4983  
11034.75802  
11034.11172  
11005.01976  
11012.12514  
10985.81587  
10998.39495  
11030.74268  
11000.81527  
11004.9126  
10998.57873  
11005.17255  
11007.32917  
11021.2051  
11015.80866  
11008.59291  
11014.70543  
10980.76723  
10990.76823  
10978.73633  
10996.93315  
11008.64755  
11013.22168  
11043.50823  
10986.73298  
10967.93201  
10949.35077  
10977.25516  
10937.93424  
10901.79109  
10909.51397  
10904.81217  
10941.97817  
10944.91657  
10984.40206  
10972.54613  
10946.07557  
10954.67088  
10985.88256  
11017.62939  
11061.15878  
11054.93776  
11054.50002  
11034.16581  
11029.57041  
11010.28318  
10999.18773  
10991.45473  
10999.37935  
11004.27155  
11020.0907  
11061.45338  
11031.42673  
11033.59996  
11032.54811  
11024.0106  
11020.05404  
11024.56422  
10996.52114  
11004.03278  
11017.70273  
11043.98519  
11038.67132  
11037.1616  
11033.52209  
11033.29016  
11028.889  
11021.40348  
11036.54636  
10999.83173  
11005.42006  
10984.39851  
11008.32947  
11023.24528  
10994.87409  
10980.02172  
10989.78816  
10962.28081  
10985.67513  
11011.67594  
11022.25928  
11011.83319  
10961.16441  
10966.22177  
10978.15497  
10993.83447  
10997.03706  
10960.74967  
10915.98972  
10967.65481  
10959.0599  
10972.25714  
11031.90083  
11018.26179  
11026.49156  
11006.08517  
10995.69415  
11005.64758  
11016.46433  
11018.57538  
11064.5768  
11041.14362  
11053.65472  
11112.08752  
11083.70733  
11040.94768  
11029.8847  
10984.42255  
10968.49526  
10986.36912  
10980.76081  
10973.45299  
10998.6715  
11015.86261  
11053.88821  
11020.01662  
11001.49419  
10989.13025  
10916.83812  
10894.86379  
10990.83375  
11002.46768  
11061.11003  
11098.20812  
11059.26414  
11058.36361  
11079.14734  
11108.26955  
11099.94787  
11108.3171  
11001.43752  
10947.06708  
10932.24788  
10926.68001  
10937.50421  
10902.72852  
10887.225  
10968.78627  
10977.00442  
10986.77518  
11017.77776  
11008.01649  
10988.69648  
10967.3387  
10932.44427  
10945.92885  
10937.58105  
10992.32131  
10980.05601  
10960.53569  
10968.48012  
10969.2297  
10974.34859  
10989.62984  
11006.21022  
11045.04071  
11056.99354  
11035.63969  
11026.89435  
11030.51311  
11063.64093  
11051.27204  
11076.90355  
11040.75765  
11011.41057  
10995.21638  
10981.10968  
10949.46052  
10937.67174  
10889.26177  
10923.52525  
10973.79141  
10961.69138  
10961.97124  
10944.55308  
10959.04541  
10971.37033  
10971.06608  
11015.06462  
11039.86007  
11052.91071  
11012.20006  
11006.91543  
10983.58703  
10964.13553  
10997.90583  
10981.93164  
10969.59594  
10988.27048  
11001.19499  
10983.39916  
10973.73172  
10945.06148  
10949.05422  
10948.96994  
10913.13325  
10941.90248  
10952.00242  
11002.79625  
11045.35931  
11038.62295  
11043.93008  
11065.23789  
11049.72447  
11007.34129  
11013.38084  
11045.71842  
11061.62035  
11072.44324  
11058.41041  
10996.01904  
10977.31071  
10995.1636  
11028.76476  
11010.60796  
11090.66553  
11093.51307  
11089.67362  
11098.19143  
11067.93648  
11037.8913  
11052.33454  
11025.17225  
11012.9063  
11054.96057  
11071.6214  
11054.30457  
11045.5552  
10983.83547  
10950.71815  
10929.45698  
10984.34349  
11019.09266  
11080.24907  
11088.07536  
11075.62233  
11066.79408  
11067.49016  
11074.02558  
11054.74033  
11012.57994  
11068.08961  
11046.1496  
11047.52128  
11038.66706  
11015.11584  
11025.31401  
11008.44138  
10975.35193  
10943.737  
10936.79336  
10965.37486  
10958.54139  
10946.70145  
10956.72663  
10995.48784  
10980.90286  
10980.31689  
10923.10324  
10871.51914  
10885.03232  
10913.74995  
10915.8949  
10935.82699  
10920.52913  
10963.86565  
10992.5778  
10970.72831  
10989.4548  
11012.57087  
11001.44652  
11038.13832  
10964.41292  
10975.06038  
10996.92973  
11021.33657  
11015.17629  
11005.50486  
10974.6443  
10951.83945  
10959.08329  
10976.0046  
11021.45336  
11018.39514  
11054.9259  
11029.38232  
11011.33231  
11077.83626  
11053.52221  
11094.88267  
11093.75572  
11063.24165  
11050.87739  
11013.74681  
11017.76858  
10989.08508  
10993.79376  
11011.70891  
11048.67183  
11032.9043  
10985.87484  
10987.40834  
10940.54953  
10955.50049  
10962.17283  
10908.09442  
10915.91283  
10899.34256  
10958.40881  
10990.6213  
11008.50977  
10997.48547  
10987.46354  
11010.53676  
10991.00953  
11011.30206  
10951.34852  
10944.984  
10997.74547  
11022.875  
11039.11728  
11074.74382  
11083.74454  
11039.87719  
10996.13681  
10995.67932  
11032.69064  
11028.77739  
11028.14088  
11054.57696  
11030.00407  
11021.22714  
10989.59349  
10961.85851  
11002.70496  
10996.40076  
11019.15892  
11031.63365  
11040.92434  
11038.26077  
11047.91288  
11029.77911  
11010.61172  
10981.34524  
10974.43583  
11022.514  
11003.74337  
11009.98054  
10975.82754  
10933.84649  
10963.39614  
10975.86612  
11000.25321  
11004.79227  
11017.71645  
10983.10582  
10958.86028  
10937.49268  
10990.46333  
11022.9372  
11045.46742  
11033.03234  
11040.83826  
10994.33559  
11021.40783  
11034.46933  
11035.60031  
11050.80506  
11020.68159  
10991.55592  
10948.55536  
10995.6131  
11005.47884  
11020.71987  
11023.15365  
10952.86807  
10952.61007  
10956.3111  
10965.26693  
10963.40353  
10935.07699  
10969.07487  
10965.40332  
10995.68755  
11018.23561  
11015.90604  
10992.83601  
10953.3182  
10949.44059  
10988.87181  
10968.17557  
10967.86384  
11011.15  
11034.62858  
11052.18243  
11031.65151  
10976.91569  
11002.01742  
11028.1492  
11033.01414  
11068.5702  
11032.01809  
11090.36258  
11038.9771  
10993.28788  
11006.80011  
11019.58773  
11050.29776  
11079.53764  
11061.63488  
11097.4827  
11064.58319  
11043.86672  
11027.22891  
11065.44801  
11051.32027  
11046.03678  
11047.32073  
11027.65083  
11048.23961  
11062.99533  
11075.90569  
11050.10921  
11021.7789  
11012.27009  
11001.95226  
11018.42413  
11035.44441  
10972.07882  
10998.79002  
11017.3591  
11019.08345  
10977.97352  
11008.55673  
11013.94522  
11035.00179  
11021.40555  
11001.48263  
11037.9548  
11044.1037  
11047.25718  
11036.30966  
10952.46108  
10995.72333  
10994.2237  
11033.01209  
11083.02555  
11052.81403  
11017.61282  
11016.11219  
11007.81166  
11003.92394  
11039.62516  
11030.47889  
11028.14555  
11032.4099  
11003.00972  
10991.2883  
11002.15055  
11019.73212  
11038.78316  
11036.44071  
11036.03823  
11060.51751  
11098.97294  
11036.29339  
11030.80459  
10957.90667  
10939.52223  
10933.24219  
10899.01418  
10901.13079  
10832.25684  
10871.2693  
10889.66885  
10938.87063  
10989.53313  
11013.98637  
11000.11965  
11021.4345  
11043.39365  
11050.19331  
11041.64925  
10997.3899  
11066.24137  
11015.8444  
10938.03713  
10953.48558  
10969.77048  
11007.67518  
11032.56029  
11026.24342  
11033.93571  
11010.96138  
10999.83977  
11001.36682  
11004.82387  
10891.90379  
11000.78383  
11031.81513  
11061.49974  
11092.14974  
11094.22226  
10994.34252  
10992.02332  
