9125.964228  
9069.643863  
9090.361477  
9067.451172  
9028.099716  
9039.053552  
9013.055112  
9057.414731  
9061.633142  
9051.831755  
9129.099716  
9084.501529  
9130.938296  
9137.833061  
9130.677087  
9146.375117  
9140.430866  
9103.751624  
9116.890296  
9076.664901  
9043.549147  
9053.998578  
9101.151866  
9072.59013  
9107.880403  
9127.063551  
9155.439135  
9134.92748  
9065.117134  
9113.365128  
9081.528819  
9140.604885  
9135.317733  
9154.554879  
9135.702032  
9166.608122  
9109.219313  
9174.576915  
9113.464876  
9102.387165  
9125.562861  
9085.562351  
9033.36792  
9040.749236  
9032.943848  
9067.120956  
9110.210884  
9079.505955  
9101.223484  
9048.957732  
9029.807331  
9050.085789  
9083.050049  
9117.540952  
9155.469132  
9153.81613  
9196.694017  
9171.858781  
9153.637801  
9184.578475  
9184.936937  
9136.857846  
9166.089472  
9199.570737  
9207.00863  
9164.899733  
9138.836171  
9199.373387  
9138.408766  
9096.444899  
9135.012356  
9105.441608  
9118.411037  
9099.208708  
9118.648087  
9105.7721  
8974.630276  
8951.92853  
8948.7058  
8952.742485  
8971.993907  
9009.807702  
9026.261591  
8989.992113  
8941.525953  
8985.973283  
9120.940472  
9068.272556  
9034.490139  
9037.690101  
9064.670293  
9058.451172  
9121.614948  
9133.869693  
9140.954176  
9102.09565  
9085.469079  
9103.83978  
9132.641548  
9113.724217  
9094.988143  
9098.340895  
9086.114831  
9084.614088  
9062.542438  
9053.56871  
9068.279074  
9062.038574  
9077.74413  
9044.689474  
9065.485564  
9083.840863  
9065.184666  
9119.011368  
9141.742771  
9104.512653  
9106.449282  
9108.781367  
8983.294465  
9084.197552  
9079.487061  
9091.158989  
9116.051906  
9068.733016  
9064.540411  
9108.081405  
9113.898077  
9135.900836  
9177.555781  
9114.775985  
9128.263438  
9108.557628  
9107.924805  
9132.59478  
9141.049093  
9107.644595  
9158.973357  
9152.654254  
9156.301896  
9188.659912  
9146.191969  
9192.214313  
9159.584558  
8982.332286  
8972.637717  
9008.558583  
9002.109991  
9076.0922  
9091.01277  
9084.034551  
9120.363812  
9098.144998  
9086.623663  
9107.348272  
9094.220788  
8969.723442  
8796.052108  
8787.495913  
8837.251019  
8987.852889  
9220.577881  
9074.326405  
9002.637706  
8990.340916  
9013.537014  
9022.35618  
9020.705089  
9065.784923  
9050.183626  
9055.409148  
9113.985734  
9079.023512  
9079.410252  
9061.916525  
9058.573699  
9067.892334  
9053.546949  
9040.5392  
9081.048658  
9188.705779  
9149.86032  
9161.112867  
9151.13588  
9162.833326  
9186.589748  
9139.736827  
9093.544455  
9130.376221  
9118.922098  
9156.232135  
9087.357486  
9089.14883  
9057.064474  
9105.755838  
9114.069431  
9124.288107  
9157.618674  
9158.145709  
9077.883927  
9086.874639  
9094.013247  
9120.016899  
9127.421376  
9241.605978  
9247.01399  
9284.260424  
9277.391655  
9198.658288  
9268.798276  
9254.041493  
9164.179889  
9058.816555  
9227.095746  
9236.720756  
9162.887908  
9134.358664  
9141.36913  
9119.230448  
9074.898331  
9029.684231  
9025.110872  
9052.888343  
9088.04213  
9137.468877  
9115.596414  
9127.86982  
9134.857432  
9169.693328  
9148.714865  
9139.321162  
9171.848038  
9187.094928  
9172.176906  
9186.720438  
9147.079728  
9177.726807  
9202.059687  
8988.951193  
8900.279085  
8892.493833  
8874.689793  
8831.10066  
8852.892461  
8922.151771  
8960.268523  
8954.008407  
8954.348431  
8960.869512  
8956.569485  
9026.618419  
9036.622336  
9030.705068  
9092.336776  
9044.603367  
9088.762525  
9048.934613  
9028.859927  
9108.262324  
9093.826904  
9069.673191  
9049.25795  
9073.911494  
9051.398851  
9114.515752  
9105.83029  
9109.308795  
9045.153076  
9042.757367  
8996.964133  
8853.494279  
9048.935112  
8983.983738  
9058.421005  
9066.188806  
9018.180919  
9325.765699  
9234.480384  
9142.672639  
9081.026102  
9140.012929  
9136.186778  
9146.250605  
9164.791143  
9101.987071  
9108.357496  
9106.161589  
9109.23067  
9158.648363  
9101.022705  
9104.286589  
9124.851775  
9065.495998  
9056.163256  
9049.491784  
9065.108027  
9097.109375  
9081.786271  
9061.381104  
9083.276845  
9095.614343  
9100.950471  
9080.264245  
9050.948773  
9080.696905  
9076.99517  
9076.028671  
9073.547554  
9041.576129  
9028.759989  
9061.29766  
9060.742198  
9112.390381  
9190.561619  
9124.874947  
9088.544126  
9168.315706  
9139.557999  
9164.625032  
9144.38069  
9110.909095  
9120.253089  
9093.631305  
9065.128545  
9106.804358  
9053.340417  
9150.364067  
9117.003821  
9068.068423  
9096.69388  
9047.137993  
9029.925261  
9018.852592  
9054.700238  
9068.040432  
9012.959664  
8970.508067  
9037.856912  
9031.608865  
9022.127091  
9009.596499  
9022.263205  
9049.976244  
9044.23722  
9050.619852  
9017.524573  
8994.027896  
8990.628248  
9021.671695  
9075.787152  
9124.124597  
9064.481297  
9033.488886  
9122.568264  
9166.865107  
9123.219695  
9214.073253  
9199.177957  
9249.498599  
9291.605256  
9208.258067  
9215.501645  
9197.685239  
9118.325567  
9214.163649  
9242.428265  
9187.329792  
9225.595395  
9216.125679  
9173.901282  
9185.640264  
9179.314867  
9155.088761  
9145.187128  
9142.726626  
9189.163373  
9202.780104  
9207.329685  
9241.333963  
9215.830121  
9246.047692  
9220.452191  
9159.506252  
9189.55767  
9184.870754  
9174.537109  
9192.990383  
9182.070185  
9162.174263  
9153.925972  
9118.353059  
9130.946523  
9169.98877  
9100.026123  
9042.344599  
9097.485086  
9101.922586  
9112.491498  
9069.230586  
9060.844005  
9087.439485  
9039.556301  
9073.412046  
9093.648236  
9162.312564  
9145.661759  
9175.33909  
9116.916515  
9076.652545  
9076.313285  
9022.661292  
9002.589377  
8975.251199  
8865.789147  
9009.181354  
9014.677119  
9016.355023  
9062.991243  
9112.965491  
9151.606987  
9139.813116  
9189.838761  
9187.810971  
9137.835237  
9132.418967  
9129.316778  
9139.840884  
9145.065228  
9130.362421  
9157.048266  
9164.131114  
9141.248461  
9130.364332  
9134.540304  
9128.123185  
9098.889723  
9121.692277  
9157.753248  
9168.370287  
8999.751529  
9029.555409  
8972.425548  
8969.393809  
9024.320833  
8991.743801  
9000.415867  
9137.253821  
9064.042576  
9027.243652  
9036.975087  
9107.728197  
9153.993334  
9121.55905  
9185.238833  
9181.56734  
9177.478356  
9178.546238  
9146.377197  
9216.813392  
9160.809931  
9212.516018  
9211.524446  
9164.888438  
9183.318073  
9164.056163  
9130.367166  
9137.814347  
9098.450153  
9128.948688  
9067.398151  
9054.710258  
8885.086681  
8866.858186  
8862.930526  
8869.540782  
8929.449781  
8939.057161  
8936.441289  
8995.311109  
8989.739067  
9029.187659  
8935.771421  
8953.711903  
8962.388661  
9129.75552  
9119.555685  
9011.529106  
9027.164986  
9061.288532  
9140.823306  
9130.761347  
9003.868663  
9223.670697  
8996.574251  
9048.03487  
9117.535305  
9073.288298  
9101.270402  
9089.776951  
9105.644786  
9131.775486  
9044.965629  
9042.2973  
9015.711914  
9048.74534  
9093.3296  
9068.254023  
9116.566236  
9118.380116  
9142.176206  
9145.45649  
9124.120977  
9118.116795  
9127.031802  
9087.171546  
9074.600873  
9088.668234  
9119.427182  
9079.044858  
9050.225459  
9087.062787  
9102.83097  
9034.805155  
9039.626932  
9043.998716  
9121.412651  
9282.699028  
9240.221276  
9132.245542  
9239.442107  
9259.584441  
9231.7683  
9197.471584  
9230.374395  
9158.205683  
9066.932829  
9033.746051  
9000.549433  
9022.823529  
9042.835407  
9062.898894  
9087.135604  
9103.07821  
9133.264521  
9064.809645  
9114.769383  
9081.890476  
9068.114364  
9077.354577  
9094.725055  
9069.483812  
9072.853006  
9122.564241  
9076.002686  
9064.543011  
9065.853059  
9060.668489  
9065.203847  
9103.878535  
9059.545336  
9044.617018  
9243.220777  
9205.688551  
9112.055728  
9165.732963  
9128.538341  
9175.313551  
9202.444092  
9228.334282  
9235.835545  
9213.865107  
9212.321565  
9188.137451  
9158.676238  
9143.556683  
9166.132494  
9146.62793  
9127.880743  
9137.681513  
9166.487581  
9147.620733  
9096.935282  
9081.021399  
9117.543436  
9147.015391  
9102.357825  
9091.524892  
9078.220119  
9088.572329  
9141.960651  
9180.608027  
9225.503715  
9273.15072  
9260.240149  
9202.52693  
9166.019765  
9126.522663  
9124.200227  
8901.235638  
8867.773236  
8858.259299  
8860.379671  
8862.563349  
8817.657906  
8840.798074  
8857.027025  
8884.947765  
8958.121497  
8997.567001  
8977.007388  
8970.118483  
8998.261464  
9030.604768  
9060.636517  
9097.235723  
9096.014935  
9107.878938  
9048.1982  
9039.053615  
9002.189167  
8985.449633  
9018.507908  
9015.504893  
9010.486063  
9037.840884  
9076.329983  
9119.305399  
9053.932532  
9095.211511  
9100.477465  
9120.310823  
9129.654541  
9137.894446  
9160.691926  
9185.544179  
9163.616784  
9201.010498  
9148.906197  
9174.340725  
9111.241604  
9136.439283  
9122.003121  
9116.060356  
9139.599057  
9173.30766  
9185.338644  
9145.84202  
9134.875945  
9119.77245  
9116.862719  
9093.977942  
9081.04558  
9123.122198  
9085.64761  
9141.404074  
9160.841999  
9160.174699  
9139.003121  
9112.546047  
9138.934995  
9123.766538  
9096.11188  
9130.901717  
9153.935282  
9152.875064  
9171.176227  
9167.436895  
9151.870605  
9120.907343  
9024.880594  
8888.717083  
8891.310271  
8921.739937  
9034.149478  
9096.572  
9032.878535  
8971.409891  
9027.952552  
9123.939782  
9212.484725  
9244.090353  
