8415.473367  
8269.148298  
8159.521983  
8177.804282  
8209.323939  
8196.34643  
8197.969191  
8105.634148  
8096.841473  
8102.184224  
8119.852617  
8231.793855  
8278.723537  
8180.358516  
8158.349401  
8121.974403  
8032.146499  
8043.798882  
8018.31803  
8047.887355  
8111.080371  
8197.547917  
8188.600689  
8203.238974  
8066.017046  
8115.973185  
8094.960372  
8174.096204  
8228.087648  
8249.325695  
8235.451883  
8158.52635  
8131.389222  
8114.399889  
8126.704137  
8169.46757  
8129.156513  
8122.52347  
8096.863403  
8063.96117  
8095.001954  
8103.552342  
8088.079581  
8119.01014  
7988.243527  
8030.022433  
8041.496868  
8144.515944  
8183.463736  
8186.108968  
8219.540805  
8219.761906  
8179.892402  
8183.818752  
8144.569947  
8278.732302  
8277.278271  
8246.682747  
8090.207346  
8188.604218  
8161.462943  
8128.053291  
8154.30789  
8132.59102  
8217.54299  
8234.110482  
8244.48609  
8199.412499  
8084.515178  
8024.575491  
8048.829234  
8012.105067  
8124.19936  
8113.825225  
8110.758286  
8155.377963  
8097.089952  
8120.628644  
8148.916217  
8223.855653  
8208.166604  
8215.942026  
8199.940968  
8141.490453  
8070.013832  
8050.979401  
8027.215134  
8068.313626  
8107.431704  
8094.646551  
8074.767112  
8018.212692  
8042.057959  
8053.902348  
8055.610715  
8099.724968  
8129.748036  
8150.856239  
8169.512682  
8235.755609  
8129.793964  
8044.158586  
8013.732377  
7993.708933  
8105.063892  
8097.971313  
8200.165285  
8223.748925  
8216.11054  
8242.586824  
8252.664193  
8165.291108  
8221.190048  
8249.010761  
8261.54526  
8214.715129  
8234.880231  
8228.449892  
8239.695701  
8179.640915  
8110.525383  
8052.563464  
8152.22149  
8165.937571  
8174.250987  
8181.462514  
8162.809147  
8074.579051  
8096.535961  
8039.22578  
8051.736673  
8098.137442  
8099.024579  
8140.029216  
8134.835888  
8075.842361  
8086.599741  
8046.582287  
8066.7056  
8115.290807  
8081.733618  
8092.376834  
8132.88541  
8149.619424  
8245.029442  
8229.824601  
8196.29999  
8230.595939  
8171.937451  
8150.686848  
8185.563409  
8189.668775  
8165.343168  
8261.689069  
8185.521563  
8150.329645  
8194.290839  
8191.420028  
8192.447956  
8195.245343  
8184.04081  
8154.230439  
8159.181647  
8179.453126  
8204.781705  
8190.255968  
8173.655297  
8122.388534  
8098.114176  
8074.023007  
8030.193679  
8067.685695  
8060.583043  
8108.518543  
8107.305298  
8104.350985  
8153.617558  
8201.827637  
8218.237219  
8231.663112  
8178.434089  
8322.28682  
8298.455205  
8256.905306  
8197.689915  
8155.533828  
8133.625481  
8159.355267  
8189.987306  
8235.676575  
8177.136179  
8139.126681  
8033.652206  
8036.883696  
8076.679475  
8080.605901  
8101.313846  
8079.250724  
8078.89857  
8125.991037  
8168.849942  
8168.353366  
8213.528428  
8206.931636  
8210.537237  
8198.443182  
8188.798369  
8137.313182  
8120.11264  
8155.341614  
8154.914293  
8160.238721  
8138.280835  
8196.449051  
8213.5823  
8173.133588  
8187.535852  
8180.02331  
8204.405329  
8165.104545  
8217.371682  
8195.358531  
8169.96918  
8159.065222  
8150.83435  
8216.797843  
8226.325232  
8256.726798  
8227.188229  
8190.067681  
8213.232725  
8145.888369  
8192.428058  
8195.690357  
8216.891855  
8188.463987  
8161.392567  
8082.202655  
8090.347295  
8055.193685  
8093.863463  
8157.97935  
8165.093573  
8200.366828  
8182.645643  
8164.98528  
8149.461081  
8173.367346  
8168.034838  
8188.882461  
8202.523084  
8220.938379  
8171.8874  
8172.941944  
8196.081921  
8230.981924  
8236.387968  
8179.75191  
8224.634596  
8190.513342  
8102.509727  
8217.872345  
8118.773191  
8075.392432  
8042.127069  
7972.802809  
7993.153314  
8001.030344  
7971.182754  
7931.671454  
7937.376008  
7959.983539  
7971.371442  
7951.227162  
7954.625865  
7985.657756  
7948.798486  
7973.032782  
8015.132787  
8003.568017  
8073.08167  
8087.916328  
8157.37177  
8137.065358  
8178.280871  
8173.079646  
8167.776091  
8126.384456  
8161.115638  
8170.592175  
8218.640423  
8254.197086  
8283.189452  
8218.40834  
8187.019062  
8150.92103  
8204.113866  
8172.276124  
8120.78111  
8156.424794  
8115.722059  
8178.555977  
8172.082588  
8165.090027  
8199.136442  
8143.415842  
8238.980541  
8271.751017  
8234.490753  
8277.869242  
8178.315926  
8107.247659  
8142.071525  
8107.799553  
8185.536383  
8186.331802  
8198.821747  
8173.237688  
8173.140939  
8200.208052  
8225.779767  
8217.087018  
8234.574619  
8275.930667  
8266.811596  
8297.517158  
8343.397444  
8212.433351  
8212.864678  
8123.077794  
8128.050751  
8169.202764  
8197.196875  
8163.707119  
8137.847961  
8160.233426  
8148.949767  
8103.612343  
8125.884117  
8141.779282  
8171.433481  
8150.819809  
8163.780765  
8067.514734  
8039.005917  
8086.41361  
8195.725101  
8279.113019  
8165.437255  
8080.521609  
8098.25536  
8137.643035  
8230.913668  
8169.385451  
8176.110355  
8107.051131  
8140.48219  
8244.975117  
8229.21726  
8243.975679  
8182.386511  
8240.476098  
8221.483499  
8254.650001  
8228.176495  
8229.01381  
8190.048613  
8132.435264  
8210.079684  
8259.329834  
8233.440815  
8238.787576  
8175.228015  
8115.72914  
8167.664757  
8175.980967  
8004.085855  
8045.750341  
8131.265453  
8116.543886  
8071.607087  
8064.422337  
8086.511574  
8100.818016  
8102.555113  
8094.122847  
8031.805654  
8003.907376  
8018.345916  
8068.572394  
8122.97709  
8195.841546  
8190.023994  
8197.353552  
8126.641382  
8070.930749  
8114.041901  
8132.086797  
8083.250219  
8156.442825  
8156.33282  
8194.039748  
8133.53273  
8176.262669  
8114.520473  
8108.04756  
8180.664296  
8168.676321  
8236.785309  
8251.771221  
8237.294537  
8244.468573  
8276.466891  
8239.31116  
8244.551031  
8189.421562  
8185.717723  
8269.554342  
8245.593495  
8216.909512  
8278.573853  
8188.198283  
8148.77012  
8225.774355  
8186.908218  
8224.549667  
8264.599414  
8228.222131  
8227.947949  
8231.973245  
8195.542604  
8273.514141  
8231.867245  
8215.164618  
8179.428477  
8118.895291  
8066.166834  
8178.847051  
8171.12932  
8173.933167  
8197.523343  
8171.035992  
8177.464535  
8123.049236  
8073.212525  
8089.094893  
8093.279319  
8034.463209  
8058.233254  
7976.250028  
7912.381822  
7857.949752  
7886.077878  
7926.194799  
7929.18117  
8008.870058  
8026.722055  
7993.186621  
8055.831057  
8145.331581  
8135.710913  
8185.818674  
8164.513703  
8123.108233  
8113.575741  
8080.462135  
8091.114282  
8078.562154  
8100.282964  
8168.018966  
8123.498443  
8157.546378  
8158.930242  
8139.895022  
8177.735311  
8135.051298  
8181.102127  
8153.191244  
8136.023788  
8189.40848  
8149.793679  
8172.25169  
8196.791155  
8134.810183  
8163.986993  
8153.632021  
8101.505749  
8197.365368  
8167.556254  
8186.531963  
8223.826734  
8190.860869  
8282.131096  
8183.499622  
8147.454236  
8219.592271  
8183.785525  
8249.40997  
8206.464918  
8235.923448  
8247.169198  
8191.106484  
8140.923694  
8117.814111  
8168.829369  
8223.621722  
8318.033057  
8325.162045  
8302.261945  
8252.606054  
8195.861113  
8177.306386  
8166.506111  
8168.735915  
8167.547558  
8120.568158  
8176.723874  
8182.654967  
8197.768325  
8178.048678  
8142.091555  
8158.980274  
8179.121745  
8183.564346  
8195.245824  
8197.376822  
8211.2735  
8186.024175  
8175.20002  
8185.379558  
8117.183071  
8186.341914  
8135.594289  
8123.854514  
8121.791353  
8103.008729  
8081.937279  
8025.218695  
8071.740863  
8064.642877  
8114.957789  
8129.909929  
8161.345283  
8093.917057  
8187.614599  
8090.991701  
8093.073232  
8131.817097  
8084.945344  
8103.614469  
8105.071505  
8081.618842  
8140.048179  
8107.172489  
8116.941682  
8207.39995  
8177.298464  
8244.606973  
8200.042875  
8201.199438  
8193.979054  
8179.385881  
8256.528128  
8217.282635  
8264.510268  
8253.786355  
8225.454214  
8216.864886  
8206.29756  
8214.867218  
8171.402828  
8207.743896  
8243.590308  
8225.548519  
8258.079351  
8249.368103  
8231.979583  
8191.710441  
8146.164567  
8175.658954  
8162.778629  
8146.451656  
8107.510583  
8124.668013  
8130.366495  
8093.400778  
8078.716194  
8015.484186  
8062.300147  
8212.784606  
8166.760937  
8062.26907  
7988.661036  
8028.039861  
8015.82327  
8005.62668  
7953.401823  
7931.824352  
7915.170721  
7928.170898  
7937.880733  
8039.986928  
8046.003502  
8096.221697  
8206.091635  
8176.526303  
8205.282211  
8208.423636  
8210.748257  
8270.609768  
8278.366963  
8249.459871  
8188.348602  
8184.25082  
8245.910266  
8227.534888  
8283.676522  
8238.653137  
8248.402122  
8206.2097  
8132.02259  
8172.093001  
8132.165858  
8185.287897  
8196.131272  
8177.71416  
8158.561294  
8159.674504  
8137.526223  
8204.229509  
8168.198573  
8123.872375  
8098.426121  
8102.889846  
8169.341717  
8180.38737  
8128.520817  
8107.382345  
8083.896532  
8044.447113  
8093.60185  
8084.349498  
8167.294219  
8174.930541  
8156.465933  
8183.460489  
8159.898168  
8210.650632  
8211.242079  
8206.259208  
8238.394308  
8215.650709  
8190.070938  
8177.764943  
8168.698757  
8166.049659  
8094.591312  
8101.351313  
8092.843006  
8123.644604  
8168.970468  
8182.388606  
8173.924309  
8180.087859  
8143.818699  
8127.098266  
8151.543498  
8133.667972  
8112.13222  
8122.896152  
8083.391794  
8120.874927  
8114.945082  
8157.709071  
8167.442382  
8216.845935  
8221.740107  
8183.179068  
8133.679648  
8164.157817  
8109.594728  
8138.291018  
8153.418317  
8157.80346  
8177.346984  
8122.619083  
8112.818426  
8142.201655  
8089.865338  
8109.134757  
8134.989702  
8160.783055  
8164.946884  
8098.645302  
8085.443343  
8109.021529  
8151.200488  
8181.528011  
8173.129179  
8220.476686  
8210.12951  
8176.178908  
8216.3726  
8171.337286  
8143.458627  
8166.297832  
8262.332771  
8254.067703  
8276.382774  
8212.051969  
8230.922219  
8162.905389  
8183.31299  
8182.389879  
8165.567158  
8139.959301  
8118.752284  
8137.538759  
8119.238641  
8124.446522  
8164.988349  
8090.278119  
8078.778539  
8066.34724  
8085.74102  
8131.388411  
