8276.095179  
8127.452042  
8144.209559  
8121.720673  
8199.135325  
8248.956319  
8217.768896  
8170.104732  
8182.319721  
8154.579624  
8155.524757  
8132.552993  
8105.665468  
8125.672609  
8110.184575  
8061.826924  
8053.398007  
8050.790037  
8087.085802  
8081.170518  
8111.983539  
8124.049819  
8126.947802  
8144.272757  
8119.470182  
8075.144627  
8016.912309  
8021.762997  
8178.855521  
8185.09651  
8175.169956  
8234.753718  
8136.841418  
8119.965301  
8100.761061  
8083.894745  
8149.753614  
8080.49555  
8152.261643  
8160.531478  
8171.593898  
8205.563575  
8250.421527  
8202.389623  
8130.666149  
8124.350855  
8118.779552  
8123.153937  
8177.07933  
8203.839072  
8229.050061  
8187.930195  
8150.550318  
8112.095144  
8119.327931  
8182.992198  
8116.400108  
8149.425225  
8113.399908  
8083.583851  
8068.137943  
8058.504713  
8121.304291  
8104.829144  
8090.219027  
8076.92429  
8086.427884  
8076.908597  
8082.042832  
8078.257253  
8095.315708  
8041.269895  
8119.311719  
8109.539685  
8118.162257  
8107.06403  
8128.615079  
8128.691833  
8154.479683  
8137.298172  
8119.755681  
8145.83114  
8150.941785  
8193.822155  
8132.718141  
8132.278308  
8142.993566  
8101.44025  
8049.691629  
8089.450488  
8116.981038  
8137.050669  
8159.353488  
8162.115776  
8166.253439  
8163.133902  
8149.129514  
8193.613071  
8202.535483  
8161.706275  
8195.904154  
8191.745459  
8211.124776  
8185.61878  
8121.943345  
8040.509619  
8084.40974  
8183.950452  
8201.100713  
8231.712598  
8230.824435  
8190.58541  
8213.165188  
8170.679458  
8182.640305  
8171.739471  
8188.277259  
8176.969068  
8091.506653  
8086.990067  
8038.563635  
8027.904647  
8036.767463  
8080.42477  
8092.95823  
7988.146056  
8019.99224  
8008.613583  
8074.256585  
8117.60791  
8151.123083  
8207.717505  
8209.674303  
8226.680836  
8178.833184  
8177.06597  
8179.324193  
8211.818576  
8183.203281  
8175.229685  
8196.942411  
8224.100455  
8184.517162  
8129.563752  
8124.549549  
8148.027039  
8160.133302  
8200.585013  
8164.926012  
8217.724326  
8188.153684  
8189.83144  
8146.875043  
8029.596694  
8008.103151  
8041.447504  
8023.400143  
8071.784807  
8081.961592  
8098.930235  
8096.873951  
8102.389577  
8111.556089  
8146.298902  
8186.911787  
8240.119649  
8271.683485  
8267.093719  
8238.705105  
8227.777687  
8236.278896  
8267.496051  
8208.873265  
8184.834323  
8131.831135  
8159.716754  
8212.277582  
8186.107865  
8218.77957  
8192.133169  
8200.201312  
8138.009017  
8080.515098  
8082.517798  
8094.199545  
8111.345388  
8080.590166  
8011.991515  
8025.331762  
8050.667061  
8079.242967  
8100.424212  
8023.547298  
7974.61786  
8001.133989  
8012.479311  
8056.018139  
8074.236228  
8099.62512  
8106.194085  
8096.004999  
8084.461503  
8102.85337  
8145.148921  
8153.630004  
8221.948901  
8233.683473  
8186.270191  
8191.804052  
8141.367161  
8180.315162  
8228.951551  
8200.754551  
8210.960892  
8156.155077  
8144.707003  
8127.238804  
8113.41346  
8142.437798  
8142.26743  
8115.910665  
8120.919576  
8119.524689  
8117.34265  
8141.026292  
8172.632008  
8186.672385  
8197.861692  
8181.51785  
8168.358012  
8152.099851  
8162.244723  
8109.365883  
8127.054159  
8130.25512  
8128.649673  
8189.493233  
8161.523588  
8187.905724  
8115.917397  
8074.63058  
8076.928443  
8067.588359  
8111.430715  
8108.913162  
8057.649372  
7989.952426  
7984.587186  
8046.041835  
8075.687705  
8127.67061  
8162.677622  
8202.217043  
8134.100551  
8180.922201  
8161.009101  
8187.574497  
8152.31112  
8133.905157  
8117.160706  
8173.705864  
8142.951594  
8137.643016  
8122.378416  
8096.238037  
8163.451717  
8125.783839  
8114.677919  
8096.912667  
8048.617003  
8047.744183  
8093.895229  
8159.460366  
8156.6157  
8140.369013  
8184.754831  
8223.47877  
8254.288289  
8227.869179  
8195.30808  
8198.545242  
8184.695694  
8140.285577  
8160.405639  
8187.224631  
8159.345948  
8152.332484  
8160.372201  
8103.900541  
8044.583575  
8065.673151  
8081.030917  
8138.845446  
8164.093364  
8164.038324  
8158.40134  
8137.010003  
8162.717249  
8174.578789  
8178.347438  
8167.457111  
8209.060174  
8194.920456  
8131.364815  
8043.738793  
8036.144833  
8055.910625  
8047.799064  
8121.42311  
8050.678134  
8080.179854  
8142.757796  
8082.679739  
8123.108262  
8096.160753  
8069.888999  
8094.461026  
8126.965455  
8180.694238  
8121.698888  
8078.583402  
8092.083669  
8093.947313  
8137.143214  
8141.332805  
8125.147125  
8164.162521  
8150.50957  
8200.443874  
8130.149385  
8146.684765  
8166.632499  
8156.563672  
8173.612565  
8150.083682  
8128.619617  
8146.853113  
8130.422467  
8066.766378  
8042.892086  
8028.464076  
8100.557552  
8131.206673  
8167.813809  
8117.724428  
8126.153929  
8104.338786  
8131.71881  
8175.030586  
8133.92461  
8117.928967  
8102.460118  
8169.619091  
8207.985196  
8251.055157  
8231.538837  
8188.015166  
8137.579417  
8125.946443  
8114.479883  
8116.759656  
8167.828353  
8117.566981  
8095.145757  
8087.923939  
8105.915395  
8067.514147  
8050.126354  
8134.473455  
8164.380482  
8209.822225  
8179.197386  
8192.042983  
8175.445397  
8193.006009  
8235.86052  
8166.333876  
8147.253429  
8126.446915  
8146.222964  
8181.760213  
8154.268961  
8192.442451  
8236.925568  
8253.042553  
8270.356086  
8255.454736  
8218.876881  
8103.162724  
8113.960858  
8159.769405  
8088.563022  
8163.815891  
8128.518799  
8144.542234  
8133.641952  
8164.455324  
8198.077343  
8291.936858  
8162.012026  
8182.962669  
8172.820387  
8203.905561  
8135.541521  
8112.620275  
8110.004257  
8151.90005  
8142.789296  
8094.419005  
8144.415176  
8156.749236  
8042.610208  
8043.198632  
8006.664993  
7999.660928  
8030.104889  
8101.266591  
8178.491471  
8174.52414  
8207.723452  
8189.63119  
8220.884396  
8195.51834  
8185.439389  
8187.403813  
8154.426075  
8115.751075  
8097.170726  
8070.587327  
8076.696522  
8112.478851  
8076.078322  
8115.043003  
8113.777763  
8106.261316  
8149.1934  
8150.543366  
8237.236034  
8222.504674  
8207.956218  
8178.310498  
8102.792517  
8172.228155  
8170.978744  
8091.560605  
8091.020051  
8063.659047  
8060.280137  
8091.35418  
8083.425261  
8098.916894  
8136.843973  
8127.221936  
8155.887521  
8151.428263  
8136.950603  
8126.494452  
8080.18055  
8109.001572  
8114.6044  
8122.855844  
8142.881732  
8163.841696  
8122.515995  
8121.149554  
8122.600726  
8162.539258  
8165.026708  
8212.901802  
8202.926784  
8185.335888  
8170.588399  
8184.211769  
8208.53026  
8254.575046  
8189.781084  
8176.631313  
8165.652898  
8152.154705  
8147.009318  
8175.825784  
8133.523462  
8145.884948  
8122.761988  
8127.246938  
8099.154195  
8090.392168  
8099.62773  
8125.919231  
8192.129357  
8135.314309  
8091.912146  
8053.962034  
8017.274658  
8013.418095  
8036.238174  
8112.91625  
8121.089745  
8141.164296  
8128.826836  
8231.556083  
8157.255532  
8123.512564  
8090.539927  
8059.300552  
8044.495363  
8016.488168  
7986.851108  
7998.65944  
8061.760013  
8064.131075  
8155.825627  
8118.209718  
8105.727166  
8093.102958  
8034.976919  
8054.980114  
8096.679269  
8105.522236  
8162.159944  
8199.140888  
8175.361454  
8133.561967  
8092.086881  
8126.067692  
8140.475346  
8169.079987  
8238.626292  
8240.351798  
8249.254221  
8244.463199  
8214.509685  
8171.648697  
8168.900297  
8153.742997  
8156.996449  
8173.830225  
8194.507702  
8136.935773  
8127.046848  
8167.528992  
8206.458556  
8152.497753  
8040.085741  
8060.783506  
8114.3589  
8126.500301  
8134.991185  
8139.727408  
8148.628715  
8135.994153  
8110.770323  
8054.346434  
8012.61161  
8003.356684  
8047.542641  
8045.78465  
8065.586775  
8068.33957  
8091.971743  
8090.736629  
8098.732191  
8067.222039  
8108.203798  
8110.666005  
8207.146928  
8187.83907  
8212.33255  
8213.229351  
8202.407741  
8158.814656  
8115.727596  
8141.395766  
8163.042781  
8194.609448  
8133.416375  
8156.510406  
8173.65495  
8211.474676  
8224.576858  
8172.257517  
8210.18712  
8231.353825  
8230.927645  
8200.8632  
8223.81617  
8175.705528  
8166.51027  
8199.147126  
8152.812802  
8195.303412  
8205.466569  
8204.760012  
8236.719344  
8154.268099  
8159.597847  
8165.511438  
8212.149932  
8237.840079  
8271.316829  
8298.787958  
8215.860697  
8130.165306  
8108.672236  
8061.675916  
8067.351545  
8123.922273  
8077.660374  
8055.315833  
8101.478756  
8061.305759  
8071.048059  
8094.505483  
8073.904572  
8059.464234  
8087.82195  
8122.609476  
8114.869481  
8074.112193  
8069.380882  
8050.916844  
8063.411753  
8078.719999  
8073.272003  
8092.180414  
8106.724691  
8133.38173  
8128.13993  
8171.376248  
8187.687223  
8200.140399  
8171.079978  
8173.759979  
8123.476095  
8041.770582  
8029.525961  
8023.555475  
8054.188572  
8005.35586  
7975.340856  
7956.20787  
8025.929359  
8037.131304  
8064.675564  
8053.618443  
7972.25755  
7958.757383  
7938.19517  
7883.066534  
7966.771835  
7924.713913  
7938.102203  
7994.764708  
8021.651642  
8078.090944  
8158.828663  
8175.060139  
8138.340156  
8148.682605  
8113.820407  
8129.520139  
8118.550875  
8092.070583  
8078.034531  
8078.174688  
8059.537659  
8139.404509  
8193.659702  
8195.520778  
8174.300103  
8121.717191  
8145.596918  
8078.707843  
8106.303775  
8089.417599  
8243.869834  
8219.17648  
8205.448354  
8226.440511  
8145.831396  
8171.023125  
8158.251371  
8164.586732  
8182.432146  
8248.734416  
8211.286547  
8189.826722  
8158.486217  
8181.952707  
8150.565165  
8112.354499  
8179.718231  
8234.418202  
8183.687953  
8198.854346  
8238.848729  
8250.023778  
8226.626508  
8205.808401  
8209.834279  
8151.851591  
8177.357724  
8181.129604  
8149.297414  
8221.579242  
8175.635482  
8112.189433  
8072.667852  
8011.548112  
7996.610545  
8013.441551  
8021.451913  
8034.370678  
8044.524604  
8027.866234  
8095.131578  
8114.778552  
8155.736363  
8184.902331  
8109.700581  
8097.696419  
8141.058955  
8173.671838  
8204.229261  
