7027.361955  
6995.466373  
7127.949467  
6985.373484  
7029.785364  
7042.678306  
6981.315715  
7012.482302  
7106.675731  
6998.992349  
7052.415831  
7103.838932  
6935.924998  
7027.909175  
7009.685381  
7001.170622  
7047.976111  
6875.715424  
6989.020563  
6974.989539  
6965.319262  
7028.416237  
7009.89115  
7056.14665  
7017.298745  
6950.668264  
7080.009793  
7131.210776  
6912.670355  
7000.386737  
6914.644794  
6937.771927  
7012.53815  
6990.58444  
6953.168908  
6943.360683  
7023.304407  
6995.401763  
6974.161515  
7046.745251  
7102.048473  
7062.456773  
6964.231703  
7052.887797  
6995.180816  
7006.552965  
6937.710343  
7008.98678  
6954.881256  
7020.4454  
7055.929167  
7035.223356  
7011.122213  
6959.806019  
7138.209864  
7107.002068  
6985.163837  
6937.38594  
6996.308428  
7020.096164  
6956.59053  
7016.515293  
7051.556231  
7050.721362  
6974.924275  
6947.112014  
6992.268536  
6953.975346  
6978.420318  
7085.430696  
7052.083952  
6908.052034  
7002.28663  
6986.427642  
6948.813776  
7097.169512  
6979.419788  
6975.008213  
6988.627045  
6976.966603  
6995.315282  
7072.870555  
7074.963738  
7034.823168  
7054.123411  
7049.684603  
6988.533295  
7065.36973  
7115.116556  
7024.721482  
7069.8822  
7054.811878  
6953.588651  
6933.79734  
7004.187703  
6920.070432  
7079.532052  
7007.598103  
7031.632932  
7054.750811  
7079.582271  
6951.693917  
6992.173994  
7073.281876  
7127.46576  
6970.906665  
6975.638529  
7073.754671  
7044.047253  
6987.173722  
6998.795148  
6981.122236  
7025.787851  
6980.554075  
6987.528795  
6952.537165  
7053.066816  
7098.915956  
7004.107523  
7008.948638  
6922.249106  
7026.745716  
6937.532793  
7086.141979  
7034.842377  
6982.516164  
6546.967294  
7184.594109  
7131.663602  
6999.118989  
7036.499194  
6992.390832  
6967.685266  
6965.311666  
6964.577485  
7097.817346  
7096.139598  
7059.267716  
6968.834086  
7039.250723  
7064.732643  
7057.716101  
7054.853511  
7066.876451  
6961.760544  
7129.437403  
7045.45956  
6907.212545  
6976.464167  
6989.599338  
7007.925141  
7002.451932  
6893.835924  
6931.707036  
6975.295014  
7051.041619  
7016.876773  
7145.850448  
6950.582031  
6951.758596  
6953.395729  
6961.131057  
7098.855888  
7024.789279  
7004.094828  
6978.605524  
6999.751626  
6992.924814  
6989.931908  
6955.754012  
6999.668112  
6938.23245  
7018.014013  
6925.042545  
6950.843331  
6995.911041  
6992.550966  
6956.184428  
7015.866589  
7087.073086  
6986.830525  
6945.039703  
6932.888718  
6935.470353  
7042.585122  
6982.343423  
6959.43721  
6936.946298  
6882.799671  
7001.789436  
7001.627801  
6995.981818  
7078.032885  
7082.477198  
7084.109794  
6794.350577  
6738.66029  
7117.151165  
7057.183603  
6960.601157  
7002.298349  
6960.773608  
7042.417711  
6987.953392  
7006.283678  
6977.41555  
7038.776109  
7033.697091  
7060.662446  
7050.50006  
7099.490824  
7045.741506  
6992.264658  
7039.310026  
7068.403154  
7092.534714  
7102.308216  
7067.746407  
7043.789717  
7042.231611  
7103.653095  
7062.892412  
7128.590949  
7019.847302  
7012.699896  
6966.888875  
7002.248742  
7089.661824  
7013.523613  
6972.434156  
7033.030568  
6965.297483  
6936.310929  
6942.34732  
6952.486231  
6955.190287  
6954.940918  
7088.314601  
6986.082165  
7112.003888  
6988.95646  
7057.508278  
6993.00731  
7041.977161  
6975.217948  
7073.913095  
6996.591926  
7069.744265  
7088.979483  
6993.619786  
7030.923363  
7059.121333  
7008.283936  
7020.303997  
7061.428531  
7008.525271  
7143.306691  
6961.730215  
7002.995278  
7094.957017  
7082.223946  
6986.524432  
7105.209542  
7065.437228  
6949.801956  
7087.824062  
7051.404564  
6942.356183  
7104.096892  
7038.496324  
6994.911091  
7081.44066  
6913.728903  
6909.782323  
6945.527408  
7041.609145  
7061.840489  
6895.959155  
7020.563933  
6985.543517  
6965.711513  
7069.2912  
7088.584302  
7086.077439  
7090.420558  
7095.506679  
7056.627478  
7089.412644  
6944.99667  
7021.493758  
7074.037459  
6638.813219  
7110.034516  
7025.514847  
6997.133614  
7077.353087  
7082.25679  
7040.545355  
7043.723085  
6947.50807  
7052.824781  
6973.2215  
6977.466995  
6991.906628  
7015.143172  
7046.668706  
7068.6961  
6973.600945  
6998.152505  
7005.174436  
7024.034415  
6901.27961  
6846.48713  
7072.70793  
7070.125507  
6981.853166  
7029.339379  
7041.731929  
7053.149681  
7005.251608  
6982.219003  
7063.171797  
7060.745624  
7012.059229  
7006.08345  
6996.706658  
7087.910856  
7035.605441  
6996.419042  
7115.156655  
7084.022419  
7034.853999  
7160.411119  
6440.258006  
6975.609043  
6972.500894  
6997.736618  
6993.706451  
7047.755122  
7056.403993  
6957.875147  
6980.431295  
6921.033834  
6915.868487  
6940.964153  
6946.002041  
7063.350406  
7034.728433  
7020.146065  
7000.037602  
7079.53599  
7072.794378  
7035.291776  
6942.269748  
7071.780881  
6952.863903  
6930.349006  
7026.647618  
7009.261456  
6988.958257  
7079.764266  
7009.392002  
7068.115253  
6990.598822  
7019.385355  
6949.183451  
6945.321685  
6970.984458  
6871.112051  
7058.711384  
6985.981141  
6914.174584  
6883.755491  
6976.364253  
7047.646503  
7163.991004  
6981.351816  
7045.214355  
7101.2074  
6989.081147  
6980.668462  
7074.402579  
6971.143969  
7007.334648  
7002.895181  
7081.458335  
6505.593068  
7168.584896  
7086.117178  
6962.14344  
7051.128713  
7009.621923  
7030.528233  
7120.460325  
7074.83842  
7083.783673  
6981.109131  
7113.471201  
6967.451674  
7066.348343  
6986.519973  
7079.567756  
7147.298096  
7017.330262  
7092.512253  
6992.617459  
7022.307018  
6919.690209  
6988.69429  
7052.12383  
7037.827121  
6953.359854  
6906.139731  
6947.12084  
6909.477323  
6975.297455  
6936.394651  
7012.873314  
7036.19762  
7001.222536  
7033.278984  
6967.768803  
7127.712103  
7100.557064  
6970.856229  
7093.154762  
7093.851153  
7113.844625  
6950.965083  
6980.003109  
7004.03815  
7000.358242  
6985.384862  
7073.213743  
6961.043816  
7022.042347  
6997.988687  
7041.505961  
7006.712518  
7046.457538  
7041.18264  
7033.679697  
7015.624691  
7023.071787  
6983.32865  
7074.305111  
7008.674607  
7116.667784  
7018.530029  
7047.7493  
6765.006555  
7012.225448  
6874.518205  
6871.207856  
6910.780398  
6934.773272  
6862.959353  
7069.140063  
7006.402035  
7028.70552  
6991.316448  
7039.554803  
7045.528634  
6961.642412  
7033.932433  
7004.110964  
7121.703042  
7109.841433  
7040.680121  
7097.280974  
7096.183755  
7056.302753  
7083.509586  
7119.546124  
7040.371223  
7070.176435  
7009.061966  
7067.182239  
6956.202766  
7046.979124  
7075.25755  
7041.21489  
6978.512631  
7024.380413  
7046.438725  
6958.156259  
7029.565278  
7002.367473  
6959.421225  
6913.035774  
6929.687449  
6894.400257  
7059.858924  
6967.089226  
7055.992404  
7076.200559  
6955.39659  
7097.070239  
6765.399538  
7114.072275  
7000.592165  
6944.876686  
6741.632329  
7079.034792  
7001.169411  
7036.070722  
7003.868399  
7045.837379  
6990.209901  
7044.287671  
6941.131131  
7131.648746  
7020.823053  
7025.405845  
7036.219307  
7034.837011  
7080.041495  
7087.365617  
7039.294466  
7018.669019  
6959.017592  
7022.429526  
7020.094524  
7026.238166  
7037.983647  
7032.947712  
7077.418162  
7013.259328  
7022.61605  
6953.451112  
6967.455115  
7026.052463  
6929.917296  
7019.976913  
7039.88384  
6965.925228  
6999.22103  
6962.901086  
6997.941733  
7116.108053  
7025.356174  
7037.116441  
7135.437118  
7128.213107  
7078.251566  
7093.027855  
7029.605487  
7016.515441  
7034.412533  
7036.754321  
7045.015293  
6915.949071  
6976.668609  
7055.846795  
6950.233638  
6984.417011  
6969.196367  
6970.159769  
6991.968851  
7016.380555  
6872.677909  
7040.668623  
6967.262221  
6967.156946  
6983.959537  
6990.426035  
6900.961426  
7004.252538  
6963.036589  
7034.761456  
7028.762244  
7021.044811  
7014.415108  
7074.084155  
6932.212858  
7041.485739  
6942.75339  
7045.656135  
6977.456474  
7017.897691  
6989.847108  
6926.509462  
6994.374208  
7065.015418  
7045.924441  
6912.195529  
7059.638013  
7029.465475  
6990.251382  
7086.120937  
7011.886447  
7006.359946  
6994.701821  
7083.011903  
7025.793383  
7025.117395  
7122.85762  
7033.873719  
6969.587891  
7035.346049  
6965.940522  
6994.03359  
7153.128538  
6983.171875  
7036.91789  
6971.995444  
7043.422626  
7047.949785  
7016.214779  
7058.280573  
7036.831994  
6942.868159  
7044.356104  
7076.721178  
6975.628492  
7036.969602  
7041.876999  
7141.021448  
7007.961698  
6998.22355  
7086.668236  
7019.742201  
7104.587628  
6963.421414  
6993.586651  
6993.088559  
6868.509812  
6960.556383  
7062.311639  
7038.276809  
7036.01071  
7004.395015  
6940.119385  
6977.70348  
6978.984992  
6890.612051  
7028.904633  
6955.819428  
7085.725849  
7042.928421  
6993.372559  
7052.292365  
6997.746789  
6996.742427  
7007.323601  
6929.237143  
7061.213079  
7014.729174  
6934.576227  
7028.480883  
6928.441692  
7100.510203  
7040.749014  
6870.165818  
7095.156526  
7085.663777  
7044.571202  
7108.63185  
6924.061929  
6991.171073  
