10705.80337  
10657.61801  
10694.47662  
10743.73075  
10779.01137  
10804.17405  
10835.38684  
10835.73195  
10844.48475  
10857.072  
10826.89576  
10847.32823  
10863.99806  
10870.56581  
10916.68161  
10885.02837  
10852.08818  
10795.67897  
10804.77217  
10833.45054  
10821.0767  
10838.47601  
10828.86415  
10840.56668  
10867.60018  
10848.87589  
10882.40208  
10908.7265  
10935.07451  
10920.05456  
10915.51901  
10887.85535  
10935.35567  
10912.83851  
10924.85652  
10923.15043  
10889.78303  
10891.25959  
10892.4024  
10892.30254  
10873.04615  
10866.67744  
10902.57266  
10898.39762  
10895.40401  
10912.90348  
10879.43857  
10925.86438  
10920.03871  
10905.56029  
10325.26357  
10970.64195  
10905.12005  
10820.0613  
10756.65126  
10799.68298  
10804.03411  
10814.4621  
10810.63486  
10810.54948  
10823.14251  
10815.80589  
10842.22734  
10884.77512  
10860.87464  
10872.55576  
10849.05082  
10859.43093  
10864.16743  
10832.29867  
10853.09229  
10853.28884  
10849.53103  
10845.31329  
10791.00254  
10802.66846  
10803.64147  
10820.90684  
10833.56615  
10818.4659  
10826.68993  
10819.87892  
10821.21807  
10847.27213  
10844.53835  
10847.29203  
10837.00985  
10826.65705  
10841.28738  
10852.2103  
10873.33433  
10849.10488  
10825.44704  
10799.23968  
10816.37059  
10812.0107  
10818.00643  
10836.92392  
10827.22651  
10795.78019  
10773.26169  
10713.26605  
10750.49975  
10760.80125  
10807.60658  
10800.62447  
10811.87288  
10832.70055  
10844.37315  
10883.52516  
10866.82441  
10890.87357  
10906.63656  
10883.6169  
10888.23291  
10874.53833  
10908.18654  
10882.34654  
10868.12847  
10864.02793  
10851.09844  
10849.65899  
10837.52863  
10842.17378  
10829.77166  
10784.93461  
10766.54869  
10761.76577  
10751.03249  
10787.87647  
10800.44494  
10826.4871  
10822.51395  
10842.561  
10853.8217  
10840.92311  
10850.6856  
10851.94362  
10851.68866  
10865.5462  
10880.48231  
10868.7206  
10851.18925  
10833.03082  
10845.14013  
10840.62578  
10839.51144  
10850.50502  
10848.18003  
10861.43449  
10844.69281  
10870.60671  
10876.2736  
10881.00828  
10889.26268  
10873.56004  
10890.29271  
10879.97988  
10874.50408  
10855.01215  
10865.71972  
10878.30067  
10865.49431  
10861.51102  
10878.66417  
10878.14241  
10890.07877  
10886.24349  
10879.3944  
10899.63104  
10891.90445  
10903.99593  
10914.13074  
10883.99193  
10874.02558  
10868.30876  
10858.15894  
10843.41105  
10854.42617  
10869.95524  
10863.91926  
10862.20238  
10857.84732  
10841.3773  
10807.83303  
10792.47158  
10797.94426  
10818.69873  
10809.18777  
10829.36954  
10815.91154  
10821.86612  
10818.57592  
10825.01221  
10807.51612  
10767.11196  
10782.3542  
10798.8064  
10808.48978  
10821.88384  
10824.77746  
10809.15265  
10844.44119  
10861.37421  
10861.15872  
10876.10243  
10821.93983  
10820.86394  
10814.3015  
10809.88158  
10806.07074  
10786.36682  
10797.46123  
10792.84946  
10776.15778  
10781.13436  
10771.73778  
10780.61162  
10770.16212  
10772.28835  
10812.84141  
10833.83221  
10841.39802  
10850.24726  
10786.69455  
10809.77079  
10813.62603  
10813.59624  
10837.62047  
10831.63855  
10843.28587  
10844.22383  
10854.96802  
10858.58772  
10862.12873  
10875.46018  
10870.88179  
10883.34401  
10902.66319  
10897.57401  
10868.06308  
10842.80949  
10829.95732  
10839.39821  
10821.24495  
10805.99291  
10800.97781  
10802.42738  
10811.10034  
10807.38952  
10833.06751  
10852.82689  
10871.91727  
10873.30805  
10855.64237  
10835.68323  
10814.21716  
10816.923  
10814.91677  
10815.89447  
10836.34421  
10829.61426  
10854.7826  
10838.16289  
10804.9275  
10800.84191  
10786.90264  
10811.18984  
10819.8624  
10845.85351  
10857.47634  
10874.79061  
10902.40156  
10900.21312  
10893.92042  
10880.26122  
10870.83521  
10871.60238  
10861.51776  
10868.73879  
10876.61216  
10855.06643  
10863.29341  
10849.25826  
10842.10006  
10840.51213  
10852.88186  
10875.408  
10877.06267  
10875.27499  
10909.16434  
10881.47643  
10842.49931  
10814.03831  
10838.63293  
10863.60931  
10869.94329  
10873.55181  
10854.10074  
10852.95501  
10843.41777  
10828.56748  
10841.97721  
10849.24679  
10870.08161  
10837.47627  
10812.74183  
10810.62241  
10829.00738  
10851.56227  
10859.09608  
10851.53934  
10855.52889  
10847.85077  
10865.24547  
10855.4377  
10844.44487  
10838.26455  
10836.0189  
10853.33249  
10880.91896  
10896.3665  
10890.59361  
10864.5191  
10840.32215  
10825.3386  
10807.85467  
10807.32256  
10823.48483  
10799.64677  
10798.74209  
10802.7652  
10825.28432  
10806.24973  
10799.64104  
10836.70787  
10848.83634  
10871.3694  
10892.0215  
10855.02099  
10836.4411  
10849.56791  
10841.4727  
10838.38632  
10851.85298  
10860.78213  
10886.56569  
10866.19817  
10875.13455  
10837.75555  
10788.2212  
10766.10744  
10760.37148  
10784.39118  
10792.46666  
10819.69819  
10829.61513  
10813.70973  
10815.10645  
10804.32646  
10780.27892  
10823.0138  
10842.50622  
10829.76931  
10858.43682  
10806.7247  
10792.59767  
10803.93759  
10810.25288  
10811.11461  
10801.45417  
10780.33373  
10815.13772  
10825.44478  
10856.69512  
10890.32638  
10894.36138  
10896.76651  
10885.0123  
10881.14716  
10885.32739  
10857.36742  
10860.37333  
10888.45976  
10857.41661  
10889.23809  
10895.89903  
10867.42712  
10800.48736  
10789.26967  
10781.23781  
10825.16199  
10870.83858  
10886.55865  
10896.58813  
10923.35586  
10891.89934  
10886.24972  
10876.86339  
10837.16342  
10846.8875  
10846.29059  
10839.81871  
10812.65661  
10792.6974  
10781.11504  
10812.46902  
10839.70204  
10842.00162  
10810.27684  
10745.84386  
10731.45791  
10726.92401  
10725.40163  
10764.24454  
10780.24583  
10821.60565  
10853.88091  
10843.48174  
10874.67903  
10903.71758  
10891.38655  
10905.49992  
10907.24918  
10897.65448  
10869.96691  
10839.37185  
10819.98459  
10817.53432  
10813.74786  
10803.90838  
10829.32671  
10827.10112  
10835.06584  
10867.08288  
10862.86209  
10898.23704  
10890.93409  
10890.86268  
10906.56425  
10907.97775  
10908.01322  
10900.16941  
10915.69642  
10868.89406  
10848.04007  
10830.04312  
10830.76297  
10822.00782  
10850.7122  
10857.38904  
10845.47005  
10835.68338  
10806.8485  
10790.5119  
10767.60614  
10779.29404  
10785.74531  
10762.82888  
10787.06648  
10801.24432  
10773.02666  
10750.84662  
10731.54601  
10718.81913  
10749.06039  
10792.07396  
10806.87831  
10837.10529  
10857.76354  
10882.66441  
10890.79887  
10852.28402  
10820.59271  
10806.14223  
10807.64713  
10807.42221  
10773.22666  
10799.65102  
10805.85992  
10829.00213  
10859.22747  
10877.92201  
10876.69237  
10893.19435  
10896.92423  
10949.42135  
10953.52971  
10951.36368  
10938.38149  
10938.89092  
10887.56885  
10838.87065  
10828.46467  
10765.96524  
10730.25713  
10794.82125  
10813.23904  
10843.71584  
10856.6807  
10875.29095  
10878.39254  
10872.11808  
10876.2144  
10876.09286  
10883.90132  
10884.16919  
10881.29506  
10866.92836  
10877.00716  
10849.55859  
10847.72658  
10838.4743  
10817.59207  
10801.76172  
10796.07118  
10802.85311  
10812.14724  
10828.46998  
10812.9425  
10796.53291  
10824.83035  
10833.80782  
10841.72769  
10832.1032  
10865.00748  
10879.99026  
10884.09528  
10901.8835  
10877.57093  
10835.63771  
10823.93164  
10783.91547  
10793.5926  
10765.31108  
10769.40298  
10782.01592  
10791.35462  
10806.88942  
10841.52573  
10812.70593  
10845.95997  
10853.63557  
10840.87448  
10835.66039  
10820.49821  
10810.15938  
10847.70183  
10862.39008  
10849.87028  
10847.56768  
10828.26702  
10841.14618  
10834.87894  
10836.01349  
10861.71998  
10832.89104  
10845.23191  
10885.35029  
10880.30784  
10870.11829  
10861.78803  
10835.59638  
10807.87667  
10802.84695  
10813.70655  
10800.60001  
10793.12491  
10816.56175  
10823.33298  
10811.016  
10824.76905  
10852.71587  
10860.66906  
10869.05808  
10851.91342  
10876.69138  
10914.52694  
10911.71455  
10899.35376  
10880.54957  
10859.76613  
10844.42236  
10804.0238  
10814.32714  
10851.75051  
10861.13498  
10863.41241  
10873.21654  
10887.53432  
10896.51475  
10876.58102  
10876.85358  
10844.40795  
10807.02505  
10790.33664  
10814.53929  
10839.62741  
10836.39249  
10843.28619  
10867.77992  
10845.8923  
10839.25049  
10864.66653  
10869.60463  
10883.12996  
10910.4636  
10889.27188  
10886.62328  
10897.19259  
10886.21067  
10860.70664  
10889.39971  
10886.13187  
10897.86704  
10910.00022  
10896.07195  
10902.04431  
10878.83133  
10876.42352  
10887.16003  
10855.67039  
10863.81114  
10879.09441  
10868.36605  
10877.29656  
10857.02049  
10851.10034  
10861.76669  
10850.51949  
10861.45529  
10856.08104  
10845.5675  
10846.49973  
10848.36124  
10876.64279  
10849.83144  
10863.80645  
10855.90527  
10841.38333  
10845.50599  
10822.44856  
10875.787  
10889.87829  
10882.42194  
10876.75335  
10874.58581  
10808.06716  
10779.67212  
10738.45443  
10721.30149  
10761.5328  
10818.19406  
10798.12643  
10817.07927  
10818.09483  
10829.28628  
10814.85373  
10809.93188  
10814.23783  
10822.54208  
10861.1778  
10855.76611  
10844.31505  
10821.48576  
10780.34943  
10747.32649  
10751.73294  
10766.97782  
10766.21672  
10785.34894  
10800.89262  
10813.80067  
10830.15704  
10840.51245  
10809.95637  
10791.3271  
10806.62996  
10812.18746  
10820.90296  
10818.10895  
10822.86535  
10794.25752  
10799.72925  
10813.80972  
10827.83945  
10888.66376  
10897.59893  
10853.66447  
10828.70889  
10791.63967  
10776.68741  
10779.7441  
10827.61945  
10866.78833  
10878.65689  
10893.97121  
10923.09525  
10943.4903  
10928.9005  
10925.79866  
10934.69181  
10920.20156  
10892.26248  
10871.46547  
10849.80996  
10831.18226  
10845.78244  
10865.65612  
10884.26941  
10832.08176  
10810.82066  
10820.8353  
10789.64817  
10794.92289  
10824.81627  
10827.19299  
10850.14566  
10856.22528  
10829.93815  
10812.92818  
10828.23208  
10827.96638  
10829.22576  
