7004.131527  
6987.781093  
6948.356483  
6987.555836  
6993.853165  
7003.721629  
7060.802441  
7053.943812  
7086.388699  
7125.815318  
7103.841755  
7082.205838  
7100.75316  
7093.259273  
7087.993345  
7080.399176  
7059.331033  
7080.63387  
7074.172949  
7108.926279  
7138.07449  
7136.779223  
7141.922577  
7145.594168  
7143.028221  
7142.942208  
7135.027638  
7139.199741  
7126.417435  
7137.695908  
7159.4756  
7165.735641  
7169.580438  
7152.647803  
7170.106756  
7177.701277  
7190.930377  
7213.716825  
7198.821081  
7196.046663  
7240.329448  
7217.331273  
7187.982867  
7194.978168  
7193.162336  
7194.372513  
7219.346058  
7227.051293  
7177.75137  
7219.979622  
7222.60672  
7186.18586  
7212.682671  
7223.179441  
7214.031738  
7226.733429  
7224.958327  
7225.956992  
7231.207494  
7231.302068  
7206.490043  
7211.686736  
7181.624701  
7181.145083  
7154.659634  
7157.797913  
7145.212832  
7175.25303  
7184.677891  
7198.1319  
7206.294085  
7202.871158  
7169.371202  
6938.686569  
6989.277715  
7000.928645  
7007.132488  
7001.521813  
6982.275191  
6985.911015  
6988.235368  
6987.384154  
6988.575494  
7018.517001  
6988.71456  
6969.046775  
7005.150602  
6995.974736  
6996.16402  
7038.59675  
7039.583855  
7017.591924  
7061.65463  
7029.832054  
7032.493859  
7056.873988  
7094.022927  
7052.580793  
7073.274568  
7094.785195  
7056.967851  
7085.378285  
7107.059445  
7082.733574  
7087.76607  
7108.712169  
7108.791947  
7087.793826  
7104.154962  
7096.594929  
7089.816111  
7111.321715  
7130.820563  
7122.141278  
7120.649826  
7143.925169  
7131.320552  
7116.380568  
7151.179896  
7150.435405  
7106.255702  
7109.502647  
7109.430186  
7098.523328  
7085.108924  
7096.213326  
7131.358542  
7121.623346  
7102.000494  
7127.493327  
7120.48762  
7129.921782  
7124.054103  
7112.42603  
7121.060448  
7118.205368  
7106.800227  
7096.351875  
7102.494593  
7115.750681  
7113.46273  
7116.239781  
7140.335689  
7119.352864  
7120.791265  
7118.320268  
7122.507278  
7129.520212  
7102.154274  
7132.182266  
7115.023525  
7127.680994  
7139.018024  
7154.389143  
7142.538051  
7142.26177  
7143.849321  
7148.52401  
7149.216278  
7132.396599  
7122.878467  
7083.171444  
7104.063985  
7107.543058  
7101.891306  
7108.736614  
7124.953756  
7126.899364  
7099.568284  
7131.586746  
7139.815738  
7115.01861  
7121.922134  
7128.35829  
7108.042272  
7115.638695  
7121.262484  
7094.822661  
7096.78009  
7115.092524  
7122.990649  
7133.099571  
7157.471141  
7188.086784  
7165.061662  
7160.04153  
7152.055862  
7118.618024  
7105.542451  
7124.495965  
7110.46603  
7096.656114  
7122.259848  
7133.131387  
7145.996685  
7138.518976  
7162.329594  
7162.639042  
7162.210661  
7166.824216  
6972.205099  
7024.50529  
7050.424547  
7041.735749  
7050.63652  
7032.746383  
7053.488086  
7069.813673  
7048.090742  
7069.010096  
7070.966412  
7082.808594  
7068.693068  
7082.861218  
7097.239987  
7115.357078  
7112.069889  
7138.615163  
7150.708457  
7122.226608  
7097.892298  
7128.766772  
7114.145086  
7091.144816  
7106.646511  
7120.104831  
7116.773791  
7101.83524  
7125.214507  
7126.094268  
7123.979815  
7122.588852  
7137.979448  
7138.066668  
7133.698589  
7131.76822  
7126.514953  
7120.189278  
7117.722117  
7129.269485  
7121.752682  
7129.877358  
7160.838152  
7144.289159  
7133.002792  
7139.483255  
7157.943607  
7119.763537  
7141.856511  
7161.943992  
7164.001867  
7190.176857  
7189.61501  
7126.231484  
7100.40327  
7113.513541  
7113.56569  
7093.27488  
7091.719056  
7105.912683  
7115.405475  
7111.181661  
7133.153006  
7148.051662  
7108.751193  
7106.109575  
7111.713149  
7093.188313  
7080.187119  
7088.652128  
7102.88256  
7118.045627  
7119.706968  
7142.020686  
7117.903046  
7117.593453  
7114.259564  
7118.03583  
7099.417571  
7121.399958  
7145.2897  
7148.626221  
7176.78943  
7190.120074  
7187.161063  
7171.589511  
7155.915451  
7166.069197  
7118.619484  
7108.665729  
7129.317328  
7141.679524  
7123.417083  
7153.236518  
7150.772194  
7134.224838  
7133.97915  
7139.911194  
7139.730971  
7136.975898  
7139.221155  
7124.014777  
7115.295134  
7123.100891  
7143.980509  
7147.358861  
7132.401125  
7133.908604  
7155.6501  
7151.70562  
7154.859574  
7166.239364  
7195.383338  
7177.198737  
7201.729631  
7198.470554  
7171.16092  
6978.113307  
6899.523268  
6938.143569  
6988.016257  
7013.740784  
7055.048931  
7061.591781  
7077.521941  
7091.585615  
7056.997659  
7063.637379  
7060.294782  
7054.256943  
7053.020772  
7079.781378  
7102.285822  
7060.228038  
7090.264754  
7096.901536  
7085.931066  
7108.097417  
7109.832522  
7129.074163  
7113.872861  
7083.670812  
7093.158088  
7079.325367  
7058.059784  
7081.600076  
7097.188629  
7057.92274  
7108.11371  
7124.072253  
7103.612814  
7109.282698  
7133.004745  
7127.532785  
7085.241068  
7090.104647  
7071.684456  
7058.182133  
7068.527828  
7088.976749  
7132.309509  
7107.596747  
7142.996883  
7172.510195  
7130.431707  
7144.851125  
7149.806473  
7134.861981  
7114.601671  
7110.176367  
7111.707229  
7073.27751  
7071.025163  
7111.778935  
7125.304617  
7077.723472  
7119.209185  
7130.466369  
7094.642311  
7103.174756  
7109.756816  
7117.720878  
7104.670402  
7137.198879  
7129.386409  
7099.275939  
7100.2589  
7110.983607  
7111.718252  
7081.052966  
7111.574885  
7109.903601  
7086.948955  
7102.115625  
7113.068703  
7132.917247  
7112.804383  
7158.591713  
7170.386884  
7148.953354  
7158.33826  
7156.992511  
7157.454134  
7147.83002  
7165.66118  
7111.916512  
7045.345986  
7094.756755  
7114.65612  
7098.687254  
7099.11541  
7111.082957  
7086.157983  
7069.095121  
7084.721601  
7106.679947  
7085.577862  
7090.630937  
7098.852678  
7111.531172  
7071.789669  
7096.813137  
7111.668564  
7078.758925  
7092.70335  
7118.204875  
7128.616377  
7096.214631  
7115.126909  
7128.026164  
7106.015708  
7102.823724  
7116.333302  
7123.574968  
7087.423203  
7116.379802  
7139.955737  
7109.513054  
7097.634186  
7082.232794  
7111.777503  
7149.268941  
7114.869095  
7141.330067  
7158.8822  
7118.342017  
7123.741784  
7133.803876  
7147.790788  
7138.282321  
7164.119537  
7167.829812  
7133.476631  
7169.50174  
7163.188224  
7180.624243  
7140.449343  
7163.139607  
7168.22329  
7123.176974  
7129.622525  
7132.303065  
7104.598302  
7033.667291  
7038.360374  
7061.415181  
7064.190527  
7070.878218  
7104.897488  
7097.764081  
7138.413496  
7147.297639  
7116.994629  
7097.122883  
7111.788333  
7094.587022  
7091.340981  
7063.481475  
7086.394551  
7067.770275  
7089.359992  
7109.023049  
7090.229155  
7087.035676  
7107.834033  
7122.273511  
7117.047166  
7108.682757  
7119.646544  
7120.202466  
7116.158036  
7143.560604  
7154.306356  
7125.315179  
7133.393352  
7137.052787  
7115.686613  
7111.16885  
7123.82506  
7123.607031  
7116.850803  
7110.575644  
7163.685252  
7132.24023  
7127.358961  
7136.491311  
7158.825648  
7101.055654  
7129.220043  
7139.013171  
7092.393307  
7118.233956  
7143.062546  
7112.464845  
7112.289016  
7145.557237  
7117.964168  
7119.624217  
7153.390621  
7143.29827  
7126.184838  
7143.768662  
7147.852313  
7107.009433  
7127.753781  
7114.080132  
7113.309987  
7095.47396  
7110.920662  
7121.420755  
7086.406871  
7082.96917  
7081.119982  
7063.306122  
7057.993365  
7072.278975  
7087.082226  
7084.378396  
7124.872357  
7126.567041  
7100.724196  
7115.655653  
7149.030349  
7151.05297  
7130.877361  
7147.386763  
7159.17003  
7118.040379  
7109.869135  
7115.760924  
7097.966452  
7110.540838  
7126.274086  
7121.148979  
7102.708804  
7113.075582  
7105.403531  
7108.508605  
7123.522744  
7125.238446  
7118.097389  
7119.231908  
7114.218567  
7116.438021  
7083.759182  
7094.071352  
7094.063634  
7092.766587  
7102.239318  
7140.113675  
7127.904262  
7134.481716  
7121.133069  
7133.008113  
7122.719105  
7127.047683  
7146.241158  
7116.204545  
7143.666321  
7133.560178  
7123.294045  
7135.405837  
7129.353818  
7119.612584  
7096.501282  
7116.42534  
7118.342126  
7077.845284  
7095.713209  
7095.323958  
7099.786231  
7111.289926  
7134.520894  
7117.616549  
7111.914619  
7142.565852  
7137.892716  
7110.037588  
7122.709282  
7130.285983  
7092.545341  
7100.148959  
7086.688313  
7077.063491  
7062.101491  
7115.055281  
7122.529052  
7099.501392  
7106.405535  
7140.074147  
7101.307508  
7122.316553  
7156.604606  
7104.862319  
7136.390829  
7117.608248  
7106.71247  
7107.340562  
7125.936304  
7109.368726  
7102.531471  
7114.983298  
7120.863762  
7078.083617  
7119.295956  
7126.481499  
7121.581719  
7114.607938  
7136.205374  
7135.411762  
7105.04246  
7138.802548  
7137.754794  
7117.579255  
7151.434115  
7153.291709  
7130.500313  
7141.329157  
7165.716795  
7151.517017  
7120.904036  
7138.436634  
7121.581528  
7093.525429  
7110.332376  
7114.50633  
7086.422917  
7087.931788  
7105.330196  
7087.059895  
7090.070151  
7118.393134  
7118.75164  
7119.864279  
7127.408388  
7157.122483  
7117.453023  
7113.881387  
7142.023562  
7150.890718  
7114.872251  
7121.961652  
7117.918652  
7095.810073  
7129.622466  
7132.206354  
7074.709834  
7086.407974  
7100.634174  
7075.635442  
7086.594087  
7111.786007  
7115.015533  
7105.747773  
7134.711085  
7136.058059  
7125.476632  
7145.733345  
7150.972314  
7113.809102  
7117.654904  
7118.167942  
7073.656123  
7083.331884  
7114.079128  
7089.694867  
7082.292941  
7113.623106  
7107.713157  
7105.549326  
7120.86377  
7141.334143  
7109.379015  
7119.213016  
7150.919667  
7140.588939  
7135.465224  
7044.86056  
7167.447279  
7133.490255  
7115.926264  
7102.516748  
7095.407298  
7120.324621  
7139.625103  
7104.062065  
7120.351614  
7130.449076  
7132.666522  
7115.948376  
7154.30476  
7146.137541  
7112.018046  
7128.552951  
7145.391199  
7124.471961  
7126.886883  
7145.621242  
7147.148542  
7117.003664  
7140.669777  
7100.445053  
7072.546878  
7099.613058  
7118.670728  
7091.415681  
7108.759893  
7130.884847  
7145.635284  
7119.932458  
7123.502138  
7064.454447  
7033.350552  
7052.932167  
7103.587178  
7077.109751  
7108.712282  
7135.76323  
7122.481356  
7123.786656  
7132.55945  
7109.091409  
7111.660018  
7143.481006  
7112.313363  
