10156.25385  
10072.81453  
10057.53065  
10084.62831  
10051.44336  
10094.44486  
10078.18915  
10107.25263  
10111.89361  
10128.28408  
10111.11678  
10088.23406  
10088.69515  
10055.58281  
10053.63524  
10036.32611  
10056.05948  
10071.18862  
10056.89032  
10072.32031  
10068.4913  
10056.90952  
10077.71101  
10106.36817  
10144.462  
10146.51305  
10147.2192  
10169.08387  
10165.6153  
10146.58363  
10143.81045  
10181.00106  
10121.15255  
10124.28025  
10100.41706  
10101.36918  
10106.3484  
10107.32588  
10120.15175  
10110.90117  
10120.19703  
10146.63986  
10109.46064  
10085.68631  
10056.97609  
10079.50173  
10083.23791  
10118.53507  
10117.52388  
10060.48346  
10047.53012  
10086.20924  
10074.36552  
10057.31503  
10074.39128  
10102.05713  
10047.6496  
10022.58403  
9970.355797  
9962.82635  
10006.29691  
9993.754207  
10023.09215  
10033.84999  
10095.01619  
10078.14463  
10116.27267  
10135.31203  
10141.89609  
10194.40522  
10193.80719  
10170.25035  
10146.16925  
10087.70789  
10097.21014  
10100.06885  
10101.64091  
10087.60382  
10105.04872  
10089.24945  
10086.07137  
10125.45714  
10127.43123  
10113.62239  
10118.94735  
10135.13448  
10121.05919  
10094.80334  
10106.90208  
10058.03483  
10056.13767  
10072.84838  
10128.91623  
10136.01658  
10151.23871  
10100.95626  
10038.63986  
10035.5914  
10030.49653  
10106.01178  
10109.62521  
10111.2484  
10138.67978  
10144.438  
10155.49284  
10086.70838  
10059.74772  
10009.12881  
10004.09872  
10047.65453  
10016.07563  
10051.5037  
9999.602032  
10064.37084  
10039.7767  
10018.85638  
10009.85035  
10015.53085  
10049.67199  
10069.57966  
10089.91504  
10091.74921  
10039.69507  
10045.85916  
10004.3306  
10019.90024  
10073.00129  
10079.19861  
10106.20824  
10073.38016  
10143.93286  
10149.42467  
10118.37635  
10095.45154  
10059.14867  
10084.05473  
10078.91031  
10141.61308  
10124.4549  
10119.70389  
10128.05026  
10126.77483  
10132.47806  
10102.16872  
10123.34708  
10118.97021  
10162.89399  
10175.10291  
10161.74839  
10187.44134  
10121.82083  
10097.83097  
10063.0666  
10093.33875  
10080.52348  
10095.04318  
10115.19575  
10143.61986  
10189.56929  
10186.03628  
10245.606  
10176.22207  
10102.45839  
10022.78765  
9952.664739  
10030.567  
10065.63699  
10078.69617  
10092.48749  
10056.05514  
10083.91936  
10104.63216  
10056.57925  
10080.83191  
10075.79107  
10088.37195  
10075.3269  
10092.27062  
10102.9261  
10030.14841  
10056.17539  
10042.31583  
10056.42696  
10073.15813  
10084.35445  
10103.69525  
10102.31921  
10119.1958  
10120.44653  
10101.03792  
10100.29224  
10121.5644  
10176.49263  
10158.68693  
10185.51395  
10152.81772  
10129.77625  
10120.86946  
10087.04978  
10138.27792  
10121.07384  
10130.83831  
10131.28628  
10122.71439  
10148.49544  
10153.58052  
10139.34341  
10148.6603  
10092.15433  
10078.68845  
10014.51687  
10004.37019  
10023.40432  
10051.78344  
10058.07664  
10083.6121  
10055.26968  
10040.93857  
10028.45783  
10038.36052  
10015.5535  
10057.69035  
10029.20268  
10035.72221  
10051.79249  
10078.33224  
10117.2069  
10087.79783  
10131.23457  
10140.28134  
10158.56147  
10185.85284  
10122.84244  
10137.69205  
10136.59028  
10146.11969  
10118.11006  
10144.35114  
10162.77354  
10183.22817  
10206.3807  
10181.05954  
10159.03629  
10142.15905  
10115.58875  
10148.17924  
10158.02067  
10129.05695  
10125.85326  
10115.62576  
10162.27981  
10137.97947  
10168.2188  
10147.60547  
10139.84771  
10136.14694  
10152.27623  
10141.43619  
10062.65694  
10052.8344  
10054.29532  
10103.55088  
10100.99032  
10131.79946  
10090.43577  
10074.48414  
10009.24064  
9991.332257  
10043.20276  
10072.4321  
10122.56472  
10062.19788  
10094.01509  
10092.42914  
10090.22615  
10129.91317  
10140.12562  
10125.02371  
10076.1561  
10009.53324  
9987.681472  
10018.18869  
10033.28725  
10049.63419  
10059.60558  
10082.81735  
10083.09335  
10046.0319  
9964.121253  
9985.748019  
9979.410494  
10028.52917  
10032.5909  
10072.76685  
10104.20438  
10087.38024  
10096.645  
10112.08071  
10126.47112  
10114.93095  
10080.09317  
10064.20934  
10027.4124  
10058.31196  
10094.58528  
10097.98554  
10074.63871  
10093.30002  
10026.33111  
10022.39838  
10030.91819  
10068.25017  
10121.44744  
10136.21613  
10111.93281  
10088.20671  
10061.43795  
10082.66052  
10075.01163  
10115.66271  
10107.6183  
10134.87105  
10157.24192  
10164.44747  
10167.67127  
10180.23739  
10182.61219  
10195.85276  
10167.60918  
10158.01614  
10126.70359  
10143.99619  
10139.64676  
10120.54476  
10163.21043  
10079.96261  
10066.00873  
10079.54395  
10087.27033  
10072.79195  
10023.86374  
10004.71802  
9996.891827  
10011.10648  
10010.32776  
10039.12482  
10051.86812  
10073.98834  
10116.51353  
10109.46116  
10113.74385  
10125.53366  
10095.73041  
10074.89401  
10014.59071  
10021.98422  
10067.67577  
10064.67356  
10108.05366  
10114.34346  
10126.41838  
10124.13179  
10104.98891  
10140.37708  
10135.80561  
10152.3611  
10126.27866  
10086.28982  
10087.61452  
10109.69039  
10042.04326  
10027.70977  
10060.2756  
10070.61586  
10100.63047  
10121.59723  
10082.53025  
10058.41602  
9997.702271  
9987.065984  
9992.886127  
10048.45401  
10075.5881  
10098.38185  
10108.30125  
10108.39808  
10130.73916  
10108.19895  
10127.65149  
10114.12421  
10121.7707  
10168.97784  
10175.08068  
10194.32736  
10155.7116  
10164.82003  
10114.65831  
10064.13565  
10081.78057  
10072.08733  
10063.49799  
10066.43835  
10081.34126  
10102.85854  
10108.92623  
10136.87213  
10111.26207  
10132.70338  
10126.65624  
10107.42776  
10105.29829  
10055.72774  
10061.53856  
10073.99805  
10055.47347  
10095.75361  
10103.72855  
10109.11203  
10131.56649  
10154.20641  
10159.75132  
10163.57247  
10178.52975  
10212.20659  
10159.85383  
10156.37921  
10132.93566  
10117.30457  
10095.90298  
10085.36653  
10039.48092  
10061.74967  
10081.9734  
10128.49449  
10094.97068  
10076.12314  
10096.38867  
10077.18467  
10118.84517  
10124.38112  
10111.56436  
10130.59646  
10104.48461  
10091.66002  
10096.87602  
10107.67027  
10112.96015  
10095.46986  
10117.26244  
10095.75798  
10105.76086  
10104.02452  
10107.97967  
10133.99818  
10087.88518  
10093.98904  
10123.48325  
10123.89042  
10138.78613  
10157.9836  
10165.64514  
10156.93996  
10173.59486  
10178.6455  
10164.41775  
10182.19018  
10148.39127  
10149.82569  
10111.33169  
10086.59264  
10028.35739  
10023.23022  
10000.33663  
9977.714393  
10030.04434  
10099.69941  
10134.75378  
10146.7281  
10105.57209  
10071.81542  
10083.81022  
10112.58144  
10142.18384  
10099.8993  
10056.40976  
10075.31631  
10051.07012  
10063.62219  
10037.83074  
10029.13555  
9985.476309  
9983.737784  
9985.870953  
10001.81732  
10030.29573  
10047.75308  
10016.19758  
10041.65892  
10073.96809  
10099.92377  
10104.47037  
10094.279  
10061.81217  
10044.38621  
10023.84606  
10040.41399  
10072.17948  
10069.02731  
10011.60686  
9939.893789  
9967.722412  
9990.078923  
10024.14141  
10051.94937  
10073.44884  
10096.44209  
10115.37138  
10135.48239  
10100.10975  
10095.34929  
10049.67025  
10010.38081  
10038.7195  
10076.0678  
10120.02387  
10129.39495  
10154.89032  
10164.4908  
10178.23643  
10206.95957  
10168.04688  
10199.07751  
10184.59762  
10152.82794  
10155.26103  
10129.68431  
10155.96851  
10114.39527  
10103.96891  
10083.49221  
10110.60285  
10118.7237  
10116.04184  
10161.12538  
10150.02612  
10129.62301  
10086.84523  
9974.697172  
9994.776593  
9995.774067  
10052.62642  
10074.60842  
10121.24625  
10116.51379  
10134.84506  
10157.15737  
10123.01511  
10133.3678  
10145.60928  
10162.08368  
10152.78308  
10119.85123  
10108.4587  
10065.78012  
9958.814209  
9948.242047  
9980.966421  
9984.123394  
10013.21091  
10021.15331  
10051.50332  
10064.28455  
10099.1497  
10107.3721  
10050.29764  
10070.34195  
10071.13512  
10088.58489  
10085.91141  
10096.47466  
10105.9134  
10114.41831  
10112.88273  
10114.18908  
10134.84522  
10133.45329  
10159.35737  
10178.2396  
10198.24475  
10174.18216  
10160.09679  
10170.60242  
10147.29877  
10153.57321  
10152.37789  
10146.24949  
10120.42727  
10063.79329  
10099.7897  
10108.86112  
10111.1066  
10085.71903  
10061.51345  
10079.20274  
10054.31195  
10124.83513  
10089.66283  
10084.03491  
10101.67533  
10104.93295  
10119.93326  
10126.00303  
10152.26101  
10163.30001  
10163.20219  
10186.75087  
10179.95635  
10212.96497  
10160.96134  
10109.26428  
10101.52967  
10074.5058  
10066.99447  
10066.11677  
10101.61018  
10131.3684  
10163.46541  
10171.49903  
10145.30786  
10159.92197  
10144.33201  
10132.15187  
10093.4916  
10101.561  
10094.99794  
10142.56273  
10155.8094  
10157.67462  
10174.83869  
10137.27225  
10055.52776  
10027.54247  
10006.85749  
10038.12005  
10096.07769  
10125.86091  
10166.19709  
10112.75047  
10062.95723  
9946.842736  
9916.157959  
10003.86897  
10036.0538  
10097.86802  
10091.6852  
10104.92713  
10084.92844  
10032.58866  
9996.490253  
9993.095393  
10026.89959  
10032.69603  
10051.24941  
10050.67526  
10068.2536  
10061.47935  
10105.49818  
10116.70448  
10157.84298  
10136.67284  
10165.31117  
10128.75123  
10081.97777  
10050.55167  
10048.86541  
10103.0164  
10102.42352  
10093.30319  
10102.13572  
10118.3067  
10140.29182  
10129.15001  
10130.36339  
10106.89004  
10099.68394  
10081.29428  
10093.61808  
10099.67554  
10098.64077  
10065.46594  
10061.41593  
10099.54763  
10068.45962  
10034.08565  
9945.08852  
9995.202524  
10053.51716  
10055.96269  
10051.32462  
10072.68624  
10109.34514  
10103.55919  
10087.84625  
10069.8455  
10085.16577  
10110.18329  
10128.29149  
10170.7903  
10196.21396  
10207.61723  
10188.97177  
10154.04347  
10132.51158  
10131.83457  
10134.40194  
10089.55427  
10073.82416  
10048.82598  
10054.79038  
