7365.78266  
7343.185841  
7353.944633  
7332.146187  
7397.303213  
7388.846467  
7369.991261  
7426.379949  
7411.682627  
7443.009061  
7392.442483  
7412.72255  
7392.783009  
7410.290361  
7379.256219  
7357.584473  
7360.841922  
7368.32133  
7352.845177  
7372.17374  
7383.228315  
7371.223846  
7428.615272  
7430.588429  
7449.568604  
7430.915505  
7410.814425  
7394.72476  
7387.709081  
7355.54751  
7399.561646  
7398.14471  
7434.690868  
7441.575305  
7421.783973  
7386.638966  
7428.349249  
7407.087534  
7469.560991  
7472.030176  
7512.1565  
7586.165862  
7522.584275  
7540.855469  
7528.397727  
7558.746854  
7577.002197  
7628.536762  
7604.080441  
7591.687406  
7507.877316  
7440.129379  
7429.521851  
7420.136471  
7427.319856  
7415.851034  
7460.937259  
7418.878668  
7429.178313  
7450.125776  
7435.902854  
7432.92196  
7391.745167  
7365.841089  
7340.388137  
7354.667177  
7431.253772  
7446.948198  
7495.211125  
7462.300403  
7433.401298  
7414.228444  
7409.00698  
7458.308747  
7460.498376  
7443.600508  
7446.881407  
7368.212765  
7402.558397  
7396.567815  
7426.259393  
7466.469789  
7481.480431  
7474.316018  
7462.360273  
7465.318062  
7501.553511  
7473.702402  
7477.962678  
7376.640299  
7367.102292  
7382.212772  
7356.321461  
7361.311807  
7347.97937  
7320.361003  
7335.076798  
7307.146099  
7319.332033  
7327.728409  
7332.272289  
7341.732973  
7351.895157  
7370.904003  
7390.250973  
7380.811179  
7420.515312  
7395.084729  
7348.264961  
7340.653621  
7357.422379  
7375.775647  
7416.317711  
7465.991962  
7467.348536  
7374.636709  
7341.531209  
7343.765155  
7366.372415  
7406.211667  
7408.263384  
7423.799614  
7377.762097  
7348.039789  
7384.596166  
7374.881304  
7375.474634  
7372.663186  
7373.240112  
7353.958077  
7348.160684  
7391.456502  
7399.840025  
7449.066935  
7470.824078  
7544.784042  
7501.21202  
7486.236522  
7496.3791  
7496.068262  
7513.702618  
7477.939375  
7515.7656  
7522.111037  
7454.041742  
7428.299329  
7420.832329  
7401.828266  
7403.850107  
7398.643636  
7411.541332  
7444.676758  
7430.75949  
7400.053918  
7407.174867  
7479.971836  
7511.838269  
7482.140443  
7486.90307  
7454.88511  
7415.010758  
7464.548202  
7437.04896  
7401.2405  
7443.013083  
7446.807573  
7452.69094  
7425.915906  
7414.221855  
7468.74795  
7473.55717  
7525.303389  
7493.062441  
7474.392362  
7472.796866  
7428.852464  
7425.160235  
7403.420851  
7458.39511  
7499.063351  
7447.928936  
7377.767966  
7349.984084  
7289.566225  
7295.441228  
7289.892904  
7312.88932  
7304.062594  
7311.31261  
7376.059395  
7389.581155  
7407.481458  
7352.432639  
7338.036061  
7378.718481  
7390.874327  
7406.412479  
7396.135792  
7431.438708  
7420.184768  
7412.540161  
7425.952609  
7429.702715  
7448.327192  
7440.437644  
7400.483276  
7453.062444  
7371.210208  
7340.539122  
7387.029259  
7387.981643  
7400.29587  
7390.6795  
7362.39897  
7325.637381  
7357.807273  
7385.70403  
7430.169496  
7467.213701  
7481.972165  
7421.111178  
7342.422457  
7283.247965  
7288.494297  
7330.835102  
7337.847096  
7387.275597  
7365.261403  
7328.960553  
7366.597049  
7399.463395  
7406.064475  
7463.464399  
7447.834013  
7427.500811  
7423.894018  
7458.106239  
7401.51642  
7371.535025  
7387.015387  
7327.352492  
7340.802778  
7375.930617  
7411.573493  
7386.289754  
7386.346295  
7400.511418  
7397.778361  
7393.036133  
7438.126261  
7436.668707  
7445.645858  
7448.724756  
7375.516079  
7418.515334  
7435.495646  
7444.861951  
7444.442129  
7427.24256  
7383.562663  
7356.756423  
7402.213269  
7408.191118  
7455.552803  
7424.982315  
7424.848846  
7419.634018  
7454.869263  
7472.081571  
7485.689682  
7466.536386  
7430.853847  
7421.045138  
7432.222312  
7425.123591  
7405.420385  
7411.099218  
7403.999108  
7347.341947  
7382.570579  
7402.243865  
7401.331584  
7428.958286  
7466.917859  
7492.217323  
7402.684517  
7409.566049  
7435.87157  
7447.915809  
7456.870098  
7477.546916  
7462.133742  
7410.049927  
7429.65994  
7467.0901  
7466.898309  
7513.78181  
7481.358477  
7420.166689  
7453.801179  
7475.792518  
7481.995846  
7503.305567  
7511.162256  
7440.007105  
7313.017264  
7335.390911  
7407.798684  
7438.22553  
7422.237611  
7397.543804  
7355.10226  
7368.31091  
7367.43473  
7429.980716  
7428.815592  
7439.077058  
7426.778611  
7421.906059  
7389.032026  
7359.362583  
7391.465886  
7398.353509  
7387.320873  
7387.106436  
7361.164066  
7333.948017  
7351.753189  
7365.945425  
7382.451676  
7428.053933  
7411.283929  
7413.082526  
7410.356173  
7448.624117  
7443.858614  
7435.463564  
7464.477414  
7419.853913  
7425.41548  
7407.13074  
7414.941256  
7435.474134  
7435.090686  
7422.5471  
7373.153023  
7335.217996  
7334.655793  
7312.980462  
7346.713216  
7378.897317  
7384.183681  
7382.642572  
7338.679152  
7348.509284  
7399.710621  
7379.617397  
7420.342971  
7395.314857  
7404.262057  
7396.132434  
7427.365472  
7465.263609  
7449.342129  
7479.33021  
7489.918973  
7476.343584  
7532.132625  
7526.513741  
7538.224124  
7442.401142  
7439.275776  
7411.205128  
7379.449635  
7383.960412  
7358.26258  
7357.454937  
7349.255334  
7367.204167  
7436.007593  
7462.753931  
7473.94063  
7471.497978  
7438.433146  
7414.166222  
7469.444367  
7434.377995  
7449.038612  
7440.107275  
7422.915271  
7395.012827  
7388.758019  
7365.891735  
7346.966744  
7334.009459  
7402.843428  
7385.845108  
7354.485971  
7375.905076  
7305.264605  
7426.355779  
7439.333255  
7442.697888  
7446.732976  
7407.999512  
7406.392991  
7374.739485  
7376.244031  
7396.648719  
7387.621235  
7397.588648  
7436.800127  
7438.772467  
7400.957388  
7400.864712  
7441.640791  
7407.241893  
7373.074673  
7346.654636  
7300.057918  
7313.537147  
7273.960341  
7344.408691  
7312.756686  
7333.764339  
7364.082917  
7354.330901  
7447.568951  
7442.157255  
7482.244344  
7481.043579  
7524.075249  
7497.630831  
7459.225104  
7489.426044  
7403.64809  
7467.320857  
7411.733001  
7396.259018  
7402.51776  
7348.314879  
7445.3005  
7447.278762  
7498.735129  
7424.842166  
7400.714174  
7376.628606  
7394.19956  
7347.968609  
7380.579418  
7413.554328  
7358.529519  
7449.343255  
7444.395486  
7457.26052  
7509.839143  
7436.142688  
7467.255822  
7460.053238  
7432.919465  
7499.018107  
7465.003449  
7480.354843  
7428.84622  
7442.55542  
7450.110586  
7441.658222  
7514.04239  
7422.944881  
7442.031093  
7445.272436  
7394.962891  
7452.897943  
7441.272452  
7508.322197  
7421.912494  
7460.890218  
7430.127182  
7449.289498  
7470.26703  
7399.709172  
7424.846176  
7417.483508  
7401.021879  
7443.410019  
7414.059004  
7416.482181  
7439.913803  
7361.879554  
7395.334532  
7342.472077  
7378.799967  
7397.655486  
7320.568053  
7385.494917  
7345.165086  
7426.718584  
7459.053041  
7368.714061  
7429.719939  
7380.267231  
7431.855901  
7416.849428  
7428.474966  
7508.926044  
7489.797482  
7464.917258  
7402.998967  
7425.457131  
7392.025109  
7393.445619  
7446.916723  
7354.134208  
7436.859826  
7411.892838  
7453.582153  
7447.480406  
7406.095788  
7422.897295  
7443.109923  
7411.836322  
7394.033716  
7370.66261  
7441.575421  
7374.577029  
7455.762354  
7427.734525  
7463.781691  
7443.009033  
7374.881955  
7416.76401  
7378.567517  
7385.265875  
7406.262655  
7363.156713  
7443.471664  
7359.154636  
7428.764304  
7458.947782  
7431.994789  
7519.718155  
7408.429428  
7419.98471  
7429.370702  
7329.54429  
7420.762241  
7346.502845  
7410.600645  
7347.839257  
7356.041  
7397.309254  
7331.603478  
7426.957128  
7419.004682  
7404.271841  
7453.570394  
7348.179581  
7445.210437  
7391.061379  
7415.494961  
7432.910476  
7390.01601  
7449.627639  
7386.094132  
7431.697297  
7430.817959  
7398.319433  
7407.585509  
7352.313561  
7343.658369  
7385.653439  
7363.998798  
7474.216224  
7429.865228  
7524.009778  
7483.415843  
7446.64404  
7430.520436  
7299.10062  
7367.093349  
7325.249174  
7360.992911  
7336.159067  
7302.631683  
7378.132931  
7300.998923  
7381.259947  
7377.119666  
7399.798737  
7477.832538  
7423.407292  
7489.603093  
7455.537429  
7508.159599  
7478.235749  
7404.615003  
7497.18108  
7363.201112  
7456.65738  
7433.194145  
7378.705125  
7418.860649  
7361.506861  
7412.424241  
7418.266965  
7383.539285  
7459.38013  
7410.151464  
7475.865579  
7502.331706  
7465.42318  
7465.409752  
7439.730181  
7463.786756  
7425.395924  
7422.704374  
7445.772433  
7371.324669  
7474.240713  
7475.495361  
7481.748385  
7490.920388  
7423.833327  
7480.030921  
7445.171255  
7377.768802  
7444.16924  
7432.9241  
7386.645383  
7475.763791  
7401.479054  
7459.346968  
7429.234131  
7392.567771  
7450.670776  
7365.876446  
7384.679312  
7413.351149  
7399.45992  
7448.565868  
7414.322237  
7467.882121  
7449.085972  
7386.080904  
7459.116252  
7423.583192  
7365.150024  
7333.06724  
7235.580577  
7284.288621  
7287.069159  
7290.206581  
7339.214888  
7261.810004  
7341.92524  
7344.581513  
7342.803235  
7339.770426  
7283.580577  
7372.117804  
7363.668473  
7385.264357  
7427.360877  
7356.979513  
7443.51088  
7374.924238  
7413.331565  
7439.971974  
7422.512254  
7443.75611  
7453.148822  
7527.695075  
7426.943788  
7471.577574  
7482.478757  
7473.148704  
7517.293047  
7471.825875  
7475.437237  
7505.252379  
7389.641999  
7412.715595  
7367.465766  
7417.001058  
7432.864198  
7436.60432  
7493.532483  
7372.765318  
7454.199313  
7461.608089  
7457.844223  
7605.311358  
7575.516523  
7512.188004  
7575.907048  
7533.854727  
7453.411994  
7472.92739  
7373.092589  
7335.373535  
7334.832939  
7268.29084  
7329.451332  
7361.655417  
7323.319017  
7379.165699  
7324.476243  
7378.006  
7397.156929  
7368.824882  
7433.192746  
7384.626288  
7398.125341  
7358.143091  
7282.477057  
7281.680479  
7291.304628  
7306.81812  
7306.70769  
7363.124299  
7401.629573  
7337.490472  
7420.580372  
7420.136844  
7422.03186  
7471.826341  
7432.137946  
7488.654641  
7467.828044  
7427.75939  
7473.861876  
7443.220121  
7470.350026  
7483.524161  
7481.797648  
7487.025535  
7445.927409  
7504.306534  
7439.849043  
7430.223927  
7393.715539  
7357.110974  
7402.703297  
7373.289397  
7361.899179  
7458.246951  
7385.992723  
7417.782652  
7452.011393  
7415.843875  
