10970.32072  
10892.91543  
10867.32942  
10830.68109  
10808.24827  
10837.52006  
10779.3884  
10774.53436  
10779.27019  
10771.18761  
10750.76496  
10744.31745  
10740.61673  
10760.81237  
10754.1883  
10757.0259  
10772.53054  
10756.16366  
10788.53523  
10806.30968  
10805.14626  
10807.65437  
10800.69731  
10869.7184  
10855.08751  
10848.12978  
10880.78333  
10857.54765  
10826.89507  
10848.61311  
10828.73845  
10810.75279  
10807.37238  
10831.56346  
10806.55352  
10799.03828  
10774.96701  
10788.43327  
10765.84995  
10796.09917  
10775.47855  
10804.09394  
10821.26115  
10810.85338  
10806.89598  
10839.57167  
10782.86354  
10778.00538  
10766.9944  
10780.64919  
10797.12049  
10774.14531  
10784.76609  
10792.60996  
10861.89271  
10834.57733  
10791.55066  
10768.82612  
10778.77555  
10772.76125  
10824.03959  
10792.42594  
10815.69631  
10818.03363  
10795.96427  
10763.49093  
10786.50709  
10777.99911  
10774.02611  
10823.61103  
10821.18997  
10785.15801  
10788.13684  
10796.54707  
10785.33997  
10798.61034  
10807.76722  
10777.02403  
10709.67415  
10743.63494  
10735.47448  
10755.5215  
10776.46153  
10770.69717  
10775.65925  
10772.77364  
10782.19869  
10795.88267  
10794.56517  
10743.97102  
10765.14188  
10800.43275  
10808.82967  
10776.21296  
10795.1406  
10764.71227  
10798.3188  
10787.89641  
10785.46868  
10803.05388  
10846.14787  
10829.53987  
10858.43744  
10854.12338  
10885.79636  
10856.96489  
10884.926  
10891.73367  
10859.33497  
10844.17469  
10842.66319  
10837.6691  
10858.58038  
10846.80924  
10866.73869  
10860.49823  
10855.51165  
10812.58102  
10784.56184  
10797.01921  
10793.8183  
10785.50038  
10775.11668  
10765.22526  
10779.88423  
10801.03061  
10786.14141  
10797.48524  
10817.08577  
10856.27425  
10834.22076  
10839.22628  
10878.44499  
10826.79491  
10781.07218  
10817.24394  
10799.31073  
10793.02151  
10802.78455  
10785.09592  
10745.02413  
10727.12069  
10755.17815  
10760.90097  
10763.98322  
10755.50692  
10809.07734  
10808.1151  
10791.29791  
10760.92355  
10796.9401  
10802.76772  
10802.85764  
10816.9711  
10810.6988  
10817.04429  
10814.42695  
10821.48495  
10828.29723  
10875.34433  
10850.16017  
10861.21508  
10868.3085  
10843.72094  
10831.93881  
10801.72262  
10786.97509  
10807.02092  
10848.3766  
10816.68163  
10786.17716  
10757.94095  
10754.29104  
10745.61372  
10774.82491  
10817.91113  
10818.58103  
10810.26699  
10830.16655  
10798.96366  
10809.8679  
10779.60754  
10835.65594  
10826.07335  
10821.77187  
10805.01084  
10791.23947  
10791.31154  
10829.86604  
10867.07678  
10814.8849  
10788.63767  
10788.98033  
10790.31912  
10776.74486  
10825.12671  
10807.09073  
10776.3311  
10806.69338  
10776.12211  
10770.63716  
10828.11328  
10817.26558  
10805.35938  
10832.12101  
10837.43918  
10832.68724  
10830.37101  
10797.48405  
10832.38098  
10833.02749  
10791.15094  
10811.39959  
10852.61215  
10826.11165  
10817.89186  
10819.85268  
10858.17642  
10819.08668  
10804.3152  
10876.00872  
10818.06282  
10820.59153  
10823.05485  
10786.4937  
10797.33339  
10778.47853  
10838.65114  
10795.60745  
10812.39824  
10802.06642  
10790.1527  
10778.47796  
10809.91487  
10807.72336  
10822.71544  
10841.09589  
10842.0667  
10812.98264  
10784.51802  
10753.39791  
10767.09631  
10792.88138  
10796.09594  
10726.16735  
10766.21483  
10758.71307  
10713.15966  
10700.10161  
10735.43904  
10737.04642  
10695.21289  
10754.32864  
10776.21611  
10784.166  
10763.75447  
10824.91168  
10833.51322  
10821.31354  
10846.46258  
10827.34838  
10837.0196  
10799.18102  
10797.82483  
10797.31912  
10829.19692  
10837.78393  
10833.44837  
10815.77345  
10850.38562  
10866.24886  
10862.90134  
10854.01552  
10881.676  
10865.83566  
10864.55147  
10864.72524  
10867.02004  
10792.98709  
10809.40848  
10823.37832  
10859.02956  
10824.41394  
10834.5768  
10876.64501  
10906.8276  
10882.8029  
10839.17941  
10869.46382  
10806.0187  
10791.85385  
10812.75743  
10816.77992  
10780.33454  
10820.1661  
10799.61875  
10836.90498  
10797.23967  
10852.314  
10846.12362  
10812.277  
10804.09028  
10777.01345  
10774.64273  
10801.23886  
10790.67831  
10797.85166  
10797.96128  
10771.32339  
10742.63175  
10752.11319  
10739.94153  
10760.47283  
10754.66279  
10768.14295  
10775.21831  
10755.40215  
10776.2173  
10778.29838  
10802.79535  
10801.14727  
10844.5919  
10848.6757  
10850.31618  
10895.80406  
10904.87309  
10881.55126  
10870.39342  
10883.84504  
10881.23142  
10859.96869  
10885.59775  
10885.5627  
10850.00475  
10822.61177  
10803.1139  
10773.44172  
10781.67271  
10760.74844  
10754.13051  
10770.27433  
10780.23366  
10787.06793  
10818.98358  
10749.9396  
10731.71687  
10685.96146  
10695.36191  
10727.80204  
10746.39311  
10722.44136  
10736.15506  
10740.50891  
10749.25148  
10764.67215  
10769.11404  
10777.97399  
10783.7956  
10814.55711  
10813.25796  
10793.50632  
10787.89884  
10802.10267  
10828.50366  
10761.27734  
10818.79986  
10858.58766  
10808.52911  
10832.33902  
10852.74751  
10864.22809  
10863.05098  
10865.95187  
10852.45446  
10849.24732  
10828.6627  
10829.11478  
10831.29741  
10864.14809  
10824.12193  
10830.36138  
10865.51255  
10861.73638  
10904.82861  
10876.04048  
10845.95791  
10814.51256  
10902.58064  
10885.50187  
10860.94061  
10853.38655  
10849.00094  
10842.11198  
10820.25797  
10805.49315  
10777.62198  
10792.57157  
10798.37217  
10806.31427  
10796.07055  
10839.37122  
10828.83821  
10771.58323  
10780.36303  
10791.0796  
10795.79252  
10793.08631  
10804.38542  
10790.82515  
10790.25962  
10780.21873  
10817.04029  
10828.21571  
10840.78385  
10833.00821  
10825.08245  
10821.15705  
10815.94985  
10873.07566  
10886.29585  
10860.336  
10818.95919  
10823.79465  
10792.96723  
10774.74927  
10772.57514  
10798.33666  
10745.76272  
10742.79738  
10768.53  
10756.04261  
10737.49395  
10725.19538  
10759.86719  
10756.8604  
10784.42442  
10777.13492  
10777.21868  
10804.91628  
10840.13088  
10810.06302  
10830.84842  
10809.23623  
10821.71956  
10829.85718  
10882.60706  
10855.77913  
10842.22844  
10808.65056  
10780.0227  
10811.04177  
10780.77122  
10813.54299  
10810.06225  
10824.78692  
10833.63677  
10791.65627  
10819.99989  
10775.97026  
10773.79742  
10777.01624  
10769.49541  
10751.9735  
10752.16179  
10715.13889  
10715.37165  
10718.59125  
10724.315  
10736.38977  
10760.29065  
10778.93169  
10777.37535  
10777.07055  
10797.74222  
10777.25297  
10844.8707  
10863.85117  
10837.57708  
10822.55593  
10795.18395  
10830.91579  
10811.78524  
10785.196  
10819.77359  
10818.57641  
10815.24122  
10809.02465  
10761.63309  
10769.89676  
10778.41362  
10758.36523  
10785.22295  
10774.13179  
10793.99337  
10813.8998  
10783.65421  
10790.44069  
10777.39398  
10768.60429  
10748.98683  
10794.35571  
10824.51196  
10819.49838  
10776.56383  
10803.44531  
10794.65487  
10801.4103  
10795.57378  
10801.06579  
10795.14676  
10793.35284  
10814.77956  
10828.02447  
10846.73321  
10854.83453  
10862.83989  
10851.9519  
10815.64111  
10770.40443  
10768.97155  
10767.04576  
10751.08108  
10758.09466  
10752.70852  
10738.04065  
10744.21189  
10757.36838  
10770.42772  
10751.7537  
10754.2306  
10785.29179  
10773.5758  
10782.01992  
10783.81235  
10841.94561  
10868.65383  
10861.2684  
10848.58881  
10854.81878  
10868.95052  
10864.06018  
10877.4007  
10880.69129  
10940.93359  
10911.55356  
10891.82034  
10875.17419  
10829.75495  
10780.46035  
10757.28224  
10751.85079  
10761.0304  
10745.45321  
10742.94125  
10751.24114  
10733.70086  
10784.67707  
10747.14788  
10733.06661  
10718.19942  
10731.45228  
10743.12401  
10735.21062  
10785.06445  
10795.41884  
10788.41947  
10798.76663  
10793.61958  
10816.42122  
10825.65589  
10816.69267  
10848.83408  
10839.68698  
10849.93309  
10881.47865  
10860.77218  
10854.53573  
10846.69524  
10819.97557  
10780.41993  
10785.86791  
10777.81579  
10791.95279  
10775.00337  
10794.5698  
10786.04348  
10786.21946  
10833.4439  
10800.12881  
10849.45511  
10810.09814  
10814.71644  
10859.8067  
10836.56119  
10809.02734  
10838.04684  
10828.73355  
10810.57356  
10814.70253  
10806.61316  
10804.37343  
10786.9584  
10795.69447  
10793.0559  
10784.30127  
10799.04945  
10839.496  
10863.43325  
10836.15009  
10826.32681  
10836.6643  
10807.1474  
10806.6533  
10838.18855  
10795.4683  
10790.39703  
10793.63017  
10784.8121  
10755.17105  
10796.40807  
10769.92341  
10798.43805  
10775.93483  
10803.94521  
10772.7758  
10774.83303  
10825.69691  
10765.53223  
10750.67348  
10803.53548  
10810.59184  
10811.03376  
10809.83563  
10819.01454  
10815.70004  
10806.70978  
10842.41415  
10833.41637  
10840.23826  
10827.31441  
10829.33584  
10868.2939  
10867.55801  
10848.72967  
10805.17969  
10816.1893  
10829.09217  
10814.59818  
10816.91039  
10801.56506  
10816.42414  
10819.29546  
10796.67527  
10813.16041  
10825.631  
10830.69356  
10824.39647  
10829.04159  
10859.1157  
10884.53395  
10853.31379  
10853.21302  
10864.78499  
10855.84151  
10857.05738  
10792.16984  
10813.88755  
10818.57071  
10791.49366  
10817.06118  
10785.8016  
10766.43588  
10780.00189  
10780.0922  
10775.33414  
10782.04206  
10752.92583  
10804.62284  
10791.36134  
10823.21687  
10802.03922  
10820.95628  
10834.27534  
10812.40111  
10819.8432  
10841.85294  
10842.2755  
10810.56965  
10805.69279  
10791.9191  
10798.7905  
10793.65326  
10795.46276  
10773.08782  
10770.26963  
10758.01435  
10762.27948  
10766.30964  
10799.07481  
10837.318  
10869.98306  
10819.02239  
10783.58038  
10739.59613  
10741.14536  
10757.88559  
10749.88659  
10756.38055  
10783.72343  
10781.56302  
10799.16971  
10813.61447  
10861.55283  
10845.12664  
10809.97466  
10811.69692  
10808.93162  
10792.5449  
10786.09071  
10765.7503  
10811.12811  
10779.57884  
10766.68524  
10771.16789  
10793.99171  
10811.22442  
10862.12742  
10842.52692  
10830.55806  
10815.02807  
10799.97188  
10827.30454  
10829.443  
10828.77134  
10838.10933  
10822.41536  
10851.62967  
10862.12107  
10853.58714  
10815.60768  
10813.60847  
10815.40942  
10834.51564  
10832.98951  
10828.7346  
10849.60839  
10894.57175  
10865.18528  
10817.67519  
10837.62267  
10844.34875  
10830.52073  
10816.6329  
10839.38946  
10815.977  
10781.75799  
10778.39623  
10786.95005  
10765.77684  
10779.47924  
10773.82567  
10768.37655  
10771.33121  
10762.55974  
10784.74131  
10765.57258  
10754.55468  
10770.71538  
10779.06493  
