10694.41706  
10599.71699  
10542.39046  
10532.15651  
10434.17342  
10424.24364  
10409.63908  
10415.11261  
10421.53863  
10415.38224  
10452.55514  
10452.27746  
10463.58503  
10465.02437  
10445.94155  
10450.32134  
10501.73964  
10498.92738  
10552.89553  
10585.27863  
10547.37119  
10442.65837  
10413.98719  
10314.57693  
10384.94057  
10419.29256  
10443.6759  
10405.7627  
10443.97704  
10454.57143  
10444.35811  
10410.52218  
10405.55047  
10466.67502  
10414.19615  
10473.3714  
10516.66692  
10539.49674  
10529.45789  
10541.91073  
10501.42561  
10437.77263  
10371.52706  
10338.57753  
10338.05776  
10302.39739  
10215.23735  
10429.69717  
10540.16109  
10605.92604  
10626.85837  
10630.25019  
10569.45327  
10546.58079  
10501.77527  
10422.18969  
10450.35535  
10437.87407  
10325.69848  
10334.67988  
10323.92204  
10396.26508  
10439.07153  
10393.46985  
10477.74081  
10508.05047  
10482.86604  
10499.21394  
10502.69417  
10520.34299  
10543.69293  
10451.2647  
10424.93231  
10390.48383  
10441.04149  
10418.14584  
10469.99033  
10422.40735  
10402.8754  
10422.85935  
10398.28799  
10390.43914  
10450.77794  
10450.24374  
10462.98266  
10508.1694  
10483.22335  
10545.13698  
10564.45844  
10559.35204  
10608.003  
10593.53351  
10651.09396  
10589.89296  
10322.03849  
10523.13689  
10522.42764  
10523.00746  
10518.62324  
10505.13422  
10461.87052  
10501.43972  
10467.76289  
10441.26134  
10405.88696  
10413.63138  
10435.85983  
10413.10171  
10408.72687  
10420.79175  
10458.82855  
10487.22282  
10363.98935  
10501.36345  
10422.63479  
10496.08815  
10428.01998  
10454.57939  
10535.17852  
10572.97366  
10562.30262  
10549.41361  
10513.98931  
10392.68481  
10367.34504  
10344.15013  
10328.39222  
10372.07455  
10390.46915  
10370.78027  
10406.07522  
10408.19512  
10421.23097  
10455.70372  
10440.90718  
10427.17199  
10452.74621  
10484.77925  
10462.25195  
10434.44203  
10450.57374  
10468.33751  
10426.03952  
10381.0847  
10394.59935  
10350.36342  
10335.58899  
10417.91316  
10409.62243  
10465.28778  
10437.41883  
10430.29478  
10448.444  
10490.00688  
10586.01348  
10566.50545  
10575.2641  
10537.45844  
10548.11978  
10512.79454  
10539.0181  
10607.53837  
10579.97323  
10625.97554  
10600.86609  
10610.10692  
10540.90692  
10549.12872  
10499.43166  
10496.98161  
10529.00807  
10505.9693  
10482.70794  
10524.24047  
10456.31479  
10432.10988  
10386.22937  
10381.08491  
10408.41154  
10409.46877  
10450.46794  
10478.56086  
10492.69581  
10471.76643  
10373.01639  
10345.80121  
10330.40675  
10367.30712  
10404.83484  
10394.43924  
10464.08215  
10461.56626  
10533.78363  
10535.85252  
10517.11195  
10508.23609  
10432.47366  
10483.15563  
10475.3151  
10466.76886  
10532.6794  
10584.59461  
10087.98583  
10490.12922  
10409.22778  
10499.89684  
10504.50529  
10528.92945  
10544.67607  
10512.54676  
10470.94345  
10401.29678  
10420.79933  
10390.04411  
10381.50376  
10382.98128  
10411.22937  
10384.86659  
10488.85154  
10526.26732  
10459.91413  
10532.99409  
10496.25624  
10540.03158  
10527.52196  
10542.31845  
10505.28266  
10492.84987  
10465.39894  
10483.7637  
10467.4657  
10486.74374  
10518.67657  
10455.21537  
10487.95062  
10477.1708  
10487.19831  
10475.84804  
10497.03289  
10506.53599  
10546.78823  
10488.78623  
10525.16914  
10504.93374  
10491.06726  
10471.09254  
10424.3825  
10425.54009  
10410.94598  
10398.09254  
10474.85826  
10468.67814  
10419.74245  
10339.79506  
10322.89546  
10415.58939  
10443.45953  
10505.71584  
10463.87252  
10543.19624  
10502.58822  
10449.48569  
10433.07179  
10374.70098  
10388.12245  
10362.79976  
10425.79971  
10430.9566  
10397.78837  
10437.81429  
10598.73037  
10574.60837  
10636.19307  
10631.25665  
10505.97792  
10605.17288  
10428.85428  
10518.4264  
10481.76427  
10477.6306  
10445.00772  
10372.09909  
10369.20591  
10355.0544  
10330.38627  
10362.04938  
10378.29992  
10440.7455  
10453.73962  
10471.90699  
10484.23792  
10488.88124  
10474.44493  
10476.17993  
10470.54478  
10462.84601  
10460.7853  
10448.05912  
10443.89146  
10415.70467  
10478.20246  
10573.05874  
10446.09332  
10382.25286  
10382.43552  
10399.94538  
10371.17657  
10282.07124  
10368.86721  
10571.93071  
10539.15544  
10499.97973  
10529.18552  
10592.47351  
10639.03108  
10643.46303  
10631.37383  
10619.39832  
10573.63865  
10542.69434  
10482.53873  
10511.5614  
10527.91254  
10522.28408  
10505.95998  
10540.91945  
10483.7313  
10521.4828  
10427.92135  
10405.97104  
10383.55488  
10400.43988  
10427.16642  
10392.77051  
10386.26377  
10422.26739  
10451.21692  
10479.11678  
10448.75874  
10447.29259  
10424.61819  
10436.77167  
10398.6471  
10460.72101  
10424.59427  
10381.18976  
10361.52356  
10371.2479  
10372.48916  
10413.67366  
10445.92037  
10434.40623  
10529.07196  
10481.52189  
10530.41868  
10573.05867  
10593.70436  
10596.4285  
10575.87955  
10568.82127  
10559.6533  
10508.45758  
10477.32138  
10427.62795  
10472.36223  
10463.98302  
10491.69567  
10482.34137  
10445.53366  
10518.04714  
10427.0877  
10384.03094  
10343.47718  
10340.83186  
10393.87626  
10303.26898  
10438.52701  
10414.30316  
10394.26496  
10388.30176  
10421.91204  
10459.72325  
10486.62552  
10528.50274  
10568.01765  
10544.67299  
10574.85125  
10549.48992  
10514.82565  
10592.41899  
10516.11169  
10519.26167  
10544.00429  
10539.21882  
10493.35637  
10456.21877  
10414.09623  
10361.47856  
10293.04711  
10315.7858  
10357.93393  
10430.07839  
10416.60366  
10429.43266  
10411.1573  
10480.04992  
10489.65334  
10534.85795  
10372.78639  
10168.49657  
10682.95641  
10553.11623  
10560.65997  
10579.53518  
10575.4249  
10499.99481  
10558.64567  
10626.10945  
10640.58177  
10598.18002  
10574.64953  
10523.03313  
10519.38034  
10374.3382  
10352.25083  
10365.64382  
10320.28075  
10387.98992  
10369.14146  
10390.02496  
10398.53618  
10393.80066  
10423.08556  
10300.00048  
10485.7798  
10481.37533  
10465.36731  
10462.42366  
10422.38529  
10494.17361  
10540.62862  
10430.83289  
10429.0826  
10422.41411  
10315.21851  
10481.38893  
10500.60359  
10543.29297  
10558.95748  
10569.29342  
10594.09901  
10564.37662  
10490.76946  
10395.05933  
10411.22499  
10362.81031  
10365.1261  
10361.03935  
10353.32219  
10539.90925  
10559.6496  
10575.63648  
10648.35787  
10612.14296  
10557.39587  
10524.69596  
10492.69315  
10494.30671  
10525.28246  
10536.05709  
10544.12171  
10471.17338  
10428.32198  
10408.58258  
10448.79626  
10447.34909  
10483.60032  
10490.27151  
10418.29842  
10520.83746  
10452.13596  
10388.39289  
10357.98354  
10299.55812  
10479.23669  
10489.07767  
10347.4078  
10594.98931  
10623.25107  
10625.7545  
10649.90177  
10621.18381  
10559.48226  
10548.22561  
10515.04847  
10433.26341  
10309.88798  
10293.52349  
10265.48283  
10239.06831  
10480.55864  
10382.26334  
10387.70305  
10394.4789  
10484.64382  
10578.79364  
10557.8902  
10506.43209  
10509.89756  
10450.55464  
10478.63388  
10497.20203  
10484.50419  
10461.50514  
10540.64544  
10525.93957  
10474.39458  
10474.41849  
10486.02787  
10469.83172  
10264.83286  
10455.62567  
10082.65842  
10271.03323  
10653.85097  
10612.02837  
10582.15444  
10503.84475  
10531.2148  
10448.98245  
10438.52284  
10559.35418  
10531.28666  
10544.38248  
10541.29735  
10484.30955  
10501.84813  
10458.46942  
10282.38841  
10421.17747  
10440.25891  
10507.74464  
10553.22854  
10569.80757  
10527.81326  
10444.57134  
10465.18357  
10463.39872  
10408.32293  
10444.80967  
10525.16675  
10532.52599  
10585.41678  
10524.16342  
10496.27599  
10488.78704  
10447.33163  
10392.12407  
10370.59882  
10392.36952  
10338.62088  
10338.55995  
10470.42478  
10156.79718  
10505.25765  
10566.62817  
10595.13205  
10627.22947  
10693.10087  
10600.8185  
10488.7757  
10403.12679  
10395.96911  
10392.5297  
10371.31824  
10383.59616  
10056.81948  
10078.95782  
10285.42473  
10385.70067  
10478.67669  
10562.2268  
10549.72823  
10564.11073  
10537.14806  
10560.3094  
10521.27603  
10487.47825  
10415.23135  
10392.64908  
10313.04013  
10336.47978  
10328.47478  
10433.76384  
10470.27977  
10405.81788  
10381.85409  
10386.97954  
10398.41818  
10411.86288  
10446.37448  
10456.17311  
10481.50493  
10452.87948  
10450.98354  
10346.15032  
10516.56886  
10609.85392  
10555.89539  
10602.76062  
10564.19536  
10567.18195  
10521.63081  
10348.28566  
10584.18393  
10569.47806  
10492.89289  
10390.96546  
10477.25988  
10396.19665  
10426.10957  
10430.03058  
10390.84011  
10492.81374  
10504.0206  
10461.43862  
10470.93986  
10399.88698  
10434.15785  
10398.53568  
10385.55481  
10429.46577  
10447.10018  
10399.37948  
10520.27837  
10464.81955  
10591.76736  
10607.38948  
10595.13017  
10531.10721  
10549.23033  
10520.04954  
10568.7203  
10584.74802  
10579.64191  
10561.9884  
10512.53787  
10435.10192  
10393.24845  
10329.37419  
10331.89829  
10325.04811  
10317.3664  
10428.4673  
10335.63105  
10368.76272  
10145.2792  
10693.78528  
10552.27129  
10544.76436  
10577.92661  
10560.05814  
10555.05943  
10523.97132  
10517.44722  
10416.27689  
10429.41714  
10386.54997  
10379.82334  
10434.40656  
10453.09396  
10448.33784  
10452.86819  
10488.54549  
10473.43536  
10552.42392  
10451.88155  
10423.49469  
10482.06167  
10431.17249  
10391.31105  
10546.39348  
10429.78525  
10388.90423  
10370.7071  
10392.51498  
10427.994  
10484.94943  
10491.16599  
10562.01998  
10555.4376  
10466.12812  
10406.98859  
10267.09444  
10395.44031  
10415.40234  
10503.85487  
10498.02368  
10527.50424  
10622.70715  
10555.94017  
10468.96546  
10531.1018  
10542.68645  
10568.36885  
10558.16735  
10590.88486  
10515.10073  
10467.5559  
10420.67292  
10341.36488  
10309.74736  
10393.99536  
10433.20124  
10391.57998  
10427.44808  
10396.1341  
10392.53518  
10414.5081  
10421.65978  
10260.08634  
10557.1427  
10444.73709  
10635.92645  
10647.23395  
10643.65396  
10652.2188  
10661.96315  
10597.65454  
10596.57617  
10562.75224  
10555.83603  
10530.68552  
10451.23947  
10368.82229  
10411.88043  
10431.69603  
10509.57672  
10551.92581  
10426.05328  
10319.1271  
10334.92997  
10395.36902  
10405.07374  
10491.55421  
10486.61018  
10434.61345  
10336.82724  
10349.2706  
10392.03901  
10399.52927  
10463.90854  
10466.12693  
10469.84256  
10443.30307  
10418.06009  
10433.0297  
10420.27041  
10400.67661  
10381.69889  
10414.939  
10344.34323  
10422.20343  
10493.51574  
10523.59087  
10483.90918  
10535.39706  
10482.73795  
10437.99119  
10410.61802  
10385.13693  
10347.87076  
10351.19484  
10419.54492  
10428.48609  
10383.08522  
10376.83206  
10391.81633  
10363.23783  
10329.15072  
10337.21551  
10364.45634  
10339.17645  
10250.99228  
10297.76815  
10365.68802  
10432.70982  
10210.71129  
10588.31755  
10612.44112  
10611.44841  
10615.49543  
10629.59708  
10576.01322  
10461.95472  
10443.76677  
10501.45098  
10555.20129  
10564.98526  
10631.53909  
10606.70686  
10596.6749  
10596.1723  
10579.31996  
10613.10216  
10542.48502  
10225.63748  
