11697.00316  
11628.38212  
11562.51387  
11562.37328  
11562.42618  
11576.53849  
11558.27344  
11553.84226  
11579.86739  
11598.06368  
11654.23081  
11645.00695  
11658.59162  
11663.31399  
11694.39861  
11698.31184  
11669.92472  
11672.13772  
11636.22125  
11644.00592  
11645.75902  
11600.47105  
11609.40458  
11578.82591  
11592.48943  
11605.49184  
11643.00149  
11643.81692  
11611.67888  
11631.78952  
11620.47952  
11591.23035  
11590.23153  
11575.75793  
11578.08479  
11582.96226  
11593.64422  
11617.93443  
11652.34476  
11669.51155  
11629.27324  
11626.99836  
11633.39401  
11613.05408  
11613.92911  
11652.29326  
11637.2604  
11570.46237  
11579.89927  
11558.42314  
11562.63632  
11616.04418  
11610.03834  
11594.88767  
11557.47547  
11569.1354  
11571.5264  
11572.15886  
11559.87138  
11592.20132  
11577.30081  
11586.4437  
11617.26942  
11617.53961  
11657.44106  
11635.00072  
11624.30716  
11621.37537  
11589.68081  
11599.86357  
11588.16156  
11562.10768  
11578.98277  
11607.08309  
11638.17636  
11634.09455  
11656.74899  
11649.53587  
11637.04685  
11640.58016  
11642.36093  
11646.8426  
11663.65154  
11657.27436  
11664.87224  
11649.20537  
11624.85308  
11596.35504  
11598.89918  
11613.76654  
11622.723  
11657.88936  
11626.96154  
11611.18741  
11645.54099  
11636.60935  
11683.92457  
11701.76738  
11676.05248  
11666.85883  
11626.54159  
11603.28751  
11611.36322  
11638.2508  
11597.66872  
11648.91291  
11629.56908  
11658.98199  
11681.49819  
11698.603  
11703.71746  
11719.48805  
11668.12621  
11697.83953  
11699.19095  
11703.9167  
11659.00256  
11622.61845  
11540.02651  
11488.66831  
11478.6827  
11523.65056  
11584.5162  
11605.3723  
11640.77361  
11657.38807  
11711.01654  
11716.61857  
11734.582  
11734.14137  
11698.49721  
11690.84734  
11665.14743  
11665.7143  
11652.01528  
11649.92084  
11646.9838  
11644.37471  
11663.18747  
11664.4927  
11669.00707  
11663.21283  
11660.44505  
11622.40522  
11587.79518  
11527.571  
11522.87684  
11499.32815  
11439.45442  
11432.26456  
11482.03539  
11444.76792  
11444.92144  
11532.69029  
11541.87244  
11597.25089  
11603.36868  
11598.33938  
11586.78136  
11579.40697  
11588.38209  
11625.51396  
11620.97852  
11625.45094  
11616.13939  
11644.83941  
11652.61727  
11665.44416  
11683.00824  
11748.88419  
11757.2203  
11769.69773  
11770.31046  
11760.23825  
11734.58801  
11709.84625  
11708.94431  
11682.68509  
11686.35188  
11679.65458  
11663.01548  
11648.66444  
11644.77723  
11662.53653  
11646.28972  
11641.45077  
11660.31655  
11639.91179  
11625.77898  
11591.30248  
11629.25506  
11665.69448  
11628.13293  
11646.6134  
11601.67136  
11584.3478  
11526.79883  
11527.24558  
11592.95614  
11561.15131  
11544.81899  
11562.38158  
11537.79986  
11544.6576  
11511.40165  
11531.30457  
11533.79397  
11530.37296  
11522.81974  
11520.30638  
11539.9209  
11510.57339  
11499.79558  
11525.45548  
11534.69376  
11580.0266  
11557.2699  
11570.31394  
11548.60346  
11592.78918  
11589.54116  
11578.57623  
11615.11684  
11559.608  
11576.10398  
11593.31523  
11585.37655  
11542.53283  
11531.22403  
11535.55871  
11572.25672  
11570.22042  
11604.6096  
11606.00069  
11671.20901  
11692.97013  
11714.37351  
11712.52424  
11688.23429  
11705.11871  
11672.92725  
11665.61331  
11670.47323  
11630.06592  
11581.28263  
11584.59679  
11595.03409  
11608.66007  
11659.13158  
11694.28145  
11696.157  
11735.67412  
11702.69537  
11666.95715  
11661.48254  
11629.13431  
11645.24023  
11660.16986  
11628.97493  
11607.91607  
11612.73929  
11647.85998  
11628.16513  
11671.58852  
11651.43859  
11683.96099  
11672.33062  
11689.24069  
11732.10308  
11718.46912  
11727.71295  
11645.25247  
11574.53346  
11550.06368  
11569.04432  
11592.12813  
11578.49796  
11593.77663  
11593.20875  
11608.62043  
11602.66044  
11556.00686  
11535.39712  
11555.50649  
11523.35334  
11569.70005  
11555.16966  
11578.2737  
11552.51996  
11587.4597  
11542.84826  
11563.51043  
11515.52088  
11500.31842  
11510.94436  
11506.60079  
11511.15685  
11529.24144  
11542.57115  
11600.94313  
11602.96841  
11604.58832  
11663.70841  
11658.6464  
11648.24842  
11668.31488  
11687.55337  
11695.89287  
11728.51689  
11722.94704  
11719.39585  
11728.11569  
11721.44827  
11712.00339  
11675.93242  
11695.41096  
11669.00442  
11680.70203  
11717.70551  
11726.10461  
11697.36432  
11712.94896  
11668.37934  
11605.43825  
11615.48064  
11624.49785  
11644.65648  
11661.70482  
11661.10475  
11680.76887  
11685.84375  
11627.7961  
11643.40122  
11675.49856  
11610.331  
11586.27605  
11560.10257  
11552.60188  
11543.0735  
11544.16768  
11521.65757  
11520.89048  
11547.08516  
11550.38637  
11525.50431  
11518.19933  
11483.80799  
11462.66188  
11390.7309  
11424.03674  
11440.10768  
11437.59277  
11446.44661  
11512.52786  
11554.18466  
11588.51341  
11615.65731  
11611.38643  
11630.52131  
11618.13853  
11580.419  
11615.45663  
11644.45364  
11680.77111  
11672.23268  
11689.15142  
11669.18193  
11680.02387  
11700.86185  
11683.38548  
11722.96387  
11720.0891  
11694.95519  
11683.08499  
11694.66708  
11686.39976  
11699.34493  
11684.15794  
11672.40002  
11676.56503  
11658.19847  
11648.85966  
11677.31178  
11672.89298  
11648.2139  
11658.67053  
11652.87736  
11653.32735  
11617.02146  
11627.13884  
11589.46022  
11604.06534  
11570.04383  
11534.77933  
11497.71731  
11523.30035  
11517.98458  
11464.19908  
11476.81621  
11518.59025  
11520.52849  
11586.94095  
11581.26574  
11625.75925  
11676.10082  
11644.00095  
11668.33163  
11690.18219  
11708.93267  
11697.3555  
11661.59826  
11634.54389  
11643.80423  
11624.72961  
11623.97116  
11667.91897  
11669.1269  
11642.4861  
11582.28105  
11566.95752  
11531.75437  
11561.14646  
11576.00836  
11566.93868  
11615.00925  
11616.80589  
11588.24994  
11561.16458  
11565.1692  
11564.50962  
11561.98903  
11597.53047  
11605.0357  
11604.44956  
11642.13321  
11618.50537  
11603.2718  
11607.55986  
11617.99785  
11641.77619  
11652.63396  
11637.33252  
11636.7471  
11669.03567  
11620.38072  
11625.37376  
11678.06124  
11626.19635  
11627.1678  
11639.89499  
11665.89378  
11665.65892  
11675.1844  
11643.36294  
11641.45792  
11648.34499  
11607.33393  
11623.16438  
11608.71864  
11589.54688  
11610.76471  
11616.89536  
11669.87345  
11626.73429  
11620.12224  
11632.9219  
11626.98713  
11601.08226  
11635.42636  
11690.57649  
11695.30747  
11677.09277  
11652.43957  
11667.19902  
11597.48886  
11528.86239  
11551.25663  
11540.17282  
11496.8532  
11564.5035  
11555.12885  
11577.52519  
11534.46105  
11556.39384  
11563.30084  
11572.79386  
11614.44698  
11652.67302  
11675.31606  
11712.9722  
11691.10656  
11724.21754  
11697.89088  
11685.50885  
11678.0372  
11711.74897  
11716.27918  
11713.97834  
11700.02677  
11708.26703  
11680.89516  
11643.48561  
11668.52757  
11711.14568  
11652.33318  
11657.24405  
11642.77522  
11648.17032  
11627.68253  
11657.96203  
11669.72561  
11678.8812  
11620.94434  
11601.88735  
11583.73719  
11550.21168  
11536.56428  
11511.51514  
11463.87753  
11487.85581  
11511.31239  
11543.32278  
11556.02298  
11600.84085  
11602.39976  
11643.90145  
11624.59065  
11642.66521  
11665.74127  
11667.62575  
11658.68092  
11661.42015  
11681.23535  
11676.1121  
11686.56865  
11687.68816  
11694.37302  
11685.5683  
11682.46197  
11636.86521  
11563.21688  
11571.33775  
11563.61443  
11570.90996  
11481.91314  
11492.62621  
11509.49124  
11531.75477  
11510.66389  
11487.07982  
11460.92432  
11457.36365  
11449.52088  
11501.91484  
11536.05678  
11529.49655  
11532.9026  
11583.72056  
11610.79148  
11618.94382  
11645.96708  
11668.57471  
11714.76384  
11657.98834  
11654.01988  
11602.3854  
11623.83281  
11592.31457  
11576.27203  
11602.30222  
11622.17328  
11600.45884  
11580.46812  
11607.49032  
11616.76749  
11597.07146  
11547.27206  
11570.98524  
11597.21194  
11615.89893  
11582.58691  
11593.67144  
11622.31457  
11618.79308  
11635.56009  
11615.90016  
11623.48139  
11625.25201  
11633.39249  
11659.80931  
11667.68282  
11668.38574  
11641.52878  
11663.51025  
11624.28596  
11649.64769  
11631.44052  
11646.2992  
11669.10938  
11632.04438  
11616.44178  
11620.89462  
11616.89936  
11657.8748  
11625.52752  
11685.74719  
11677.91001  
11672.79851  
11666.95298  
11684.15967  
11666.67868  
11666.94422  
11670.67538  
11697.3451  
11726.34924  
11753.767  
11754.75853  
11778.85334  
11778.21427  
11767.95809  
11733.86957  
11708.30205  
11652.5386  
11613.58281  
11557.33065  
11521.13517  
11527.86202  
11523.50821  
11533.8974  
11502.84157  
11554.75632  
11552.98001  
11536.05322  
11488.73989  
11518.62928  
11501.93107  
11500.2799  
11464.46301  
11537.85825  
11526.19928  
11546.70361  
11551.3588  
11575.01453  
11555.92389  
11510.83577  
11524.38172  
11592.13635  
11617.1867  
11641.69675  
11653.39298  
11678.46789  
11705.63307  
11667.7826  
11641.37827  
11642.94816  
11669.38807  
11643.13545  
11663.61868  
11654.34145  
11658.97105  
11663.4057  
11651.3717  
11664.1761  
11659.23647  
11662.65895  
11599.45519  
11603.00635  
11559.0754  
11587.30003  
11553.82709  
11573.58025  
11550.3775  
11577.70123  
11572.34697  
11581.78516  
11563.25807  
11641.15481  
11659.01226  
11625.72559  
11615.8968  
11585.25686  
11563.67236  
11583.80282  
11575.77045  
11603.13882  
11567.18741  
11645.14117  
11679.23176  
11684.76137  
11683.88764  
11663.9464  
11731.35699  
11720.56124  
11730.63815  
11684.0222  
11683.70608  
11683.19856  
11687.25419  
11635.57709  
11657.40372  
11681.93055  
11646.60211  
11658.11595  
11610.80265  
11627.43483  
11609.77479  
11597.91108  
11562.1829  
11573.97596  
11608.81853  
11600.66211  
11565.54558  
11548.25684  
11564.25414  
11573.59157  
11618.12629  
11598.05113  
11642.0399  
11638.80047  
11673.53415  
11628.45347  
11665.40777  
11677.8268  
11673.03751  
11643.34151  
11634.38928  
11661.73601  
11656.30762  
11607.74242  
11562.41266  
11592.72705  
11556.6692  
11579.58134  
11579.03912  
11635.68285  
11622.36233  
11541.40726  
11513.84082  
11511.07511  
