10891.02762  
10753.47422  
10689.44072  
10693.21232  
10712.33283  
10764.89008  
10778.54622  
10763.51304  
10795.55937  
10787.98701  
10786.73254  
10780.40057  
10758.83012  
10769.96834  
10780.42376  
10781.65323  
10800.66009  
10744.09452  
10749.94622  
10701.45358  
10740.02366  
10748.24921  
10754.13965  
10782.0183  
10766.49593  
10769.74587  
10770.41538  
10738.03988  
10770.42437  
10759.12748  
10755.64851  
10791.11741  
10767.11049  
10780.10838  
10781.85149  
10783.05625  
10832.82249  
10822.51408  
10832.9469  
10835.09495  
10815.27575  
10805.50273  
10828.08873  
10781.97413  
10784.57013  
10817.35386  
10809.93119  
10835.33757  
10810.56109  
10790.50854  
10800.11919  
10790.60195  
10826.8877  
10827.17966  
10763.81379  
10791.33973  
10790.37723  
10806.62943  
10844.49014  
10818.52932  
10809.00547  
10813.80891  
10794.54781  
10822.51522  
10812.21868  
10802.77705  
10815.64528  
10779.79388  
10769.35903  
10780.3906  
10788.67031  
10735.88138  
10738.56336  
10739.41806  
10696.30825  
10722.36542  
10711.60935  
10707.54354  
10714.38972  
10732.23145  
10714.68416  
10731.68691  
10734.79681  
10757.79919  
10746.79613  
10727.99519  
10733.84534  
10738.25518  
10704.94159  
10749.61757  
10771.52217  
10783.18834  
10787.38745  
10779.3901  
10778.71321  
10796.68614  
10788.49598  
10804.20467  
10794.16506  
10813.31105  
10811.51883  
10758.86056  
10752.07719  
10737.04583  
10720.87398  
10738.46934  
10774.06077  
10780.41717  
10792.91944  
10769.75556  
10785.48074  
10781.49128  
10752.54585  
10729.57667  
10716.80889  
10707.08226  
10691.32508  
10722.34096  
10727.52439  
10745.73901  
10771.27848  
10754.58024  
10737.4697  
10693.06829  
10726.72411  
10757.85608  
10787.48304  
10785.58687  
10823.26231  
10804.29583  
10782.9372  
10791.55573  
10797.11632  
10809.93802  
10832.5335  
10832.20135  
10825.42392  
10774.85944  
10806.38467  
10822.65355  
10872.52237  
10890.34184  
10854.51522  
10817.43259  
10795.16227  
10726.30578  
10780.07108  
10780.5947  
10767.78032  
10815.10692  
10830.48996  
10819.49107  
10834.6047  
10840.16597  
10815.63608  
10749.78902  
10709.79124  
10713.877  
10705.31638  
10705.43923  
10726.95322  
10752.10333  
10804.23569  
10832.81389  
10821.36417  
10879.59198  
10805.44397  
10784.64444  
10728.41  
10747.46995  
10787.15323  
10819.28854  
10799.00738  
10767.74446  
10740.05017  
10782.95926  
10844.66736  
10874.49909  
10912.29072  
10879.43918  
10806.46307  
10755.18695  
10753.77891  
10761.00652  
10788.84627  
10789.50715  
10794.48267  
10769.95499  
10726.10413  
10628.40459  
10664.51265  
10698.375  
10714.32086  
10684.44393  
10747.98844  
10748.81904  
10807.34343  
10835.04885  
10830.88245  
10840.63654  
10843.58276  
10822.75995  
10847.6612  
10839.04653  
10812.4291  
10771.44309  
10761.41574  
10737.70444  
10740.69779  
10791.09391  
10814.62736  
10832.86121  
10813.06463  
10757.25416  
10715.49739  
10750.56352  
10731.0203  
10738.01606  
10718.09947  
10706.00675  
10708.59289  
10666.4167  
10677.11551  
10692.00613  
10723.50906  
10719.21146  
10767.61249  
10779.77357  
10772.84216  
10753.61396  
10709.26415  
10649.96248  
10671.10102  
10728.61153  
10728.20871  
10775.35361  
10759.78313  
10704.55223  
10732.29692  
10733.4812  
10755.65073  
10750.50795  
10709.6478  
10769.52693  
10731.32286  
10741.72752  
10760.72643  
10720.38738  
10719.36328  
10791.60302  
10737.21911  
10770.14914  
10822.75136  
10802.74884  
10771.33723  
10802.55112  
10818.98855  
10786.8142  
10832.0801  
10807.2711  
10788.93639  
10737.97509  
10635.35365  
10688.30021  
10753.87511  
10792.61971  
10843.5947  
10821.72972  
10812.20172  
10826.03983  
10797.08244  
10773.22561  
10799.78775  
10798.39735  
10819.2016  
10851.45923  
10822.80287  
10883.46048  
10845.6932  
10872.06518  
10852.72004  
10799.25132  
10849.82045  
10880.19438  
10839.01538  
10834.14726  
10789.75232  
10758.75025  
10765.42796  
10748.31043  
10782.34146  
10791.64467  
10781.47334  
10812.19656  
10784.48715  
10781.02996  
10804.34884  
10797.85097  
10784.84282  
10788.681  
10703.81893  
10752.58607  
10819.82429  
10846.90062  
10825.65661  
10797.12979  
10803.78266  
10806.57254  
10810.42692  
10806.57683  
10821.191  
10801.27607  
10747.75109  
10769.20896  
10813.8376  
10798.12568  
10733.55201  
10795.95985  
10810.18378  
10824.69613  
10819.65171  
10794.70278  
10781.45335  
10780.14923  
10743.06961  
10768.14244  
10733.39271  
10733.68171  
10740.48326  
10717.49073  
10734.05582  
10670.48855  
10680.19856  
10711.40241  
10755.95108  
10777.60177  
10761.32935  
10766.97799  
10789.24289  
10815.24528  
10795.05896  
10796.86181  
10767.2195  
10788.26569  
10760.36346  
10747.13965  
10718.97883  
10682.7666  
10661.82572  
10683.69179  
10718.39201  
10687.9797  
10735.53968  
10783.4432  
10760.94261  
10744.15309  
10796.17056  
10796.8428  
10842.39212  
10856.12716  
10842.77489  
10837.46605  
10893.59075  
10885.37997  
10870.36855  
10833.38181  
10788.11267  
10773.06043  
10789.0057  
10771.69663  
10728.05769  
10756.24425  
10747.88751  
10803.88345  
10794.90259  
10769.74793  
10777.90412  
10762.32817  
10753.48342  
10739.9896  
10639.12316  
10677.14346  
10691.16311  
10724.06643  
10776.65934  
10825.08894  
10843.35651  
10830.67435  
10847.60011  
10789.64119  
10762.66574  
10794.63038  
10803.61421  
10790.25822  
10777.98033  
10743.49298  
10694.57324  
10752.15634  
10782.65841  
10811.82474  
10784.14385  
10779.19947  
10794.60293  
10834.22247  
10829.73013  
10831.08296  
10875.17147  
10889.55314  
10914.26111  
10878.92953  
10874.12296  
10788.41238  
10742.97436  
10747.47842  
10768.97375  
10796.16667  
10820.64187  
10802.51158  
10813.60754  
10775.75123  
10729.0211  
10724.97079  
10715.87366  
10713.2371  
10739.38004  
10783.43432  
10799.79887  
10784.57495  
10762.8534  
10786.68498  
10778.55605  
10730.73065  
10753.28958  
10759.16511  
10804.69672  
10842.11126  
10827.53697  
10738.88697  
10773.70851  
10782.10472  
10764.95283  
10795.00159  
10784.32408  
10782.66122  
10785.44311  
10761.28248  
10735.40548  
10697.93725  
10661.38915  
10759.05907  
10783.69938  
10762.89605  
10762.52391  
10747.70387  
10712.66874  
10717.00443  
10727.67932  
10672.83019  
10737.52673  
10778.70719  
10747.23733  
10777.69656  
10790.96007  
10810.59093  
10770.36696  
10766.04876  
10781.11103  
10795.65455  
10773.92857  
10747.35554  
10639.60513  
10703.54644  
10672.92222  
10737.29106  
10719.07699  
10753.46512  
10765.33369  
10745.60347  
10759.25988  
10723.40232  
10711.46932  
10707.00738  
10686.0196  
10703.89528  
10684.33203  
10723.81834  
10763.58417  
10801.70728  
10798.9769  
10747.95049  
10778.56189  
10829.86074  
10828.51056  
10844.78243  
10858.88295  
10877.79481  
10899.7307  
10929.3929  
10867.17549  
10881.10367  
10850.61335  
10807.26002  
10773.83305  
10711.17633  
10654.73771  
10674.14133  
10771.50541  
10805.54501  
10790.92478  
10826.52414  
10838.40398  
10859.06121  
10862.4744  
10850.10801  
10856.3239  
10820.56859  
10724.47922  
10690.37643  
10630.6877  
10668.36771  
10736.19002  
10742.31936  
10728.93366  
10765.39594  
10793.85245  
10767.0427  
10780.48864  
10783.5045  
10751.79395  
10774.88654  
10800.23272  
10813.4769  
10781.6905  
10779.57181  
10769.66479  
10792.44708  
10758.84491  
10688.10204  
10725.87019  
10772.03479  
10745.36412  
10698.60722  
10799.08662  
10779.0459  
10696.58469  
10626.52816  
10729.82367  
10763.38383  
10830.22377  
10868.79572  
10831.01417  
10821.03806  
10772.41368  
10742.02887  
10805.87793  
10780.29678  
10754.08003  
10767.79708  
10646.14221  
10726.71634  
10779.48408  
10870.53241  
10858.74137  
10818.45394  
10763.49952  
10676.07217  
10687.54608  
10681.40752  
10676.19645  
10718.17092  
10708.41452  
10697.62502  
10730.23088  
10722.20996  
10780.20478  
10812.45862  
10785.67412  
10845.28952  
10825.96736  
10802.81729  
10747.84386  
10768.83305  
10776.03388  
10744.88706  
10733.16168  
10772.33362  
10800.39306  
10830.93655  
10869.31354  
10851.86126  
10845.20587  
10854.43393  
10848.08299  
10847.04524  
10847.51951  
10861.37559  
10898.24709  
10895.73197  
10856.77164  
10865.67701  
10861.52189  
10837.48474  
10877.52866  
10853.99605  
10792.77662  
10835.66068  
10819.87525  
10808.26474  
10811.56554  
10816.86667  
10807.49614  
10833.02441  
10783.89208  
10759.85858  
10792.44761  
10823.11807  
10782.43786  
10743.51749  
10748.37629  
10739.3827  
10738.24296  
10765.6394  
10751.65786  
10746.66772  
10774.57417  
10769.37677  
10633.59795  
10713.88418  
10735.61875  
10734.91899  
10830.59259  
10838.95753  
10861.57883  
10793.32288  
10723.22291  
10688.13134  
10724.436  
10736.10888  
10729.2999  
10763.22123  
10744.7468  
10704.76472  
10719.29624  
10741.29828  
10744.52387  
10752.05585  
10819.77821  
10787.90293  
10864.7381  
10881.57506  
10831.18973  
10749.01708  
10742.54351  
10792.92326  
10776.66888  
10693.24273  
10682.08439  
10784.50581  
10823.17158  
10861.43893  
10866.13345  
10828.02301  
10755.36732  
10723.9006  
10682.72613  
10718.55255  
10725.15475  
10726.51379  
10781.55853  
10790.52435  
10731.44041  
10735.47354  
10779.26999  
10773.58437  
10765.39044  
10751.29156  
10783.3008  
10763.39028  
10748.04081  
10669.66697  
10661.58782  
10746.13667  
10765.58968  
10825.98517  
10807.0828  
10759.221  
10743.82992  
10725.19497  
10694.98131  
10726.66904  
10745.49578  
10756.70769  
10777.71548  
10756.70558  
10771.04667  
10770.12271  
10760.5231  
10803.40641  
10812.82699  
10826.8013  
10846.50132  
10844.68864  
10809.58301  
10769.29306  
10753.7701  
10742.21403  
10725.09529  
10728.88533  
10714.15655  
10741.02108  
10761.70744  
10743.26478  
10779.54896  
10799.14939  
10793.88499  
10832.26903  
10797.90507  
10747.76826  
10794.67258  
10784.21968  
10794.09  
10795.38783  
10827.63159  
10820.42285  
10832.1128  
10802.36258  
10779.69956  
10750.94338  
10749.34609  
10770.21911  
