7559.121442  
7255.617522  
7354.760241  
7276.653047  
7067.627409  
7454.445402  
7432.328767  
7398.871556  
7359.369888  
7249.970746  
7294.625595  
7302.034385  
7305.289169  
7305.644033  
7371.715318  
7388.548856  
7386.587869  
7359.172785  
7236.006406  
7399.288775  
7384.174592  
7378.510424  
7444.593953  
7399.037409  
7413.639285  
7341.174025  
7318.839466  
7340.976126  
7322.554814  
7382.68286  
7378.732141  
7451.773539  
7413.166333  
7404.311602  
7475.154185  
7472.573191  
7433.236918  
7413.889555  
7462.916633  
7411.623769  
7378.044128  
7378.437166  
7383.223396  
7381.04151  
7346.157249  
7346.077457  
7372.10673  
7391.548415  
7392.071099  
7330.395513  
7334.15258  
7326.305839  
7309.601261  
7382.70868  
7408.489879  
7413.791239  
7437.239978  
7476.713462  
7485.62704  
7423.040172  
7462.813572  
7444.56696  
7440.633696  
7497.710235  
7402.31939  
7463.600757  
7387.683794  
7347.420751  
7312.828865  
7356.647894  
7352.459086  
7386.355403  
7420.243008  
7476.183058  
7407.469669  
7385.459441  
7380.810798  
7396.283795  
7408.730027  
7420.522008  
7431.440689  
7400.083014  
7318.438555  
7311.656957  
7302.700477  
7357.275095  
7331.730976  
7327.300485  
7294.762076  
7346.796923  
7312.594881  
7342.457389  
7296.637318  
7356.590098  
7324.471308  
7304.960126  
7294.467476  
7286.532099  
7322.831834  
7353.685513  
7385.629345  
7369.753126  
7367.887016  
7367.742119  
7381.549574  
7401.926265  
7430.802746  
7415.340238  
7450.625435  
7438.12662  
7373.769156  
7350.197077  
7331.912934  
7344.818467  
7372.182873  
7334.471564  
7391.148208  
7423.26946  
7445.139788  
7400.9656  
7400.963447  
7373.668298  
7336.712874  
7387.264229  
7338.333764  
7447.644531  
7369.604192  
7398.207215  
7412.434262  
7354.181856  
7358.107248  
7278.783636  
7344.647609  
7281.44443  
7294.588076  
7332.042422  
7295.807296  
7323.857216  
7270.223021  
7347.684971  
7297.334317  
7362.87903  
7428.070811  
7411.591454  
7398.694826  
7351.735078  
7377.287808  
7392.144434  
7376.681621  
7410.04014  
7326.12677  
7351.118395  
7293.104814  
7293.193632  
7367.648669  
7305.267663  
7288.521132  
7339.816787  
7275.417374  
7344.767303  
7340.057924  
7319.829808  
7348.604063  
7303.148916  
7296.658977  
7352.926104  
7288.09634  
7337.771231  
7413.465429  
7357.917511  
7383.636736  
7397.995766  
7357.342945  
7504.626586  
7447.089514  
7472.287403  
7376.352179  
7327.667676  
7280.864365  
7348.697579  
7383.514277  
7353.534862  
7447.071407  
7394.222926  
7356.11208  
7352.306016  
7304.480516  
7366.293226  
7396.417544  
7404.410894  
7413.825618  
7335.34787  
7344.250497  
7415.62563  
7367.212487  
7368.539294  
7405.228587  
7319.605484  
7370.696765  
7389.503507  
7370.337681  
7435.883425  
7410.731055  
7408.476117  
7335.785225  
7285.447228  
7344.997938  
7391.209562  
7425.069442  
7403.282285  
7359.500414  
7383.906581  
7357.893967  
7358.68551  
7376.506315  
7378.75509  
7410.556848  
7354.392574  
7342.611713  
7385.823196  
7328.349784  
7388.602861  
7350.508276  
7320.899313  
7289.665203  
7291.315619  
7291.397338  
7352.944599  
7351.912585  
7357.669518  
7357.85388  
7364.146842  
7302.792984  
7318.159849  
7319.185224  
7345.933213  
7354.498837  
7404.547844  
7467.758672  
7375.9143  
7365.431993  
7412.703075  
7386.351784  
7429.967543  
7420.723405  
7362.494764  
7365.047711  
7348.399497  
7321.374677  
7355.343838  
7314.455086  
7365.841398  
7299.934866  
7380.237124  
7372.333229  
7433.577342  
7413.484346  
7373.505984  
7314.8212  
7291.318356  
7307.391185  
7299.581073  
7343.985914  
7339.902021  
7318.623545  
7329.990281  
7368.553427  
7445.808352  
7383.571007  
7408.393925  
7398.344121  
7387.916977  
7404.403316  
7404.738958  
7438.737812  
7394.997144  
7410.951419  
7446.59367  
7435.237724  
7527.5167  
7448.905796  
7435.892031  
7452.884314  
7456.084491  
7539.678497  
7538.72024  
7547.216953  
7506.041484  
7470.517144  
7516.310932  
7473.560629  
7465.073023  
7458.633543  
7414.046005  
7341.990965  
7331.027679  
7391.016471  
7377.151635  
7395.384484  
7358.649717  
7329.09849  
7351.475415  
7363.276014  
7387.878364  
7367.764642  
7349.537719  
7338.185695  
7309.085004  
7345.806012  
7323.872021  
7343.793348  
7390.549989  
7364.994766  
7348.212825  
7350.26795  
7402.289993  
7463.437445  
7468.534541  
7498.601917  
7457.430977  
7439.565542  
7457.470108  
7402.138935  
7434.996476  
7440.117271  
7329.39663  
7349.556242  
7376.675251  
7332.213518  
7350.459767  
7328.314655  
7337.959761  
7346.289097  
7386.34654  
7374.684028  
7380.905202  
7399.409003  
7368.757455  
7402.62528  
7375.601254  
7405.237194  
7457.685219  
7371.957843  
7390.858902  
7397.755455  
7352.174823  
7361.113738  
7302.138373  
7269.451086  
7239.352768  
7243.098286  
7232.03768  
7304.480714  
7189.03696  
7213.704562  
7196.245051  
7213.271289  
7245.504814  
7227.233715  
7260.313762  
7249.514514  
7316.007907  
7315.000496  
7369.98947  
7382.137481  
7310.522023  
7353.563261  
7355.935898  
7339.483829  
7378.49531  
7348.158866  
7318.585271  
7287.532101  
7296.110861  
7327.572092  
7325.490961  
7371.287188  
7344.62265  
7349.980071  
7367.834029  
7373.806237  
7399.889699  
7343.884345  
7349.076843  
7347.956215  
7360.783922  
7436.372679  
7383.093581  
7385.444309  
7355.793732  
7367.173326  
7338.589064  
7333.552607  
7288.589201  
7326.949904  
7344.666651  
7357.75905  
7385.418685  
7357.196774  
7394.781957  
7361.41372  
7417.54837  
7408.533106  
7412.63869  
7346.522941  
7367.204615  
7402.448224  
7388.149308  
7352.851529  
7308.738465  
7255.331174  
7291.952986  
7251.222116  
7321.438033  
7304.786197  
7311.975619  
7348.554107  
7352.927527  
7392.218798  
7381.257047  
7379.823881  
7383.421973  
7360.74857  
7446.28261  
7412.597647  
7434.087157  
7364.842564  
7381.868414  
7410.833538  
7428.020061  
7470.772326  
7447.687592  
7437.437287  
7357.558358  
7407.829748  
7413.892892  
7431.455421  
7479.609914  
7416.879594  
7380.823245  
7384.560749  
7382.870712  
7421.248632  
7399.295494  
7335.428837  
7362.354772  
7349.758304  
7364.980426  
7375.327508  
7310.531415  
7321.709959  
7346.137988  
7357.65019  
7381.413841  
7360.879831  
7348.033481  
7308.203609  
7386.711225  
7374.426575  
7382.49003  
7437.574357  
7373.128859  
7315.131331  
7326.227899  
7279.623195  
7328.38874  
7345.757998  
7377.158942  
7363.185202  
7348.464114  
7348.264723  
7345.961659  
7390.180058  
7386.896834  
7348.857935  
7373.985949  
7325.98045  
7338.156063  
7343.175883  
7391.446356  
7401.119756  
7461.294611  
7483.821358  
7450.357394  
7425.522619  
7402.479744  
7389.73847  
7363.786329  
7372.446615  
7414.865901  
7393.437036  
7331.089748  
7354.567918  
7364.482432  
7399.880679  
7399.491609  
7401.858682  
7392.343981  
7383.010526  
7419.899003  
7425.277335  
7452.924626  
7418.402464  
7390.237917  
7340.102863  
7370.593638  
7354.654256  
7359.875642  
7412.129847  
7400.373738  
7315.810606  
7343.186085  
7436.97706  
7416.95813  
7472.784793  
7441.859047  
7409.84785  
7403.599315  
7387.177625  
7391.320718  
7372.525872  
7391.696591  
7300.484719  
7307.485622  
7312.146675  
7326.678651  
7402.190459  
7423.645966  
7444.247915  
7384.544122  
7356.913739  
7387.389406  
7392.676962  
7471.793384  
7478.303804  
7418.561412  
7387.733369  
7413.900571  
7407.682896  
7356.297683  
7368.657778  
7293.082815  
7268.557986  
7250.186047  
7263.68165  
7343.592885  
7354.06856  
7327.976152  
7280.065535  
7271.475591  
7277.397981  
7261.147012  
7235.716254  
7211.554748  
7250.914989  
7306.788904  
7309.789287  
7341.053814  
7354.037881  
7314.708961  
7322.01454  
7386.028633  
7411.618993  
7467.04815  
7480.201443  
7433.023066  
7451.929615  
7485.366017  
7510.649154  
7444.102212  
7410.647314  
7439.65889  
7416.468394  
7426.945067  
7359.585309  
7341.92078  
7364.327608  
7392.348919  
7406.894991  
7334.155608  
7328.851933  
7350.970046  
7359.404644  
7404.741645  
7329.748477  
7328.510674  
7347.631507  
7319.100249  
7301.76665  
7218.990663  
7274.482952  
7280.005392  
7337.20946  
7353.778343  
7281.712688  
7317.933508  
7321.288036  
7336.358585  
7387.330033  
7349.480603  
7305.195144  
7355.3944  
7323.653427  
7340.553764  
7327.646857  
7290.042597  
7306.515257  
7317.984252  
7330.69807  
7352.189198  
7313.992567  
7305.292668  
7332.761099  
7347.257517  
7343.563992  
7429.851577  
7417.656257  
7411.70643  
7388.833306  
7394.694553  
7467.844118  
7381.299497  
7408.28338  
7430.693277  
7396.05205  
7376.667416  
7400.15007  
7427.024689  
7344.831905  
7371.538201  
7394.773207  
7326.392175  
7325.898586  
7317.878321  
7278.429677  
7297.718411  
7324.828533  
7365.102526  
7355.20433  
7408.027752  
7381.486783  
7393.437634  
7422.778643  
7417.558953  
7395.530689  
7387.554603  
7339.071554  
7336.206375  
7357.608445  
7376.49017  
7366.044507  
7356.061628  
7310.927921  
7315.958905  
7275.599897  
7298.932517  
7332.94358  
7360.389002  
7388.005198  
7366.813215  
7371.219345  
7346.975837  
7323.749923  
7375.954442  
7457.089694  
7537.44471  
7562.128277  
7564.998161  
7486.455662  
7477.755715  
7458.258366  
7406.841769  
7384.670675  
7390.09116  
7366.963454  
7358.535621  
7323.570618  
7329.332379  
7362.22304  
7351.638121  
7355.649586  
7386.579267  
7338.581582  
7339.405121  
7280.988987  
7288.188694  
7267.011479  
7287.013547  
7298.294527  
7256.686684  
7273.94454  
7290.339075  
7303.636511  
7340.464632  
7381.022855  
7369.985881  
7368.908181  
7402.800672  
7365.839099  
7428.828499  
7428.104885  
7403.300556  
7362.118535  
7317.781098  
7357.692222  
7358.728314  
7357.61757  
7356.565762  
7350.524207  
7341.841685  
7392.29895  
7449.990312  
7475.631918  
7426.894701  
7354.851903  
7351.145047  
7333.572802  
7317.539318  
7304.401465  
7261.854325  
7308.351897  
7322.106719  
7338.805375  
7392.615053  
7346.568327  
7359.344617  
7340.815298  
7363.440191  
7384.145375  
7393.593067  
7390.869198  
7377.737201  
7402.127929  
7435.743608  
7444.163951  
7411.712981  
7350.40907  
7341.125201  
7353.139064  
7371.070389  
7360.40447  
7380.215085  
7354.56543  
7352.025123  
7363.772217  
7406.668042  
7413.959353  
7408.636432  
7375.952135  
7301.568476  
7319.915356  
7353.454527  
7346.552736  
7394.820871  
7390.890268  
