10948.16248  
10871.84537  
10864.82112  
10937.79648  
11007.32545  
10995.88393  
10920.23422  
10849.28723  
10823.45125  
10814.3168  
10814.70749  
10834.63641  
10799.42262  
10813.23253  
10802.28513  
10828.29114  
10832.686  
10817.44418  
10802.90553  
10795.65402  
10839.19469  
10840.18866  
10842.76382  
10848.35393  
10861.87505  
10871.86349  
10878.48515  
10887.49901  
10884.97462  
10875.61316  
10887.99213  
10878.11707  
10884.93965  
10907.76064  
10929.38135  
10942.48398  
10974.70171  
10962.55856  
10955.35136  
10962.18269  
10955.81558  
10945.66852  
10938.92937  
10969.07419  
10966.28975  
10948.14871  
10959.51962  
10941.72208  
10939.87025  
10953.05554  
10941.24181  
10919.53496  
10904.24796  
10917.17883  
10911.24377  
10916.60826  
10921.58673  
10888.85359  
10886.65005  
10900.98303  
10885.70905  
10890.16925  
10893.84943  
10909.31952  
10889.74867  
10917.27257  
10920.09135  
10847.29253  
10828.53075  
10831.52527  
10806.75941  
10777.70558  
10817.81772  
10828.92938  
10814.6156  
10864.23445  
10863.17635  
10860.74171  
10867.53185  
10869.7751  
10869.5361  
10930.58624  
10898.6918  
10894.22432  
10877.74696  
10902.5872  
10900.92067  
10855.21054  
10865.05356  
10864.11121  
10720.01762  
10733.92741  
10791.91611  
10808.58766  
10830.33733  
10860.20877  
10875.69815  
10883.74817  
10784.94814  
10806.20212  
10846.31197  
10872.80295  
10917.92191  
10898.1283  
10893.98706  
10877.16916  
10870.20248  
10831.59459  
10840.49506  
10844.66501  
10846.69815  
10832.93575  
10883.57553  
10875.22653  
10850.04041  
10870.78682  
10869.35674  
10868.41235  
10886.17697  
10899.3844  
10893.23167  
10935.90086  
10950.97781  
10921.56773  
10909.55438  
10930.45563  
10927.89999  
10919.76785  
10925.42924  
10911.98694  
10882.68423  
10901.65924  
10931.52142  
10924.53569  
10919.34293  
10939.5596  
10919.02802  
10896.66286  
10901.07407  
10883.87466  
10893.42606  
10900.2424  
10887.9782  
10897.99416  
10896.29915  
10901.58672  
10894.68738  
10891.2612  
10922.18581  
10917.47757  
10924.90616  
10924.97021  
10913.59961  
10885.08131  
10891.8654  
10873.40204  
10892.54031  
10837.87766  
10850.04236  
10845.11674  
10841.58833  
10837.33888  
10921.26241  
10890.05859  
10931.5168  
10916.55614  
10888.47508  
10911.80246  
10904.86859  
10904.45491  
10900.43538  
10890.58516  
10909.73158  
10918.95572  
10873.47177  
10891.32333  
10860.04694  
10820.16446  
10813.85713  
10810.34207  
10798.96463  
10786.28616  
10833.30109  
10856.46407  
10861.80414  
10901.07788  
10880.30688  
10895.82808  
10903.05573  
10898.10732  
10890.91383  
10900.48672  
10921.40189  
10916.53461  
10918.33946  
10920.6931  
10915.76961  
10894.1944  
10954.83594  
10903.80351  
10923.40015  
10928.39557  
10891.27531  
10883.64893  
10899.32629  
10895.36333  
10879.20908  
10914.39674  
10920.74837  
10911.03879  
10939.18033  
10944.25613  
10946.44569  
10889.58228  
10880.07806  
10844.55675  
10855.50703  
10874.01234  
10864.21132  
10834.1272  
10850.42059  
10879.9848  
10891.1067  
10898.03711  
10924.28648  
10908.72366  
10908.09503  
10923.71396  
10897.39163  
10896.96416  
10901.34612  
10894.41873  
10905.72351  
10910.84142  
10899.88091  
10895.23384  
10887.86809  
10913.21719  
10883.78455  
10844.37679  
10825.34644  
10796.82521  
10781.66765  
10788.06981  
10812.05127  
10802.36891  
10791.78761  
10796.09625  
10780.34125  
10760.12259  
10773.35416  
10811.07811  
10812.32843  
10826.85851  
10862.81371  
10862.12401  
10832.79352  
10838.05936  
10865.23743  
10855.03702  
10868.84367  
10893.4352  
10911.6402  
10911.88774  
10910.79553  
10910.88544  
10888.58392  
10887.924  
10884.19099  
10931.95586  
10977.71548  
10944.50044  
10887.26221  
10867.4532  
10824.11165  
10834.89317  
10815.12381  
10826.30994  
10872.7095  
10900.07927  
10931.02455  
10915.0551  
10926.75279  
10926.32617  
10869.21619  
10866.5697  
10853.66367  
10865.03593  
10875.93613  
10867.95224  
10820.28355  
10846.60625  
10869.30785  
10912.26448  
10904.55475  
10897.29362  
10934.58655  
10937.95605  
10928.88145  
10932.04842  
10969.76573  
10938.22241  
10954.06613  
10963.77583  
10930.84067  
10921.70793  
10936.87039  
10907.07721  
10894.41548  
10926.28192  
10931.16481  
10925.99887  
10949.26201  
10936.52777  
10898.48546  
10875.17557  
10872.09538  
10861.38792  
10836.95654  
10862.57608  
10849.40334  
10872.58302  
10845.46487  
10848.65973  
10840.71162  
10837.36119  
10868.22012  
10871.19649  
10869.75278  
10896.89746  
10884.03151  
10862.48209  
10890.65526  
10883.83276  
10887.33133  
10912.47151  
10896.65436  
10884.8929  
10890.72688  
10870.74712  
10861.53177  
10846.59062  
10862.38098  
10832.57082  
10868.29462  
10885.63818  
10892.10506  
10893.36441  
10902.25476  
10912.50819  
10899.51109  
10873.7054  
10881.39981  
10854.81227  
10844.47412  
10900.52135  
10889.0392  
10906.32738  
10919.19142  
10925.01941  
10910.72701  
10899.66641  
10932.46439  
10901.85757  
10902.31746  
10889.09418  
10917.34903  
10885.69997  
10865.39572  
10896.77585  
10892.83473  
10845.82988  
10845.299  
10842.19142  
10845.64748  
10838.13766  
10850.8967  
10834.24063  
10827.08411  
10815.78365  
10852.62958  
10821.98021  
10793.51099  
10788.87106  
10787.98668  
10780.1624  
10775.99185  
10780.7912  
10782.73576  
10793.53506  
10873.29675  
10838.68398  
10836.45239  
10834.11316  
10843.09897  
10831.2399  
10892.16351  
10876.3148  
10871.7001  
10857.01857  
10858.03146  
10884.96899  
10883.14601  
10874.65207  
10908.24954  
10897.25374  
10874.93904  
10848.99686  
10878.76582  
10865.31653  
10829.5419  
10853.41072  
10853.35791  
10864.64305  
10882.99376  
10869.95808  
10874.29631  
10911.6947  
10905.75366  
10914.83942  
10924.9258  
10936.10889  
10918.25098  
10926.72406  
10922.12962  
10931.65627  
10939.61957  
10948.51553  
10926.15472  
10927.77046  
10911.41017  
10904.17331  
10933.70413  
10906.2336  
10970.59262  
10966.88287  
10939.21906  
10922.15733  
10923.74718  
10920.72655  
10920.8884  
10920.82576  
10905.47537  
10903.29065  
10884.74683  
10898.6841  
10904.57623  
10896.26849  
10908.90202  
10895.30135  
10921.75568  
10949.83862  
10941.78407  
10932.37454  
10951.12318  
10914.12079  
10892.11578  
10891.46107  
10920.35669  
10906.86714  
10873.44537  
10881.36  
10887.97337  
10860.94041  
10880.49681  
10891.09186  
10932.21957  
10929.56526  
10932.66254  
10954.05894  
10924.83528  
10862.84026  
10830.58728  
10811.42345  
10805.84076  
10777.9364  
10802.57034  
10845.12875  
10823.2294  
10804.06863  
10793.97565  
10817.85149  
10802.18553  
10834.51256  
10881.00587  
10892.81662  
10886.15698  
10904.10394  
10933.80017  
10911.97816  
10910.11696  
10863.0885  
10860.82596  
10830.07027  
10838.76285  
10838.03178  
10847.85062  
10848.50471  
10865.22742  
10898.07411  
10861.7981  
10823.51889  
10819.37973  
10829.92499  
10808.04047  
10825.55238  
10833.90851  
10848.07048  
10865.55093  
10893.42894  
10927.55396  
10913.10266  
10923.80768  
10920.53934  
10917.47949  
10915.22635  
10897.33789  
10858.16278  
10880.86957  
10878.82695  
10872.57005  
10896.68254  
10920.6062  
10936.96495  
10929.55406  
10929.73177  
10912.78105  
10890.52066  
10858.05455  
10889.18263  
10863.57925  
10874.15503  
10878.43906  
10867.95534  
10881.46667  
10900.38315  
10908.81148  
10893.5248  
10912.3318  
10877.82092  
10934.06503  
11031.18855  
10937.49657  
10901.08234  
10907.51778  
10884.44688  
10908.21782  
10907.28514  
10922.88765  
10914.96149  
10911.80334  
10909.96696  
10888.10574  
10898.83141  
10873.45213  
10878.978  
10845.00601  
10855.2084  
10823.64401  
10830.61708  
10821.64311  
10855.52312  
10852.8942  
10873.69388  
10882.16257  
10910.85141  
10935.87556  
10894.09763  
10955.52898  
10875.52003  
10877.06035  
10852.07568  
10854.63528  
10873.31197  
10862.48021  
10839.95439  
10856.72562  
10868.53142  
10854.87563  
10850.07381  
10829.41586  
10834.52298  
10885.03979  
10913.86076  
10902.2491  
10908.0892  
10879.84856  
10913.56946  
10898.95633  
10899.40508  
10888.69104  
10894.97546  
10884.1214  
10868.76962  
10851.28691  
10847.46309  
10874.33788  
10889.8513  
10906.72569  
10906.12906  
10917.53586  
10941.03014  
10912.10782  
10920.22459  
10898.56723  
10913.99266  
10874.35149  
10892.67206  
10883.74615  
10901.11041  
10920.55028  
10922.34009  
10923.2536  
10915.10791  
10897.51866  
10919.40936  
10906.66414  
10902.35219  
10870.61302  
10874.95537  
10855.70242  
10842.86526  
10835.1132  
10827.4216  
10843.8725  
10846.78026  
10848.75168  
10838.75629  
10828.89743  
10860.97231  
10849.4296  
10846.31296  
10842.54689  
10871.9294  
10882.96667  
10903.40057  
10887.49356  
10883.76074  
10862.71178  
10845.42447  
10819.20029  
10832.28703  
10841.27118  
10840.64915  
10843.46339  
10866.34966  
10873.54182  
10886.20239  
10886.52983  
10934.30092  
10912.9481  
10917.75601  
10908.66943  
10873.1743  
10885.09601  
10875.04102  
10871.33971  
10861.39897  
10878.57016  
10867.082  
10881.4286  
10897.27127  
10903.46396  
10914.3437  
10915.07893  
10941.21947  
10942.24567  
10907.95743  
10890.34193  
10915.96893  
10923.67596  
10889.13405  
10861.76889  
10813.36967  
10819.5883  
10804.02217  
10814.02338  
10819.85007  
10825.19637  
10831.90886  
10881.50508  
10894.1087  
10878.67033  
10887.05441  
10880.72679  
10881.69823  
10896.73619  
10888.24973  
10894.8869  
10890.12453  
10911.03072  
10926.87305  
10953.53235  
10935.39809  
10911.10883  
10908.48473  
10899.90872  
10926.94896  
10923.94212  
10899.27208  
10881.08931  
10894.59755  
10915.9987  
10895.46825  
10869.98923  
10868.7392  
10825.78859  
10835.05905  
10822.8544  
10848.2415  
10847.3252  
10824.85913  
10849.7762  
10861.54167  
10890.70792  
10906.91122  
10945.69582  
10934.47302  
10929.88643  
10932.51218  
10942.1239  
10913.1057  
10888.5533  
10871.54591  
10840.82944  
10837.3028  
10825.3877  
10865.39691  
10897.88635  
10905.49512  
10934.32501  
10918.37927  
10882.73656  
10870.44252  
10839.76337  
10846.39255  
10832.89143  
