11372.54522  
11293.09715  
11251.71251  
11252.33538  
11245.82788  
11277.19423  
11307.69774  
11318.02993  
11295.20368  
11328.64336  
11287.53556  
11277.57315  
11285.03678  
11268.73318  
11266.54996  
11297.95369  
11279.43441  
11275.11336  
11248.89662  
11216.12193  
11262.21621  
11285.33352  
11305.30709  
11318.5644  
11292.91365  
11284.4264  
11268.35864  
11247.9924  
11270.57386  
11273.02712  
11279.89188  
11262.259  
11291.25324  
11271.77904  
11223.78601  
11207.00743  
11206.5577  
11230.54234  
11246.12005  
11247.26295  
11265.19673  
11232.48635  
11257.966  
11263.60367  
11234.84393  
11213.08742  
11190.55022  
11203.16078  
11240.04235  
11248.05846  
11274.90782  
11270.95847  
11275.58796  
11257.66744  
11265.39763  
11236.70104  
11261.28761  
11287.82632  
11277.97869  
11298.22321  
11282.29181  
11270.92858  
11269.66141  
11257.07434  
11243.0567  
11249.85622  
11252.32661  
11264.32987  
11265.56259  
11265.22787  
11267.88044  
11281.62775  
11292.21381  
11320.47759  
11325.31607  
11321.79038  
11314.09811  
11291.03929  
11248.5243  
11229.90633  
11267.16304  
11265.57859  
11283.39777  
11279.09305  
11315.08699  
11312.87191  
11306.59764  
11309.21443  
11328.73642  
11326.20816  
11285.88431  
11303.91549  
11264.58865  
11232.55589  
11237.19317  
11220.58193  
11240.59693  
11233.60737  
11244.62149  
11253.91971  
11274.26077  
11282.2742  
11293.33789  
11287.82473  
11271.29824  
11259.88021  
11271.78555  
11279.44192  
11278.85044  
11285.58474  
11267.19952  
11257.96561  
11253.99639  
11239.97009  
11251.71113  
11280.12047  
11270.56483  
11281.49411  
11306.52527  
11279.6143  
11275.94627  
11247.58687  
11224.47747  
11242.27751  
11247.51953  
11263.36616  
11280.79882  
11294.23564  
11304.38817  
11319.12801  
11300.57962  
11296.38012  
11234.10068  
11237.18126  
11233.00188  
11237.33223  
11254.21963  
11240.24454  
11240.77519  
11255.69824  
11264.0853  
11280.25566  
11300.69161  
11308.95461  
11315.0737  
11300.45036  
11322.51791  
11294.01798  
11302.7266  
11279.10369  
11263.65685  
11277.70598  
11276.01441  
11300.05297  
11300.0353  
11284.64683  
11290.76686  
11250.91892  
11262.83699  
11264.88689  
11310.12401  
11269.99678  
11279.42129  
11271.77012  
11280.6907  
11249.86641  
11235.19195  
11201.97642  
11187.64774  
11170.13389  
11208.19802  
11239.04173  
11273.94493  
11264.46931  
11293.30366  
11272.92433  
11268.24038  
11265.0642  
11259.32115  
11282.62222  
11280.59576  
11289.59361  
11296.14803  
11291.61648  
11274.76235  
11278.41091  
11280.83034  
11295.18707  
11280.65812  
11267.40627  
11247.68564  
11263.60337  
11252.38047  
11281.43129  
11282.21991  
11272.98833  
11282.6478  
11279.14265  
11265.05314  
11263.89659  
11256.76195  
11256.12418  
11263.16551  
11269.11798  
11264.22601  
11235.41672  
11228.755  
11163.87457  
11147.3647  
11172.71116  
11224.08336  
11244.59764  
11240.60626  
11248.27069  
11220.45076  
11190.21387  
11227.61003  
11256.68761  
11284.38812  
11267.09454  
11306.67939  
11291.69948  
11295.37807  
11317.62536  
11308.78735  
11319.90947  
11324.035  
11328.49809  
11298.86647  
11282.84754  
11267.68198  
11253.42839  
11262.87458  
11262.65705  
11293.76474  
11297.54307  
11291.17283  
11270.70407  
11298.23072  
11279.21227  
11285.50191  
11307.08915  
11317.51425  
11340.37585  
11348.64238  
11313.1166  
11295.31943  
11248.64733  
11217.14371  
11193.29976  
11189.70046  
11173.24501  
11227.51253  
11244.39799  
11276.1596  
11293.61158  
11244.01059  
11268.39014  
11250.69119  
11254.02918  
11250.90318  
11212.81462  
11178.47781  
10935.3675  
11339.6233  
11234.40177  
11233.62497  
11194.89167  
11185.83024  
11139.78322  
11154.98625  
11153.64731  
11220.74699  
11283.37358  
11323.14882  
11338.46888  
11395.96683  
11392.61497  
11374.199  
11344.23772  
11347.08219  
11340.28758  
11340.88727  
11342.45577  
11336.96179  
11337.66919  
11353.38561  
11355.33821  
11366.41262  
11344.81891  
11301.94879  
11281.38313  
11278.49193  
11299.68533  
11280.6464  
11323.41056  
11294.78162  
11297.94715  
11241.27963  
11203.87853  
11204.03111  
11252.32625  
11264.0656  
11297.90376  
11278.16534  
11275.44381  
11262.85997  
11256.07087  
11239.70591  
11242.74188  
11260.91275  
11294.26345  
11276.66992  
11297.40561  
11326.71873  
11303.60538  
11293.134  
11255.96406  
11262.87553  
11243.30729  
11287.36265  
11283.16528  
11265.52579  
11296.47599  
11311.46865  
11309.28909  
11309.38568  
11294.90472  
11273.84414  
11326.29102  
11317.33749  
11311.40589  
11311.13994  
11319.86771  
11277.17732  
11260.8318  
11218.88924  
11195.40003  
11208.49292  
11216.33122  
11195.00984  
11223.10983  
11227.36001  
11236.97541  
11265.8908  
11301.26884  
11304.27931  
11287.55167  
11280.19528  
11262.89893  
11271.61629  
11260.34227  
11303.53863  
11312.05257  
11307.82545  
11279.0902  
11246.26998  
11204.48173  
11213.27307  
11211.92766  
11196.60552  
11266.31528  
11265.35469  
11249.07428  
11273.8174  
11295.38715  
11267.25622  
11241.93669  
11244.581  
11274.21175  
11278.80053  
11268.68634  
11310.59271  
11304.33146  
11270.89265  
11283.73775  
11255.54638  
11202.14945  
11236.57278  
11220.39835  
11252.19354  
11252.43719  
11281.66402  
11313.09683  
11324.22252  
11316.61926  
11336.04301  
11325.23812  
11316.03988  
11299.0576  
11310.75427  
11339.59692  
11309.22238  
11294.36388  
11314.98403  
11300.0587  
11326.99108  
11310.32325  
11322.55925  
11295.54164  
11301.87563  
11297.40358  
11275.28496  
11294.36669  
11326.22083  
11318.09412  
11310.28585  
11333.19119  
11321.4231  
11355.45569  
11308.7932  
11320.27102  
11308.31606  
11319.32475  
11310.82859  
11285.46612  
11270.15914  
11284.05014  
11279.45731  
11279.50193  
11255.36605  
11223.79333  
11198.89356  
11147.03074  
11147.50289  
11169.24114  
11186.22328  
11214.60186  
11234.95426  
11242.36956  
11237.21356  
11271.70861  
11308.11689  
11287.45485  
11271.20695  
11216.87035  
11209.59831  
11197.69678  
11170.46446  
11201.9341  
11210.33739  
11225.14157  
11232.23824  
11248.69656  
11264.99967  
11272.27101  
11268.02715  
11253.34145  
11268.52785  
11272.59784  
11277.26738  
11269.71686  
11280.79858  
11283.75959  
11304.32382  
11295.42609  
11275.70579  
11295.37438  
11307.91378  
11286.84984  
11301.81764  
11301.98621  
11297.43016  
11301.28384  
11334.41158  
11302.3405  
11296.52  
11298.63208  
11321.97426  
11286.18591  
11289.72309  
11284.47145  
11285.97841  
11268.37681  
11280.20101  
11252.82755  
11252.1444  
11231.13797  
11213.01587  
11244.38081  
11234.8798  
11258.29515  
11278.89391  
11285.75685  
11300.57118  
11304.25587  
11335.3589  
11324.59215  
11324.11906  
11292.47002  
11289.38282  
11266.49871  
11274.63173  
11270.96595  
11292.82858  
11325.32297  
11325.28817  
11344.85484  
11313.81887  
11295.38176  
11278.59561  
11267.8027  
11276.48421  
11276.7697  
11290.75778  
11305.03541  
11281.20632  
11280.35256  
11275.6148  
11282.80118  
11276.37835  
11249.93547  
11258.94683  
11245.25849  
11264.26434  
11249.47621  
11304.82275  
11289.06783  
11270.06573  
11261.16956  
11237.81641  
11233.48568  
11191.04667  
11192.28526  
11170.06362  
11180.17372  
11201.38073  
11226.9257  
11277.63369  
11287.471  
11306.18405  
11287.29692  
11280.18735  
11296.17584  
11273.07218  
11294.01032  
11306.81841  
11296.24424  
11303.0457  
11270.27759  
11272.73274  
11245.97067  
11244.96815  
11257.96765  
11272.03587  
11280.09744  
11309.52162  
11326.43105  
11316.09771  
11294.02603  
11282.41598  
11270.90918  
11278.42681  
11282.72832  
11290.6119  
11297.7103  
11296.94647  
11281.07843  
11264.30114  
11227.66462  
11261.87322  
11267.55024  
11278.71407  
11265.17313  
11261.58873  
11261.30524  
11284.54402  
11262.8424  
11259.91515  
11263.87892  
11234.43856  
11236.90778  
11257.13338  
11239.63834  
11257.86541  
11227.57597  
11246.2254  
11236.83484  
11261.01001  
11230.29418  
11239.48414  
11276.8017  
11252.13555  
11244.46948  
11248.91395  
11234.85241  
11238.20289  
11217.94304  
11246.90632  
11275.75268  
11276.78918  
11270.80082  
11290.6092  
11298.13428  
11288.76527  
11293.23958  
11303.55448  
11306.36072  
11317.84673  
11289.20243  
11294.2313  
11279.12929  
11280.64004  
11299.35778  
11294.88065  
11289.51296  
11299.82614  
11313.92325  
11317.18498  
11293.82047  
11283.59987  
11274.85216  
11258.77082  
11228.29202  
11228.76118  
11242.00283  
11259.87097  
11269.86803  
11293.68441  
11311.13081  
11308.11704  
11290.11217  
11278.82023  
11285.96379  
11284.97788  
11288.74073  
11314.75865  
11335.45896  
11307.48306  
11296.73391  
11306.28191  
11277.85794  
11285.83236  
11290.90784  
11261.7468  
11238.85833  
11246.28669  
11222.44391  
11249.64599  
11265.68204  
11250.87799  
11271.50181  
11280.555  
11250.63526  
11242.4606  
11237.13921  
11271.52899  
11254.61835  
11265.17903  
11270.54634  
11288.89395  
11283.48201  
11275.56998  
11295.70457  
11290.9696  
11271.7639  
11215.54976  
11246.49145  
11204.43999  
11169.71545  
11192.9347  
11214.11878  
11226.75706  
11227.94381  
11264.40839  
11291.06318  
11325.83775  
11349.00118  
11344.62195  
11315.62831  
11256.2595  
11230.21243  
11222.14183  
11278.03344  
11268.64444  
11242.2652  
11192.41836  
11154.79345  
11131.06245  
11145.90508  
11143.48448  
11176.56759  
11204.13885  
11234.11694  
11274.84211  
11281.5118  
11296.68177  
11282.10808  
11244.87377  
11228.14366  
11260.2133  
11252.88669  
11274.95386  
11290.20207  
11296.16395  
11284.4098  
11276.77064  
11274.42024  
11285.68332  
11294.41076  
11302.85208  
11302.99658  
11327.46873  
11345.3314  
11333.91483  
11333.20984  
11319.73172  
11312.10141  
11242.43863  
11188.55249  
11197.94786  
11212.06019  
11239.31202  
11242.55059  
11292.34965  
11283.29898  
11285.71432  
11303.08917  
11280.30449  
11279.50953  
11275.075  
11259.43479  
11238.27171  
11245.03572  
11264.18281  
11279.72986  
11296.811  
11282.95195  
11294.70757  
11288.34857  
11299.83656  
11295.97432  
11281.97839  
11295.84386  
11295.36382  
11268.34136  
11287.70994  
11270.99655  
11264.93413  
11252.00652  
11249.40578  
11258.44098  
11239.20266  
11272.99411  
11277.45435  
11275.41314  
