10239.37085  
10221.2227  
10178.33566  
10140.38711  
10183.19678  
10134.68193  
10156.702  
10114.05941  
10158.59873  
10204.42086  
10293.67383  
10250.11042  
10246.42199  
10175.68058  
10064.01983  
10058.89808  
10037.25055  
10002.45643  
10075.34395  
10162.33907  
10189.17631  
10164.93061  
10134.36816  
10114.96135  
10107.36933  
10110.72309  
10124.18759  
10112.52003  
10154.93984  
10157.34855  
10196.21275  
10182.44356  
10188.09744  
10202.91597  
10193.12066  
10185.27486  
10196.46678  
10184.87734  
10202.46173  
10191.09062  
10204.66008  
10219.21977  
10248.02545  
10238.90856  
10199.86008  
10246.58604  
10284.69583  
10213.57596  
10245.16287  
10353.26825  
10276.70114  
10241.97405  
10299.96296  
10218.77644  
10220.90546  
10255.62295  
10227.25602  
10291.86169  
10174.12493  
10182.64854  
10173.64388  
10191.27523  
10211.61282  
10188.72034  
10176.56856  
10192.12965  
10136.33973  
10126.02902  
10110.24081  
10067.27621  
10034.37737  
10042.53221  
10090.43061  
10091.50875  
10117.51824  
10084.03862  
10075.01639  
10094.2616  
10099.78944  
10066.37675  
10083.01257  
10150.46934  
10139.34027  
10151.76488  
10158.41277  
10158.75312  
10050.29601  
10113.05064  
10134.48343  
10190.13152  
10168.1148  
10186.57339  
10199.89367  
10158.03689  
10189.88253  
10140.75452  
10117.34376  
10155.23387  
10160.92098  
10216.51383  
10181.01545  
10055.34743  
10152.3187  
10205.5785  
10217.07655  
10180.8799  
10170.09734  
10136.94393  
10112.83173  
10093.01162  
10094.22256  
10101.27393  
10102.02194  
10145.92832  
10139.57053  
10185.57271  
10157.35436  
10163.76799  
10155.76758  
10122.7384  
10124.18414  
10166.6241  
10093.44087  
10166.5058  
10124.38989  
10197.07363  
10225.88306  
10275.63668  
10187.55584  
10201.46493  
10197.69636  
10155.11872  
10097.8285  
10147.36225  
10161.63066  
10151.93828  
10186.2852  
10116.01584  
10069.51327  
10080.54788  
10167.6572  
10183.25709  
10383.23366  
10402.49364  
10427.60715  
10366.55318  
10347.40213  
10320.03679  
10240.6225  
10159.08556  
10140.6712  
10134.66444  
10123.27947  
10118.47162  
10047.44307  
10172.7495  
10172.67936  
10154.37812  
10146.00991  
9935.592974  
10171.22093  
10172.22277  
10143.20811  
10165.37602  
10213.3584  
10047.69638  
10139.68812  
10140.80322  
10122.83625  
10160.59845  
10140.02003  
10103.79492  
10120.80205  
10070.12348  
9853.031982  
10115.67758  
10139.6256  
10165.89162  
10122.22049  
10091.77192  
10074.47388  
10090.89124  
10066.85857  
10066.55334  
10076.48617  
10072.38425  
10088.5136  
10097.49108  
10110.39022  
10101.41016  
10119.29262  
10108.22462  
10121.45992  
10163.53776  
10176.08309  
10194.40246  
10187.89907  
10155.5029  
10148.37972  
10150.6872  
10174.9787  
10166.78058  
10162.85938  
10166.70437  
10166.50735  
10194.55505  
10202.81659  
10199.36568  
10224.92716  
10265.109  
10284.99532  
10271.75101  
10270.79702  
10221.02872  
10289.20771  
10266.45916  
10320.6437  
10245.29307  
10250.29738  
10278.01728  
10236.85379  
10289.52477  
10224.15904  
10220.44409  
10207.02341  
10178.19652  
10181.94538  
10112.40812  
10196.41813  
10201.91643  
10124.29023  
10127.93365  
10140.79863  
10136.2745  
10156.87171  
10122.72879  
10126.87971  
10154.23969  
10117.64716  
10159.25187  
10192.01476  
10142.24955  
10188.41935  
10178.24562  
10208.36789  
10221.64432  
10205.36172  
10209.66082  
10156.21542  
10225.49838  
10229.88508  
10200.7719  
10232.61433  
10217.4624  
10201.97853  
10189.10958  
10190.55782  
10222.58016  
10204.95134  
10206.85001  
10217.80305  
10213.10711  
10226.09631  
10192.50309  
10204.32606  
10218.7639  
10196.54522  
10192.4781  
10216.8912  
10199.69762  
10213.42231  
10227.05384  
10216.11134  
10226.22725  
10190.76033  
10192.09911  
10190.05516  
10163.45505  
10189.03114  
10157.17832  
10145.84497  
10118.76608  
10108.58433  
10134.87226  
10107.64834  
10007.61439  
9952.878863  
10138.38297  
10304.95653  
10226.71571  
10266.49773  
10272.1413  
10192.43033  
10184.03147  
10092.50528  
10102.03391  
10087.43224  
10089.79376  
10098.3337  
10125.68473  
10135.67335  
10161.34135  
10239.14081  
10248.70488  
10271.14528  
10290.16332  
10253.4993  
10267.8295  
10254.50477  
10254.93777  
10240.60988  
10252.41501  
10286.35107  
10276.2041  
10272.44158  
10248.9893  
10221.61475  
10217.21627  
10218.93743  
10254.88695  
10195.83871  
10051.34218  
10006.49875  
10190.46631  
10192.56292  
10203.66027  
10175.14558  
10152.06832  
10122.71245  
10119.87572  
10115.21309  
10119.57937  
10116.54374  
10124.50724  
10142.04508  
10136.20545  
10127.03625  
10111.42011  
10095.22945  
10107.26422  
10135.2144  
10156.00487  
10125.07428  
10132.63416  
10110.57051  
10143.89933  
10153.32871  
10141.42804  
10146.88021  
10198.72814  
10179.23149  
10155.32858  
10196.4668  
10146.28537  
10156.43757  
10144.54231  
10078.81494  
10056.80136  
10060.87318  
10076.00886  
10074.35464  
10127.07735  
10143.28608  
10128.22221  
10147.11519  
10157.03441  
10175.63237  
10165.81408  
10188.89969  
10180.75481  
10159.77062  
10123.40533  
10092.46361  
10098.04769  
10082.44837  
10081.57932  
10067.6226  
10089.58555  
10114.51112  
10089.59308  
10036.05691  
10037.14015  
10114.9075  
10174.0291  
10302.90445  
10242.604  
10287.50814  
10276.22913  
10206.78417  
10145.50283  
10139.89219  
10123.03095  
10141.6851  
10167.63708  
10154.56781  
10181.17061  
10149.17903  
10182.7989  
10223.98518  
10212.98502  
10262.06052  
10259.91106  
10205.02196  
10195.31421  
10259.47987  
10260.02259  
10265.95166  
10268.16614  
10133.65659  
10167.64403  
10241.64157  
10225.11205  
10171.03737  
10133.68207  
10104.42964  
10072.69839  
10002.63722  
9989.145594  
10001.20009  
10068.7589  
10177.73117  
10292.09243  
10295.96871  
10398.82678  
10330.89052  
10250.9103  
10193.86406  
10161.19518  
10131.419  
10137.60629  
10135.46678  
10133.86335  
10130.92745  
10132.15019  
10162.55697  
10145.69042  
10182.72669  
10253.27436  
10257.67058  
10185.32548  
10083.95798  
10130.48337  
10127.1802  
10207.62122  
10275.55485  
10296.0632  
10315.63917  
10274.5929  
10281.50125  
10244.47724  
10236.72073  
10171.70097  
10190.68944  
10227.01463  
10226.28816  
10220.07706  
10220.60287  
10206.44886  
10188.69145  
10184.10599  
10190.44281  
10194.51676  
10203.57568  
10139.21  
10119.63245  
10032.87196  
10120.22563  
10168.77444  
10152.60013  
10212.06705  
10120.32247  
10164.71595  
10142.8941  
10109.87118  
10084.47395  
10064.38518  
10054.56797  
10049.47155  
10038.66192  
10079.42993  
10070.06214  
10106.9774  
10123.04324  
10121.44698  
10124.23967  
10176.70936  
10190.59079  
10193.28557  
10188.17328  
10159.7092  
10183.11679  
10168.34664  
10180.36351  
10126.07498  
10108.63224  
10110.38471  
10280.1225  
10334.92057  
10271.7196  
10343.19946  
10287.54942  
10199.53162  
10116.96002  
10067.11842  
10064.65922  
10048.96746  
10074.6091  
10087.12702  
10108.2392  
10160.17641  
10193.81457  
10216.5954  
10184.91729  
10196.87335  
10191.24589  
10115.02397  
10269.35017  
10266.33447  
10210.51094  
10206.55654  
10184.31151  
10168.21124  
10168.14157  
10154.25543  
10176.02321  
10170.85851  
10185.11042  
10194.00142  
10181.6329  
10186.19011  
10191.84613  
10186.04238  
10200.44257  
10169.38319  
10135.34355  
10133.4539  
10173.70693  
10232.51578  
10242.7468  
10217.00322  
10193.17202  
10163.36011  
10119.50809  
10070.64364  
10090.94968  
10118.7834  
10139.02898  
10123.75237  
10104.03916  
10150.33147  
10160.26341  
10149.48114  
10085.59333  
10145.25125  
10149.12061  
10206.77529  
10212.18035  
10331.89374  
10305.47765  
10261.36706  
10308.74754  
10256.64282  
10219.41635  
10169.28701  
10149.55417  
10050.43025  
10175.20976  
10152.59875  
10177.63764  
10189.07306  
10216.32823  
10238.92198  
10251.83842  
10243.54604  
10299.38659  
10267.04211  
10306.57844  
10310.34098  
10276.74645  
10278.26561  
10256.62369  
10222.30173  
10229.33779  
10226.28392  
10236.90069  
10233.93127  
10228.69067  
10233.31256  
10196.25445  
9896.12826  
10162.41961  
10158.00665  
10136.31843  
10169.63041  
10176.65575  
10198.52947  
10207.50027  
10172.43279  
10163.55292  
10166.57514  
10153.13107  
10153.06178  
10109.03735  
10088.15993  
10098.94059  
10103.88  
10121.27057  
10172.23824  
10168.00379  
10206.06984  
10207.48989  
10242.29995  
10190.51798  
10171.98669  
10158.42007  
10171.60545  
10146.44729  
10140.51542  
10119.64939  
10142.19852  
10127.39697  
10102.47902  
10125.2775  
10104.96937  
10116.26601  
10106.27668  
10101.81125  
10135.17967  
10119.50992  
10143.71756  
10154.58505  
10154.71808  
10137.75843  
10132.99977  
10152.453  
10140.21203  
10168.65726  
10144.84981  
10123.01672  
10101.78231  
10106.17785  
10135.51631  
10116.27792  
10124.04145  
10130.78372  
10114.21413  
10123.50075  
10126.91003  
10280.05148  
10251.61938  
10180.8038  
10163.09735  
10163.60263  
10109.94218  
10087.29787  
10101.386  
10100.07601  
10096.58322  
10093.4315  
10108.698  
10126.18121  
10153.96464  
10129.4669  
10109.56405  
10107.64299  
10096.15447  
10102.79637  
10119.36021  
10144.11163  
10170.0248  
10198.3919  
10179.46234  
10193.07293  
10185.64868  
10201.9083  
10171.13069  
10125.63083  
10163.97533  
10145.89052  
10169.46535  
10202.91266  
10192.00112  
10218.7315  
10209.25478  
10225.27202  
10230.01666  
10234.49249  
10255.66995  
10266.65547  
10237.13396  
10232.81691  
10225.6333  
10221.70061  
10216.38146  
10207.12576  
10227.52934  
10220.07811  
10244.18799  
10259.42337  
10313.13833  
10312.22136  
10279.58348  
10330.80192  
10251.6495  
10247.36324  
10295.63624  
10271.44978  
10263.99299  
10341.47234  
10273.54501  
10293.92656  
10195.49405  
10213.99005  
10127.78421  
10124.12188  
10119.51162  
10115.37504  
10144.52783  
10135.30726  
10118.93914  
10100.01508  
10097.15247  
10108.22757  
10098.65766  
10088.90507  
10080.75956  
10121.19638  
10111.5189  
10123.76693  
10103.74266  
10080.33282  
10108.0431  
10080.89791  
10103.104  
10117.07607  
10123.96293  
10176.14134  
10117.89258  
10118.69906  
10132.2481  
10142.91155  
10125.17226  
10155.90647  
10134.49904  
10126.22912  
10090.03164  
10110.90947  
10161.17575  
10276.01445  
10297.09183  
10146.47309  
10348.33427  
10276.27467  
10216.02265  
10186.41899  
10145.00211  
10128.79662  
10194.07126  
10175.09285  
10212.50669  
10231.98035  
10270.77717  
10240.4791  
10261.36852  
10258.51308  
10242.26469  
10269.39733  
10241.11243  
10263.99334  
10247.35958  
10223.29923  
10182.85204  
10203.29354  
10195.55733  
10170.84283  
10132.13976  
10137.07965  
10155.31203  
10147.82874  
10095.3664  
10188.25852  
10146.26959  
10140.63115  
10159.66207  
10136.27025  
10164.72135  
10175.77559  
10187.92584  
10189.34993  
10118.07152  
10183.15481  
10124.61999  
10209.52032  
10190.32453  
10185.0789  
10158.57252  
10189.21713  
10146.08183  
10133.53753  
10165.62513  
10146.616  
10154.08443  
10142.96769  
10164.59338  
10141.07844  
10130.22332  
10092.63375  
10162.50514  
10134.19477  
10170.84916  
10216.79418  
10238.22327  
