10050.83062  
9988.761634  
9948.510094  
9981.821214  
9943.097346  
10002.3994  
9960.820669  
9992.83035  
9977.385564  
10014.25178  
10026.00907  
10006.73017  
10008.77282  
9984.69089  
10005.15315  
10029.69186  
10019.13336  
9998.981088  
9994.667725  
9938.301701  
9952.384691  
9949.24231  
9978.820331  
9989.552763  
9957.494554  
9936.562631  
9952.749455  
9963.326613  
9993.574266  
10009.00054  
10019.29025  
10038.20504  
9990.2266  
9995.034001  
9977.824491  
10023.27839  
10013.66213  
10038.83191  
10017.18441  
9979.963182  
9964.148644  
9968.10914  
9986.689115  
9954.540959  
9947.869742  
9943.112558  
9938.237943  
9970.837421  
9957.698064  
9983.769973  
9941.837186  
9912.402841  
9921.137395  
9946.404748  
9992.904372  
9993.826604  
9985.578735  
9966.245756  
9951.345459  
9972.559852  
9961.645771  
9941.105488  
9921.53818  
9959.882568  
9971.472675  
9952.989342  
9983.160861  
9983.168964  
10024.22531  
10010.93643  
9998.619929  
9965.807439  
10013.05004  
9990.555889  
9975.768048  
9974.939876  
9954.878747  
9987.669612  
10047.68795  
10072.25381  
10080.26558  
9995.506808  
9904.631329  
9872.471295  
9870.204721  
9896.980619  
9891.593412  
9973.721285  
9990.931725  
10003.81466  
9957.423415  
9927.922523  
9969.048622  
9932.842867  
9944.375648  
9943.607093  
9957.639986  
9960.37901  
9999.321815  
10030.05673  
10036.44723  
10056.14109  
10032.8974  
10048.6249  
10050.65478  
10046.13255  
10036.68367  
10025.91464  
9998.668645  
9986.37562  
9970.557598  
9991.293936  
9917.880681  
9948.933143  
9995.797664  
9984.886738  
10009.35215  
10029.80523  
10012.05568  
10026.46082  
9957.972281  
9945.923744  
9941.041748  
9953.517879  
9936.242084  
9961.403546  
9961.120267  
9988.88024  
10013.62092  
9999.54234  
10030.50249  
9959.378596  
9962.368004  
9980.863469  
9967.681115  
9966.600877  
10002.24753  
9983.669603  
10027.61302  
10039.79821  
10012.23223  
10029.8206  
10030.18491  
10027.29272  
10035.06721  
10020.43284  
10011.81005  
10004.8264  
9990.333205  
9966.068716  
10008.51168  
10029.25513  
9997.316547  
9993.805589  
9974.909048  
9961.782161  
9980.442711  
9977.353027  
9978.560322  
9994.560134  
9983.815308  
10001.65245  
9999.510517  
9993.286424  
9982.681547  
9932.275297  
9935.934598  
9927.896775  
9921.927077  
9936.890747  
9939.599046  
9935.385986  
9891.701576  
9889.210656  
9944.861422  
9974.725116  
9964.413142  
9989.893649  
9990.385245  
9975.745389  
9989.622577  
10014.74001  
10024.3321  
10000.56093  
10021.7079  
10045.83705  
10012.81852  
10011.58556  
9987.077693  
9966.323036  
9983.613441  
10007.73135  
10012.59398  
10002.71478  
9993.300274  
9969.9609  
9988.919302  
10010.43793  
10031.90979  
10047.13637  
10016.53599  
10017.99757  
10054.0476  
10036.65172  
10061.67796  
10063.79761  
9986.180382  
9924.155358  
9892.348417  
9903.457951  
9919.52601  
9893.831205  
9891.439153  
9945.638249  
9948.114633  
9949.097882  
9947.939416  
9934.67904  
9960.308772  
9979.778949  
9991.92334  
9971.550716  
9956.080895  
9987.551467  
9992.370352  
10013.40595  
10001.81004  
10005.23826  
10036.08303  
10016.73314  
10026.47233  
10063.17706  
10049.47175  
10043.89098  
10054.8296  
10016.21114  
9998.362727  
9962.200721  
9998.275597  
10033.07904  
10003.78193  
9956.097816  
9945.745746  
9949.601938  
9977.779259  
9971.66795  
9975.147254  
9989.803364  
10013.15773  
9966.666354  
9933.409771  
9911.365741  
9907.237333  
9925.855544  
9933.420739  
9910.250085  
9941.036396  
9982.096276  
9975.660936  
10034.57976  
10058.95893  
10020.17179  
9988.332642  
9924.656137  
9930.763287  
9964.336905  
9997.979286  
10015.76043  
10002.6289  
9977.547138  
9970.538133  
9999.294396  
10054.17041  
10026.32366  
10028.3919  
10037.45039  
10012.75499  
10011.13017  
10013.13611  
9996.746047  
9996.262686  
9964.714994  
9908.147207  
9868.271165  
9885.287072  
9927.393771  
9954.110201  
9979.724037  
9949.848605  
9903.982882  
9943.962985  
9973.257474  
9956.038048  
9955.527109  
9979.106943  
10007.76629  
10048.43015  
10096.15299  
10091.18751  
10106.49983  
10094.3279  
10063.33002  
10052.0665  
10038.3224  
10040.65086  
10043.4498  
10071.45801  
10053.32044  
10042.23598  
10061.65032  
10002.46305  
9981.286818  
10003.62995  
9983.801917  
9996.106361  
9969.984262  
9945.89932  
9972.307382  
9963.940063  
9952.022057  
9940.725229  
9913.403574  
9964.783823  
10001.17134  
9993.864277  
10022.15716  
10016.34614  
10003.30786  
9988.192834  
9994.417912  
9992.680824  
10011.20674  
10003.39964  
9993.158992  
9982.085177  
9997.844924  
9975.843121  
9960.157151  
9931.308293  
9909.203416  
9968.546161  
9997.76693  
10012.55196  
9964.986037  
9925.397095  
9910.835618  
9873.556547  
9860.730769  
9890.888719  
9907.917133  
9938.085665  
9966.985624  
9971.594529  
9951.330604  
9974.735868  
9989.846351  
9986.570021  
9996.625141  
10024.58502  
10030.96945  
10048.52594  
10008.28349  
10002.51788  
9944.643235  
9933.734985  
9916.357027  
9928.625498  
9964.754517  
9975.295645  
9982.350614  
9974.511277  
9971.458205  
9989.345553  
9922.084285  
9950.477192  
9963.382136  
9982.968224  
9986.359657  
10002.83204  
10037.794  
10034.44487  
10009.19481  
9988.248892  
9988.329918  
10005.64011  
10015.31297  
9984.869807  
9961.866436  
9935.353018  
9957.545889  
9942.155931  
9994.836614  
9965.346229  
9980.13424  
10016.82086  
10008.64724  
10013.2734  
10023.42996  
10020.02386  
10021.18262  
10025.29874  
10047.37632  
10031.22468  
9991.192007  
9987.907771  
9974.106971  
9954.864586  
9936.180007  
9916.37085  
9935.714769  
9935.036602  
9940.175997  
9969.253784  
9939.976412  
9956.727145  
9958.373422  
9976.377967  
10004.32421  
9989.349478  
9989.715163  
10003.55893  
10050.96531  
10088.06396  
10056.78285  
10065.05158  
10040.85199  
9949.441791  
9893.128071  
9919.455557  
9951.577956  
9974.44443  
9997.131357  
10026.09523  
10008.78004  
9997.411518  
10025.16402  
10018.06082  
10022.10315  
10009.64256  
9984.462233  
9987.885207  
9995.264179  
9974.134597  
9944.987727  
9983.123779  
9985.749343  
9995.543307  
9981.226572  
9978.055617  
9981.753437  
9991.218938  
9984.071336  
9989.216543  
9966.42287  
9979.825806  
9963.28402  
9996.191209  
10062.13235  
10090.83263  
10101.17035  
10078.29816  
10057.98798  
10073.04943  
10056.74907  
10038.24707  
10025.82201  
9985.176288  
9959.113441  
9969.485314  
9910.047636  
9899.724544  
9927.969116  
9963.387076  
9928.370211  
9872.40133  
9868.107816  
9886.542114  
9972.240319  
10026.3412  
10048.33142  
10045.33298  
10012.64085  
9979.077646  
9918.558087  
9939.969191  
9960.362248  
9957.212308  
9937.789072  
9978.954036  
9975.310275  
9969.096548  
10015.53152  
9996.784386  
10025.2455  
10074.22144  
10066.47338  
10068.69653  
10052.43831  
10023.54209  
9981.269822  
10000.36167  
10033.62554  
10033.3172  
10032.65361  
10015.75241  
9996.790246  
10034.39318  
10012.78476  
10046.4833  
10053.8033  
10042.97729  
10009.11117  
10016.00889  
9994.152513  
9942.145311  
9934.616727  
9936.152597  
9937.639489  
9959.300011  
9948.339083  
9939.931406  
9940.578416  
9912.776517  
9921.498761  
9956.331778  
9935.899405  
9951.112953  
9935.352314  
9951.608999  
9942.317571  
9967.173274  
9984.247944  
9975.826782  
9966.589825  
9934.256038  
9908.740338  
9924.521268  
9891.883967  
9956.035278  
9939.215341  
9937.829477  
9951.92842  
10014.82111  
10028.16772  
10052.11406  
10000.90588  
9983.867159  
9940.763043  
9963.971914  
10000.02124  
10029.34845  
10024.09805  
10003.59777  
9957.800838  
9964.287325  
9978.910438  
9988.561758  
9965.369103  
9991.43857  
10018.0029  
10041.18108  
10041.85369  
10014.88246  
10030.17776  
10055.0741  
10045.51387  
10030.22599  
9998.312622  
9945.721051  
9895.628596  
9950.953923  
10002.17666  
9994.740272  
9988.548208  
9952.69705  
9916.333308  
9888.37408  
9920.217642  
9919.356577  
9934.65763  
9965.029841  
9998.133254  
10004.7143  
9996.935894  
9982.028226  
9923.975229  
9915.334914  
9965.010864  
9955.953998  
9985.858511  
9984.447181  
9929.329271  
9927.662138  
9991.273578  
10000.63562  
10063.60933  
10044.03496  
10042.06926  
10037.6175  
10009.94745  
10067.6904  
10069.9758  
10085.62187  
10049.56958  
10004.24912  
9952.990018  
9890.851356  
9862.789354  
9908.840388  
9948.422992  
9976.581928  
9978.177387  
9966.581346  
9995.829656  
10011.24669  
10029.26476  
10056.34563  
10059.74532  
10036.12917  
9946.027334  
9858.956299  
9841.985586  
9896.259719  
9925.135357  
9974.143536  
9962.215642  
9926.998995  
9939.523531  
9964.687275  
9974.945435  
9987.822266  
9999.255841  
10034.56258  
10022.29817  
10025.75949  
10059.47375  
10049.96484  
10026.08092  
9996.731201  
9977.739277  
10018.63185  
10025.25137  
10007.26939  
9978.936599  
9933.880672  
9921.652147  
9927.624718  
9959.5431  
9973.644841  
9993.659405  
9982.61854  
9956.259531  
10002.93565  
9992.226534  
10009.07753  
10028.95451  
10082.86981  
10068.68505  
10075.6172  
10039.62942  
10001.35898  
9982.873188  
10012.38397  
10033.12332  
10041.85193  
10024.36946  
10012.03037  
9957.320923  
9919.996995  
9935.081825  
9934.546302  
9948.36977  
9956.133967  
9944.644531  
9962.905095  
9960.818989  
9977.385254  
9985.593487  
9964.621075  
9931.015775  
9905.158166  
9933.71521  
9900.003859  
9908.14579  
9913.574613  
9921.267146  
9936.849102  
9926.301307  
9900.670044  
9947.609187  
9947.95566  
9929.16195  
9917.335402  
9881.691491  
9915.478309  
9940.522761  
9974.277513  
10023.02216  
10021.3369  
10055.7947  
10060.32861  
10067.00314  
10066.64547  
10049.23774  
10068.4697  
10069.55392  
10044.19798  
10026.62677  
10052.97923  
10020.10468  
10001.41472  
10022.70733  
10004.41722  
10017.55467  
9973.543711  
9977.707144  
9971.750385  
10006.47346  
9978.496751  
10007.65529  
9988.391808  
10014.03608  
10024.01996  
9986.255681  
9980.068848  
9946.023832  
9914.156381  
9932.552734  
9995.706374  
9997.326416  
10001.08975  
10051.45918  
10037.25795  
10016.56859  
10049.30899  
10054.06343  
10032.68167  
10044.50206  
9995.857027  
9932.507512  
9959.451256  
9934.414739  
9938.602492  
9926.484422  
9932.770461  
9930.3613  
9905.280874  
9908.247211  
