10212.02456  
10158.91537  
10159.9769  
10159.29383  
10133.60561  
10149.36966  
10155.67137  
10183.02248  
10164.47006  
10177.19893  
10170.34825  
10167.69557  
10186.96594  
10138.60742  
10095.34277  
10129.38786  
10097.0938  
10102.47232  
10075.60726  
10084.58744  
10069.78111  
10106.67047  
10105.40342  
10124.34699  
10091.53447  
10117.22682  
10125.97266  
10131.74309  
10122.37988  
10132.63986  
10178.1572  
10161.40544  
10162.50388  
10123.06379  
10179.78246  
10106.17226  
10099.5851  
10103.08482  
10092.99252  
10066.13074  
10126.99116  
10080.40473  
10092.95753  
10131.05443  
10143.79604  
10159.57724  
10129.21925  
10066.75827  
10074.41821  
10112.46125  
10100.75526  
10096.77251  
10073.29842  
10081.52206  
10077.18428  
10140.87838  
10160.85976  
10140.91571  
10104.46773  
10145.62052  
10123.11993  
10160.08656  
10142.03589  
10114.22211  
10163.1744  
10120.67373  
10169.44562  
10123.22823  
10153.37564  
10128.97213  
10089.23478  
10090.97604  
10116.99224  
10113.36983  
10131.08337  
10129.24007  
10130.50205  
10172.84563  
10169.42145  
10139.45074  
10148.72289  
10159.84956  
10172.7248  
10156.05585  
10145.18486  
10149.06043  
10149.93278  
10151.5982  
10142.84658  
10142.85992  
10160.29885  
10131.87641  
10110.23011  
10128.39441  
10105.32419  
10136.46258  
10142.93114  
10161.19129  
10151.29578  
10144.90053  
10105.00393  
10110.17773  
10128.23759  
10128.97166  
10162.22409  
10152.73692  
10144.49567  
10119.50372  
10093.40489  
10149.54659  
10109.12714  
10128.18209  
10153.61378  
10169.26036  
10160.30693  
10175.34268  
10156.48814  
10154.8709  
10142.91468  
10097.8417  
10155.15053  
10111.42202  
10133.04847  
10172.00026  
10128.53542  
10172.08113  
10127.96339  
10149.85366  
10135.48009  
10087.28701  
10116.85995  
10141.06998  
10105.22497  
10185.27927  
10172.91006  
10177.58744  
10173.0373  
10143.85185  
10122.95582  
10134.5051  
10103.01551  
10099.90172  
10113.75143  
10144.85511  
10076.82026  
10104.40311  
10137.23552  
10108.94012  
10070.99497  
10088.02744  
10125.2571  
10137.90127  
10108.13784  
10130.76682  
10140.72389  
10133.38784  
10142.41914  
10110.48673  
10096.54468  
10109.82096  
10098.59711  
10139.23864  
10118.65432  
10152.56743  
10136.76853  
10140.20498  
10127.83091  
10134.40394  
10149.91192  
10071.16954  
10104.78089  
10093.28609  
10155.95405  
10138.49576  
10194.08884  
10186.04423  
10189.51427  
10182.33253  
10159.07219  
10180.34687  
10166.97797  
10181.14658  
10143.53077  
10149.08715  
10132.6234  
10147.3689  
10122.81548  
10181.11407  
10119.99888  
10075.81757  
10123.40958  
10090.56433  
10138.26798  
10140.64341  
10084.38448  
10076.50717  
10106.53809  
10108.74347  
10088.10559  
10094.77587  
10106.92631  
10111.68995  
10117.62738  
10144.40113  
10119.43733  
10160.07355  
10133.42302  
10153.25129  
10133.59928  
10113.17159  
10085.52372  
10113.26186  
10119.56517  
10136.10037  
10101.86073  
10144.11442  
10144.13953  
10158.66318  
10137.90339  
10080.33213  
10115.58029  
10097.86066  
10108.30059  
10137.13388  
10105.1764  
10071.45479  
10115.29802  
10122.29216  
10113.34682  
10163.90973  
10164.13126  
10169.72673  
10161.25162  
10108.40642  
10134.84597  
10083.02746  
10105.88627  
10093.17592  
10129.06957  
10066.80797  
10149.65208  
10135.12571  
10157.83303  
10162.68671  
10160.97185  
10152.70765  
10110.34165  
10102.19708  
10121.94865  
10142.81319  
10138.96837  
10176.20596  
10130.23566  
10154.59439  
10143.46687  
10128.631  
10106.7454  
10107.29235  
10114.78368  
10115.89115  
10146.91835  
10127.25043  
10154.64548  
10176.88712  
10164.68288  
10169.06641  
10173.97389  
10138.94874  
10158.75329  
10168.17371  
10139.77482  
10161.43152  
10147.72859  
10167.19753  
10163.25474  
10198.27375  
10188.508  
10125.86704  
10108.74143  
10147.93202  
10125.94276  
10089.54499  
10085.54323  
10066.93593  
10114.98973  
10121.19965  
10167.78425  
10126.78089  
10134.22494  
10102.41082  
10122.4002  
10129.65161  
10158.33253  
10179.14703  
10178.54118  
10187.78489  
10184.46422  
10170.53056  
10118.94729  
10154.04961  
10153.87014  
10157.61745  
10111.22113  
10121.72854  
10114.99221  
10124.87669  
10118.15937  
10179.98973  
10154.51329  
10128.20841  
10091.82548  
10091.568  
10098.26246  
10125.44446  
10120.58901  
10125.14005  
10105.4572  
10104.11616  
10129.20698  
10111.38939  
10109.60633  
10088.17604  
10100.97492  
10065.07741  
10105.33551  
10084.70756  
10088.94774  
10101.0167  
10119.8282  
10101.16673  
10099.69719  
10124.7772  
10137.3351  
10111.02408  
10117.71134  
10099.92888  
10106.79116  
10125.43293  
10142.20393  
10176.01241  
10181.75455  
10175.15084  
10180.47692  
10156.03266  
10145.92545  
10143.80023  
10126.53928  
10157.1553  
10132.2783  
10188.62779  
10138.31395  
10146.18205  
10151.50472  
10103.40689  
10146.40096  
10131.66973  
10102.04302  
10130.92983  
10075.20305  
10074.6306  
10097.18131  
10102.54985  
10098.23945  
10107.19831  
10082.5999  
10070.96079  
10112.85404  
10056.50145  
10059.45474  
10081.25638  
10145.92319  
10158.34115  
10180.13322  
10199.52341  
10203.00119  
10173.12471  
10155.90999  
10130.46094  
10125.69579  
10108.95577  
10099.81495  
10044.48735  
10194.42576  
10166.24731  
10120.07715  
10074.6936  
10070.50286  
10113.74783  
10131.35502  
10136.31064  
10124.49276  
10176.50493  
10122.89718  
10104.78766  
10156.08155  
10059.47971  
10172.02977  
10212.374  
10193.88095  
10195.52813  
10151.7914  
10197.5624  
10178.74497  
10160.46639  
10164.48037  
10183.37329  
10170.42888  
10176.68269  
10184.97928  
10180.54461  
10166.90515  
10175.6366  
10182.77913  
10158.51653  
10151.27051  
10167.96923  
10169.18798  
10125.28094  
10109.5302  
10116.78949  
10107.62314  
10168.55011  
10112.9295  
10157.52275  
10151.54378  
10157.62938  
10122.23311  
10147.69584  
10097.20515  
10104.5913  
10133.86364  
10158.88715  
10161.25283  
10100.42552  
10131.86414  
10180.90465  
10085.37164  
10118.1744  
10081.54149  
10117.08387  
10134.06024  
10128.13005  
10158.87576  
10168.40492  
10200.61966  
10178.92149  
10112.02806  
10085.57398  
10070.08982  
10071.91371  
10028.04483  
10081.44624  
10048.51622  
10058.23916  
10096.72442  
10095.03313  
10115.28175  
10088.20379  
10086.69667  
10086.02518  
10093.91911  
10118.36011  
10142.56491  
10161.20917  
10168.88965  
10170.71651  
10175.7994  
10125.23757  
10181.85121  
10175.80759  
10170.77758  
10162.91156  
10151.50715  
10116.29692  
10149.92533  
10148.90113  
10135.26603  
10137.69164  
10113.7681  
10146.6119  
10140.64789  
10115.42511  
10069.78366  
10212.77563  
10107.08689  
10085.26879  
10082.17692  
10110.43436  
10045.21294  
10075.11414  
10081.08141  
10074.08001  
10069.74933  
10076.65999  
10111.21877  
10093.05512  
10118.89972  
10143.1496  
10097.9164  
10134.52117  
10124.87093  
10145.29778  
10140.79711  
10162.84132  
10164.0368  
10127.63939  
10145.61876  
10181.06886  
10150.29466  
10188.85706  
10183.03356  
10164.87629  
10170.08706  
10143.85968  
10137.14475  
10141.39513  
10132.1527  
10184.85459  
10144.58179  
10166.0075  
10209.52994  
10134.8195  
10179.60726  
10176.32665  
10143.00622  
10138.24395  
10172.15861  
10176.53273  
10132.51508  
10134.51131  
10130.83565  
10170.94869  
10147.23802  
10151.87733  
10122.74295  
10135.6607  
10146.11361  
10132.14127  
10137.7736  
10146.91092  
10134.60237  
10193.78566  
10172.90103  
10168.30262  
10167.55021  
10196.61983  
10160.13598  
10164.9627  
10152.36874  
10144.61238  
10193.21168  
10150.68176  
10120.04761  
10132.82572  
10142.33749  
10106.88424  
10121.55547  
10101.84068  
10090.562  
10102.55716  
10100.9737  
10129.84954  
10130.51827  
10102.84056  
10092.2197  
10106.95363  
10082.34551  
10105.7405  
10132.12605  
10117.6496  
10179.22747  
10130.30652  
10152.39465  
10153.24557  
10133.99114  
10150.99316  
10117.13396  
10102.00707  
10092.99724  
10127.11902  
10123.79509  
10162.1054  
10130.95284  
10109.98002  
10123.48023  
10110.27351  
10118.90392  
10095.40258  
10130.15585  
10112.128  
10093.88274  
10131.20413  
10116.13908  
10142.45858  
10121.05733  
10118.69777  
10095.12657  
10123.04242  
10144.87331  
10137.41604  
10139.47056  
10139.86083  
10137.73095  
10143.13298  
10107.76131  
10155.84797  
10143.89448  
10122.15897  
10144.34487  
10152.58067  
10116.87772  
10144.82146  
10107.30362  
10117.39456  
10104.11438  
10083.65956  
10130.81486  
10105.27882  
10163.96253  
10116.02165  
10133.13184  
10157.54978  
10106.57238  
10106.84811  
10139.56712  
10123.53482  
10153.27484  
10133.75391  
10159.05078  
10159.83696  
10144.10197  
10158.99988  
10161.50133  
10171.23502  
10150.71518  
10100.02563  
10121.43655  
10146.72027  
10120.78875  
10143.66621  
10152.21044  
10150.63829  
10153.38865  
10151.92954  
10191.4682  
10139.61328  
10138.74462  
10131.07553  
10159.17519  
10151.49945  
10117.72323  
10131.38543  
10113.56331  
10092.07412  
10136.33175  
10123.52239  
10109.80138  
10138.72149  
10090.98035  
10122.01136  
10143.47411  
10164.64541  
10173.5831  
10123.80428  
10110.37186  
10102.86192  
10165.27282  
10130.41661  
10145.06188  
10125.1623  
10126.8513  
10139.59173  
10144.69012  
10172.73278  
10163.50188  
10119.07298  
10089.92442  
10115.48009  
10069.63141  
10109.6145  
10145.93562  
10132.6663  
10140.52075  
10140.83296  
10164.7308  
10134.492  
10114.46565  
10126.7459  
10129.82977  
10160.72382  
10162.7888  
10153.82448  
10092.20524  
10144.67923  
10152.65534  
10126.69288  
10170.25993  
10113.30802  
10133.83422  
10107.03535  
10159.88548  
10104.13686  
10140.85363  
10171.4416  
10181.79799  
10176.86878  
10144.01836  
10127.71361  
10143.62033  
10085.17683  
10100.31338  
10087.16139  
10087.47094  
10116.48604  
10122.10104  
10120.25081  
10156.63774  
10145.6426  
10221.01134  
10192.32277  
10187.12131  
10146.99364  
10110.29204  
10076.12714  
10067.73645  
10091.56288  
10098.98526  
10098.77325  
10141.48962  
10084.68902  
10129.39753  
10091.02737  
10133.15806  
10139.25905  
10112.88405  
10104.97973  
10123.21132  
10136.81457  
10158.58089  
10161.24364  
10179.72709  
10183.26172  
10153.45765  
