11509.3302  
11405.88069  
11342.49672  
11292.16356  
11267.29164  
11276.88056  
11273.51326  
11292.6057  
11285.04912  
11310.17461  
11297.59192  
11304.93612  
11299.4224  
11305.60104  
11312.67043  
11303.89107  
11323.43337  
11309.47548  
11294.4488  
11296.97171  
11293.93483  
11319.75632  
11330.07408  
11332.75696  
11345.60062  
11349.70297  
11309.48556  
11296.87246  
11285.53305  
11281.97322  
11283.72222  
11297.78845  
11298.94091  
11320.55475  
11326.33886  
11322.60786  
11331.93021  
11288.03653  
11258.57571  
11236.04799  
11248.27735  
11277.70521  
11297.59307  
11316.8404  
11338.25827  
11332.0555  
11324.60022  
11320.84658  
11325.7745  
11281.91359  
11311.0633  
11309.65589  
11298.99544  
11308.32495  
11292.95954  
11293.7095  
11299.81096  
11299.09545  
11314.6953  
11303.90001  
11321.59685  
11320.26968  
11327.56024  
11345.7506  
11326.70913  
11362.6056  
11356.26437  
11336.18791  
11342.45695  
11347.66986  
11320.38007  
11289.6987  
11297.36622  
11300.34101  
11259.0141  
11289.30878  
11309.4427  
11313.04007  
11345.22794  
11346.42798  
11354.26641  
11328.46128  
11289.64846  
11236.09931  
11263.84185  
11276.56847  
11270.38313  
11297.9497  
11299.34413  
11316.13457  
11283.29992  
11296.36744  
11291.15697  
11280.83567  
11278.32149  
11307.0056  
11302.54606  
11327.87825  
11363.23306  
11371.15065  
11387.95233  
11393.95851  
11374.49119  
11377.76388  
11370.07428  
11379.25516  
11375.47646  
11378.335  
11389.56553  
11381.22701  
11390.98454  
11366.73502  
11327.38124  
11282.10857  
11249.85197  
11241.25222  
11204.31118  
11218.94972  
11217.60233  
11236.2173  
11256.77274  
11271.5627  
11308.65456  
11291.05753  
11286.54296  
11293.29339  
11289.61828  
11296.01879  
11301.43505  
11294.95491  
11310.62332  
11278.49256  
11304.5265  
11304.60199  
11351.99201  
11351.94294  
11364.82672  
11344.65041  
11314.86897  
11323.58027  
11319.7364  
11318.19017  
11303.3008  
11293.84077  
11251.98639  
11265.77709  
11236.75737  
11281.09778  
11296.25736  
11308.01897  
11290.31605  
11267.56579  
11254.91283  
11274.38343  
11298.47375  
11277.46278  
11316.6955  
11319.05612  
11340.40175  
11311.68662  
11330.24656  
11340.38908  
11341.59566  
11317.35107  
11303.36947  
11313.77073  
11290.71347  
11267.15027  
11224.25837  
11219.61367  
11227.87719  
11256.47099  
11243.80442  
11255.8785  
11266.96905  
11264.12263  
11284.40112  
11281.19418  
11298.06579  
11317.83196  
11346.46641  
11369.65016  
11354.86543  
11360.20221  
11353.8162  
11356.09335  
11349.83037  
11358.455  
11353.92879  
11343.53573  
11363.63569  
11395.86758  
11395.47082  
11382.47319  
11400.01993  
11347.9436  
11318.65751  
11232.14741  
11198.84149  
11187.99018  
11207.07344  
11221.66731  
11253.47289  
11278.9357  
11308.07037  
11333.98155  
11337.41252  
11371.35329  
11355.84619  
11360.20764  
11378.6657  
11368.9384  
11372.2683  
11343.34122  
11347.46486  
11363.8184  
11357.39052  
11304.208  
11324.449  
11340.09329  
11315.77674  
11325.18865  
11318.66287  
11330.64392  
11320.06506  
11276.45533  
11298.18244  
11283.34473  
11304.00369  
11333.33281  
11320.36692  
11294.6945  
11259.88242  
11202.86788  
11226.21795  
11224.91705  
11230.94863  
11205.32549  
11256.48324  
11278.43627  
11287.7497  
11338.8505  
11334.25726  
11353.7631  
11348.61869  
11365.61833  
11375.98139  
11376.86524  
11360.5059  
11363.19251  
11329.25175  
11309.35778  
11290.59802  
11264.73591  
11289.08492  
11305.49706  
11310.63947  
11341.27324  
11271.95015  
11313.29665  
11369.01  
11395.04647  
11413.5425  
11373.93451  
11362.9029  
11359.15924  
11341.31773  
11341.97226  
11341.7585  
11321.69978  
11305.08885  
11292.12319  
11315.87236  
11304.81127  
11325.18098  
11344.63362  
11366.38404  
11385.03781  
11387.44169  
11375.00773  
11345.22814  
11316.2916  
11322.44353  
11324.70924  
11347.75174  
11353.5814  
11377.65475  
11371.24667  
11374.92473  
11358.12899  
11337.00733  
11320.8982  
11300.06797  
11328.53018  
11314.7002  
11302.10387  
11312.3644  
11322.67537  
11321.20945  
11327.44744  
11321.49205  
11359.22443  
11367.13823  
11366.6391  
11355.08486  
11363.74052  
11345.2174  
11336.8394  
11339.37604  
11343.52893  
11330.04926  
11343.32355  
11332.6907  
11329.04001  
11311.90803  
11304.56694  
11280.37807  
11237.22724  
11212.83339  
11199.39627  
11232.81757  
11241.3027  
11256.73115  
11223.01164  
11232.86213  
11242.02763  
11251.86836  
11270.94667  
11312.09474  
11325.99819  
11341.82726  
11307.91553  
11272.99219  
11236.15778  
11213.60937  
11246.61675  
11271.05649  
11265.48967  
11269.84851  
11275.00374  
11268.99174  
11271.69767  
11288.1776  
11333.48373  
11349.04552  
11373.96035  
11381.75134  
11415.12376  
11415.56315  
11417.4845  
11418.80768  
11363.8896  
11333.57728  
11315.24653  
11300.3951  
11280.83179  
11258.04113  
11256.59649  
11229.98466  
11241.87041  
11218.08232  
11227.65249  
11224.19655  
11246.01775  
11255.26165  
11278.1657  
11309.05788  
11328.15701  
11334.94075  
11291.03436  
11254.5624  
11240.68761  
11258.84138  
11265.72718  
11307.07601  
11345.93176  
11353.32595  
11369.17436  
11378.29351  
11379.41672  
11389.15555  
11366.98719  
11357.95177  
11344.92967  
11343.67363  
11334.39982  
11332.5924  
11296.70933  
11268.79222  
11221.92482  
11219.36792  
11211.8589  
11251.67404  
11253.23356  
11292.82768  
11296.73233  
11314.28367  
11324.95723  
11330.20927  
11306.01176  
11292.20168  
11277.53314  
11296.46325  
11296.22051  
11298.17936  
11309.2258  
11291.41129  
11274.56111  
11289.37654  
11312.12022  
11296.29045  
11295.05343  
11268.24301  
11258.06534  
11234.60397  
11249.31427  
11258.21878  
11279.05302  
11280.1817  
11303.46842  
11318.5102  
11337.97614  
11346.48011  
11340.9236  
11336.66336  
11365.10355  
11349.97586  
11332.41407  
11336.30605  
11332.85359  
11332.34954  
11343.86989  
11350.7721  
11383.39727  
11407.22015  
11376.47505  
11379.98441  
11352.58454  
11310.87663  
11299.1054  
11323.81431  
11309.11654  
11313.32825  
11336.29278  
11355.58695  
11338.94166  
11323.50276  
11296.80322  
11296.24651  
11298.81561  
11291.19316  
11282.48365  
11278.60918  
11259.59646  
11262.1536  
11280.15676  
11300.66621  
11330.41199  
11329.19723  
11362.35363  
11353.64351  
11365.80261  
11326.74291  
11317.47524  
11293.4022  
11297.49215  
11280.69046  
11292.41338  
11291.29535  
11301.47022  
11311.07192  
11327.90248  
11334.39549  
11338.83438  
11337.5848  
11353.17428  
11347.68294  
11324.11523  
11312.25544  
11267.70057  
11288.37628  
11295.0811  
11262.59045  
11261.73314  
11303.75089  
11309.29622  
11341.34017  
11370.19074  
11373.95294  
11373.43836  
11381.30955  
11384.96273  
11386.97179  
11350.40636  
11309.74473  
11258.37496  
11247.31233  
11245.30843  
11258.9951  
11274.94918  
11290.20828  
11326.75912  
11329.60362  
11316.30983  
11342.89739  
11315.74692  
11292.72306  
11297.12201  
11304.17301  
11324.89547  
11334.99469  
11332.9751  
11332.46003  
11324.5283  
11311.98874  
11334.20103  
11330.66382  
11323.02908  
11291.89264  
11319.63285  
11326.95757  
11361.408  
11375.32723  
11379.76852  
11335.55267  
11312.57954  
11286.47853  
11269.65607  
11264.78261  
11267.29936  
11280.00544  
11288.28275  
11303.09803  
11316.09597  
11319.34166  
11287.18494  
11257.139  
11190.32401  
11196.40934  
11166.37744  
11177.48648  
11245.4627  
11270.11906  
11323.78464  
11330.02115  
11285.16419  
11283.35487  
11268.37283  
11267.30197  
11282.24669  
11313.63826  
11326.7785  
11316.27205  
11282.5791  
11276.55354  
11277.00316  
11271.07096  
11269.05148  
11274.60912  
11291.10753  
11275.64602  
11308.49289  
11317.66384  
11351.84804  
11361.86235  
11396.34266  
11359.62808  
11347.25677  
11347.5668  
11338.63688  
11337.15356  
11347.69549  
11373.53723  
11378.53662  
11369.94475  
11393.65671  
11361.79283  
11354.09736  
11312.13213  
11321.80212  
11324.79256  
11337.63904  
11335.46889  
11355.89614  
11360.31693  
11346.49541  
11342.76763  
11332.91157  
11303.59059  
11299.35651  
11301.55389  
11296.51066  
11284.84065  
11282.64206  
11309.27218  
11301.345  
11300.9216  
11315.96327  
11305.12574  
11319.30118  
11360.17932  
11358.49864  
11370.88548  
11315.72117  
11320.42661  
11356.76001  
11321.65781  
11305.35302  
11276.99333  
11262.24654  
11276.62283  
11323.21912  
11337.65716  
11322.39642  
11308.62573  
11343.54161  
11339.02358  
11349.12962  
11322.79089  
11294.1072  
11261.04487  
11224.19938  
11239.32952  
11259.08075  
11249.17777  
11263.4769  
11265.41084  
11247.84475  
11249.24047  
11281.69172  
11296.27297  
11309.42615  
11324.85222  
11290.84585  
11325.88021  
11336.72365  
11354.86455  
11354.32541  
11348.69325  
11374.99857  
11358.2794  
11359.69409  
11358.92999  
11362.18222  
11357.85344  
11374.26492  
11378.06928  
11381.32985  
11348.5282  
11338.95643  
11326.00147  
11319.30782  
11336.74714  
11323.10029  
11296.96967  
11305.02636  
11310.72169  
11279.52019  
11273.38112  
11283.473  
11258.04405  
11258.83068  
11261.25397  
11292.08131  
11302.75926  
11312.67861  
11288.99175  
11314.4443  
11313.56017  
11310.09338  
11283.55681  
11290.78247  
11309.85907  
11278.51866  
11245.73279  
11253.42312  
11281.5711  
11254.86801  
11274.05441  
11288.2428  
11325.42434  
11309.27418  
11279.62755  
11352.44704  
11288.66856  
11264.35305  
11296.7964  
11310.68703  
11310.93709  
11321.16661  
11310.93718  
11289.89653  
11294.44915  
11254.46067  
11253.26562  
11273.37606  
11281.19006  
11307.73197  
11323.79998  
11346.44938  
11342.16072  
11330.54421  
11331.41615  
11350.74268  
11378.20423  
11353.83095  
11348.53256  
11353.22505  
11360.15441  
11364.92563  
11364.47083  
11338.92512  
11340.69387  
11343.69973  
11352.88251  
11369.21715  
11368.31894  
11374.96719  
11358.55468  
11353.12227  
11353.05321  
11362.70404  
11302.54806  
11320.4713  
11306.29793  
11270.79614  
11296.22081  
11321.83832  
11348.20909  
11332.66721  
11306.81549  
11223.46407  
11233.14917  
11182.09977  
11213.30499  
11204.97598  
11251.6741  
11309.87959  
11337.78444  
11367.57951  
