9611.42958  
9528.864425  
9567.419481  
9563.490413  
9632.779952  
9693.703274  
9628.481683  
9606.311863  
9578.908352  
9604.453143  
9606.784067  
9591.495308  
9561.540593  
9557.880752  
9524.804902  
9490.910746  
9564.043189  
9589.189852  
9627.893924  
9589.338313  
9599.413056  
9644.57067  
9650.347525  
9687.163461  
9725.736673  
9714.065525  
9663.443181  
9635.237608  
9638.28627  
9664.217053  
9677.832704  
9682.135057  
9655.559636  
9625.370909  
9642.757348  
9631.398884  
9576.928431  
9631.471007  
9536.45818  
9545.311404  
9582.296946  
9601.825946  
9643.544374  
9579.675198  
9642.22343  
9581.039819  
9594.431474  
9565.773426  
9590.824082  
9608.096983  
9619.539735  
9632.19695  
9645.126995  
9657.026713  
9709.084371  
9701.656881  
9708.518221  
9693.171315  
9647.215916  
9568.610846  
9509.738912  
9508.20119  
9512.789771  
9552.2151  
9514.625  
9594.809469  
9578.656536  
9607.883813  
9627.521955  
9647.807159  
9660.774081  
9656.720346  
9650.533328  
9681.342523  
9656.054211  
9691.025968  
9672.898295  
9657.968083  
9703.496028  
9692.950219  
9693.358029  
9713.410698  
9672.154505  
9593.324409  
9552.586444  
9580.267566  
9582.830465  
9599.231767  
9646.354707  
9635.584377  
9678.486787  
9661.787288  
9705.950535  
9668.242872  
9632.635909  
9621.970012  
9584.40497  
9645.849461  
9627.168278  
9656.212248  
9625.534507  
9606.767804  
9600.859137  
9638.014267  
9560.455674  
9589.675757  
9635.327452  
9647.054735  
9682.882163  
9737.677246  
9704.218911  
9702.556944  
9642.238466  
9643.295773  
9596.00371  
9597.853343  
9591.545529  
9627.190864  
9641.081853  
9672.859012  
9673.181956  
9629.337003  
9589.027778  
9517.347894  
9480.48035  
9454.821611  
9484.304824  
9503.451714  
9536.693342  
9567.28128  
9594.527201  
9566.165783  
9628.865383  
9643.950082  
9673.947986  
9702.943133  
9689.511236  
9624.484518  
9645.869016  
9628.302848  
9636.627298  
9625.400528  
9644.056027  
9614.353182  
9635.563876  
9657.528636  
9669.645466  
9683.930932  
9691.65834  
9670.59316  
9666.827381  
9615.730237  
9600.514273  
9526.702559  
9435.113353  
9413.657018  
9434.210169  
9445.51232  
9486.98746  
9470.195235  
9458.310851  
9497.14649  
9535.819467  
9629.179717  
9629.335562  
9654.022437  
9633.825654  
9594.887427  
9531.906625  
9556.121004  
9535.646276  
9555.437131  
9557.459854  
9569.839469  
9575.813596  
9583.274914  
9596.785115  
9606.436345  
9614.550192  
9657.643704  
9671.450767  
9689.738948  
9662.974985  
9692.868015  
9671.403487  
9640.254097  
9549.016506  
9537.914962  
9513.107654  
9595.509027  
9608.105856  
9662.047048  
9672.629174  
9655.3246  
9678.720977  
9648.715642  
9655.870022  
9656.281304  
9667.233833  
9688.920529  
9684.644269  
9708.269382  
9694.299221  
9674.564251  
9665.036681  
9687.928425  
9665.215749  
9649.937375  
9636.039712  
9591.404041  
9529.366515  
9511.78016  
9598.827863  
9620.632288  
9674.068484  
9707.370195  
9713.754061  
9674.647729  
9604.718679  
9541.685106  
9493.217452  
9475.528422  
9499.060505  
9505.449755  
9475.618873  
9446.182242  
9435.597567  
9488.831561  
9551.089927  
9608.304783  
9673.561232  
9700.607958  
9755.162014  
9759.84066  
9791.964445  
9727.727622  
9744.999256  
9705.074141  
9671.209818  
9632.938304  
9630.086247  
9657.440668  
9647.004835  
9661.855725  
9678.183201  
9606.578804  
9525.556944  
9430.117592  
9398.242051  
9400.556599  
9451.457799  
9368.7447  
9508.844363  
9559.868891  
9549.833163  
9557.366687  
9568.960413  
9593.179378  
9595.043856  
9612.13548  
9608.058278  
9620.419052  
9597.549495  
9612.925805  
9631.992533  
9637.481552  
9613.33907  
9564.386534  
9509.82507  
9493.150623  
9516.52411  
9553.149057  
9521.497064  
9525.359595  
9537.624571  
9548.894448  
9593.903034  
9594.691335  
9582.173382  
9535.275051  
9556.729665  
9575.305622  
9610.993664  
9596.811958  
9601.023378  
9603.240586  
9620.788443  
9595.871784  
9575.80561  
9573.523503  
9630.441906  
9663.000881  
9711.253436  
9714.510284  
9713.261469  
9738.055372  
9741.733482  
9745.84328  
9673.355052  
9676.132015  
9654.252364  
9613.746665  
9637.69589  
9644.723043  
9641.994426  
9585.570444  
9591.609071  
9609.313739  
9630.477378  
9634.267405  
9672.068461  
9648.548376  
9643.534698  
9611.286961  
9528.464546  
9487.011659  
9449.003466  
9470.570289  
9520.493694  
9547.178348  
9572.849871  
9621.551228  
9640.498464  
9657.513493  
9673.517507  
9689.429152  
9713.980981  
9689.928508  
9700.660895  
9700.583311  
9648.359708  
9641.926389  
9575.741455  
9587.54522  
9622.015726  
9634.205953  
9657.141709  
9680.053211  
9692.501304  
9683.613853  
9660.488216  
9670.839391  
9693.371409  
9694.84609  
9689.017429  
9677.4365  
9651.670857  
9659.73269  
9616.479105  
9604.453625  
9598.910805  
9623.723538  
9616.614037  
9652.23918  
9638.905071  
9571.267179  
9517.690989  
9486.608357  
9465.821646  
9515.345018  
9504.930872  
9537.07061  
9577.766512  
9586.372648  
9595.444788  
9643.808201  
9664.746957  
9637.480034  
9620.69168  
9597.037377  
9547.649926  
9461.820402  
9425.270663  
9437.447272  
9458.17247  
9507.299686  
9581.590814  
9607.319169  
9690.851646  
9694.315721  
9718.047655  
9697.098639  
9687.390423  
9666.164074  
9622.09871  
9644.753436  
9637.426543  
9704.210449  
9676.682957  
9664.162973  
9635.230123  
9612.369045  
9607.514899  
9628.982535  
9557.492056  
9548.810726  
9544.613311  
9532.847019  
9587.275909  
9607.154839  
9619.427204  
9657.604665  
9653.447313  
9668.831775  
9694.549304  
9658.114049  
9673.605957  
9639.106064  
9615.931158  
9567.655148  
9513.791278  
9510.857458  
9546.054104  
9578.529088  
9584.613091  
9595.127453  
9575.762028  
9639.143465  
9631.114645  
9670.019311  
9706.31256  
9698.481421  
9719.991568  
9702.187387  
9678.501774  
9639.748827  
9627.235685  
9623.151629  
9636.816692  
9627.018989  
9630.63286  
9624.028761  
9654.762773  
9649.844471  
9641.421125  
9640.115794  
9603.371451  
9597.397229  
9569.708282  
9568.656458  
9592.01544  
9600.754371  
9632.166861  
9647.143257  
9637.879627  
9648.469667  
9667.6168  
9704.355838  
9734.759361  
9725.923024  
9712.269198  
9708.56802  
9637.994551  
9606.738341  
9614.119772  
9611.285126  
9628.339623  
9649.11608  
9627.916349  
9570.540295  
9582.469524  
9573.580948  
9585.159406  
9570.64396  
9574.378936  
9554.827303  
9591.434237  
9604.47296  
9632.335056  
9621.333365  
9576.423721  
9476.606993  
9430.11  
9481.385141  
9478.532423  
9581.396729  
9641.353408  
9689.656988  
9718.098305  
9673.389029  
9602.210705  
9576.731642  
9603.059499  
9628.543213  
9604.696932  
9575.257021  
9577.350753  
9555.02096  
9616.744617  
9613.029982  
9600.367182  
9625.720572  
9640.035394  
9677.294713  
9678.638065  
9695.889083  
9677.679765  
9689.424168  
9706.957942  
9685.558177  
9666.802591  
9640.642102  
9613.786431  
9592.725616  
9636.363382  
9627.740419  
9634.160115  
9674.75574  
9651.512642  
9697.337962  
9699.919416  
9691.009712  
9649.412913  
9629.074868  
9603.812  
9623.608601  
9638.066025  
9574.172596  
9516.451916  
9497.117104  
9507.241943  
9544.672054  
9594.857863  
9579.798215  
9643.024366  
9633.783376  
9551.614466  
9532.200439  
9535.921297  
9541.556724  
9508.826571  
9559.832847  
9531.20718  
9495.082537  
9474.206335  
9514.752412  
9558.549483  
9571.337075  
9558.61586  
9636.625601  
9630.595108  
9662.680974  
9670.814858  
9673.393477  
9711.263565  
9726.992872  
9708.880693  
9669.219131  
9567.992592  
9562.093053  
9576.872928  
9618.708288  
9623.023753  
9599.766613  
9611.477599  
9571.024801  
9571.703643  
9562.483011  
9532.286401  
9538.475098  
9559.838427  
9563.731326  
9556.386361  
9575.315894  
9580.673322  
9601.421738  
9625.769234  
9623.616098  
9620.05938  
9619.016244  
9592.317925  
9606.866503  
9619.675877  
9590.142757  
9602.02707  
9583.05676  
9564.206668  
9594.570086  
9622.060642  
9637.089391  
9661.169017  
9654.717517  
9666.132676  
9668.605326  
9634.446104  
9562.187756  
9488.774765  
9515.05573  
9572.296029  
9580.45244  
9590.379127  
9607.333419  
9585.754567  
9590.629776  
9572.154386  
9545.844828  
9573.256133  
9583.970828  
9640.364073  
9646.797607  
9650.130556  
9656.353766  
9604.997779  
9565.429735  
9554.734625  
9583.019174  
9605.817061  
9601.139369  
9682.194259  
9719.805337  
9694.719363  
9730.424382  
9720.539908  
9671.388779  
9630.918326  
9535.001536  
9503.508223  
9526.054604  
9602.352307  
9642.554604  
9663.461277  
9648.5683  
9660.528743  
9657.824385  
9694.557534  
9673.702911  
9703.394347  
9694.397389  
9686.650754  
9708.220459  
9677.620314  
9657.523497  
9666.899372  
9673.405994  
9676.532203  
9689.377162  
9660.64231  
9591.713593  
9522.380889  
9482.733916  
9519.745754  
9564.798096  
9589.710533  
9567.466678  
9550.997445  
9543.203691  
9556.347746  
9554.597037  
9583.340088  
9604.924102  
9635.635093  
9693.523938  
9684.380377  
9687.534454  
9653.987037  
9667.116187  
9587.625756  
9513.772372  
9398.890714  
9302.65965  
9316.274265  
9413.288777  
9477.620879  
9516.765691  
9554.528183  
9589.312178  
9627.014773  
9625.713891  
9679.72586  
9660.014333  
9722.316567  
9688.776903  
9697.795779  
9686.488013  
9672.518835  
9689.382491  
9677.041022  
9659.252275  
9687.623035  
9685.380347  
9678.093941  
9667.009992  
9634.912223  
9650.462563  
9655.58564  
9641.754162  
9694.077065  
9667.536538  
9623.181986  
9591.343976  
9515.373755  
9534.240669  
9562.198611  
9559.011653  
9585.640458  
9607.248958  
9631.428741  
9646.509265  
9657.759075  
9674.384283  
9648.220644  
9590.321795  
9606.844173  
9608.519936  
9644.914712  
9635.601003  
9637.267012  
9610.927478  
9611.074999  
9566.904362  
9551.952196  
9525.016399  
9500.859643  
