8999.473965  
9012.710553  
9025.359053  
8941.778622  
9022.895497  
8947.126486  
9023.964387  
9067.585512  
8967.62393  
9061.086208  
9005.761656  
9069.546459  
9105.876974  
9044.527957  
9116.771058  
9028.737419  
9051.60044  
9035.996457  
9005.295452  
9063.832966  
9017.166857  
9071.17281  
9096.430228  
9008.071102  
9035.529027  
8998.632532  
9066.202834  
9005.278653  
9017.587132  
9051.65278  
9028.993746  
9103.249397  
9036.098882  
9128.364029  
9102.058459  
9063.587662  
9098.059975  
9053.298111  
9061.627504  
9102.599713  
9054.581439  
9103.184882  
9109.022731  
9035.129124  
9086.303015  
9041.15466  
9065.975316  
9078.137301  
9037.096908  
9020.04647  
9031.351043  
9047.888298  
8997.805778  
9092.96714  
9019.250353  
9049.335262  
9042.191759  
9099.56917  
9143.528549  
9088.330587  
9140.483149  
9010.235528  
9053.429625  
9044.073367  
8965.055841  
9060.270466  
8948.440263  
9027.074697  
8988.225835  
8918.534543  
9038.515864  
8917.029224  
9006.181215  
9021.165559  
8950.04674  
9032.85923  
8986.5812  
9064.379727  
9026.923298  
9122.101313  
9108.650287  
9009.731134  
9023.031915  
8936.158993  
8979.790008  
9057.165382  
8998.776346  
9073.322608  
9016.837382  
9004.944835  
9022.702429  
8955.391841  
9001.863011  
9033.215145  
8978.156894  
9080.47034  
8982.83947  
9053.383893  
9048.652219  
8998.279442  
9042.227726  
8977.928503  
9054.162016  
9019.135337  
9059.565232  
9129.809809  
9055.703437  
9145.650411  
9027.11833  
9049.702585  
9089.128366  
8989.327263  
9020.467514  
9065.290933  
9010.616419  
9050.605406  
9059.996914  
8973.652635  
9034.353277  
9062.781634  
9013.65491  
9087.195188  
9046.728858  
9091.969446  
9084.517661  
9022.809612  
9067.465987  
9002.295441  
9023.347635  
9053.952637  
9002.008924  
9092.281655  
9027.564599  
9049.630153  
9098.743164  
9030.097241  
9058.881265  
9015.153601  
9084.756005  
9084.855292  
9026.292584  
9070.519438  
9078.633436  
9065.235819  
9086.364414  
8979.968947  
9033.408016  
9053.842721  
9046.805893  
9009.125478  
9046.53713  
9073.187386  
9068.259246  
9078.240193  
9006.085699  
9040.295078  
9000.97143  
8986.149705  
9000.217046  
9059.9236  
9008.664831  
9076.855001  
9043.20111  
9071.506857  
9078.829268  
9035.739424  
9090.155762  
9044.358097  
9084.839054  
9119.471503  
9048.050459  
9129.288377  
9063.480864  
9047.250291  
9088.973519  
8991.815544  
9047.399632  
9059.955764  
9030.583236  
9109.639139  
9068.816946  
9084.389337  
9107.270923  
9091.787681  
9056.283847  
9086.972355  
9094.175376  
9055.682306  
9125.330556  
9001.922249  
9077.919288  
9091.403196  
9012.305685  
9064.646079  
8984.065617  
9048.973196  
9082.410748  
9012.191521  
9072.605853  
9069.537868  
9061.08466  
9058.280585  
9036.458413  
9060.951681  
9048.729461  
9064.752525  
9077.89317  
9022.283619  
9105.146723  
9067.140074  
9036.02217  
9069.171231  
8987.542501  
9029.386833  
9018.072473  
8971.200808  
9024.08067  
9031.737741  
9041.245044  
9041.725607  
9048.73184  
8981.060391  
9005.671543  
9035.733159  
9040.964345  
9042.672613  
9047.638423  
9037.828322  
9088.148012  
9086.034554  
9100.098332  
9095.881701  
9081.220755  
9038.247029  
9055.086976  
9020.955535  
8978.840924  
9023.462922  
8996.565066  
8920.666649  
9012.341683  
9037.826411  
8985.945863  
9051.643887  
9057.399393  
8997.042501  
9036.709722  
9020.105677  
9017.881794  
9051.681152  
9028.041213  
9052.562126  
9000.982796  
8945.868829  
9027.033286  
8976.271505  
9003.042304  
8990.753179  
8974.846482  
9014.648012  
9000.335314  
8969.327367  
8993.99119  
8952.191375  
9046.744328  
9016.057659  
9073.979949  
9097.217431  
9051.862512  
9083.171428  
9057.514274  
9012.642495  
9006.12846  
8984.179106  
8989.254228  
8999.875405  
8997.034554  
8997.186139  
8997.099589  
9005.385036  
9015.357785  
9040.827065  
9040.724474  
9044.067404  
9012.487294  
8990.298226  
8990.485487  
9033.750977  
9021.560588  
8989.271516  
9008.803015  
9023.299493  
9002.597729  
9018.430529  
9029.487211  
9025.044247  
9034.18564  
9033.616242  
9057.408639  
9051.235414  
9060.479752  
9095.974963  
9060.892464  
8991.163761  
9016.800449  
8995.152198  
9028.961176  
9081.132792  
9065.312261  
9086.30209  
9093.102601  
9072.662826  
9093.466849  
9071.908754  
9061.052579  
9097.054324  
9105.38701  
9116.127743  
9100.601085  
9095.620657  
9127.968511  
9101.059685  
9094.177807  
9065.016228  
9008.247257  
9004.957727  
8987.344405  
8970.329289  
9006.94818  
9008.162743  
8978.116128  
9004.896297  
8951.81491  
8934.429064  
8997.080909  
8989.054781  
8997.656853  
9000.287483  
9018.3758  
9024.471337  
9039.305747  
9013.319305  
9015.933563  
9040.091267  
9031.501153  
9025.011906  
9012.477643  
9032.867343  
8990.408286  
9015.965135  
9043.771734  
9031.60524  
9043.705463  
9022.561669  
9001.005568  
9033.554719  
8998.813799  
9046.536237  
9043.733565  
9037.357692  
9061.760721  
9048.789229  
9057.433448  
9047.484385  
9054.639607  
9119.443235  
9078.273458  
9073.332187  
9066.908764  
9083.993881  
9087.941261  
9057.306256  
9066.916036  
9071.610933  
9097.413501  
9083.81116  
9050.127151  
9043.325995  
9034.266248  
9005.980053  
9017.874107  
9007.901014  
8963.108326  
9005.105884  
9001.167293  
8998.033847  
9039.27778  
9014.033639  
8985.369078  
9006.67441  
9020.164509  
9011.59081  
9084.124325  
9093.31624  
9107.233565  
9105.871883  
9054.7006  
9078.866408  
9095.667886  
9088.035925  
9158.954746  
9135.872818  
9108.992239  
9140.26068  
9107.371353  
9121.795763  
9072.111785  
9055.660499  
9030.328873  
8967.33868  
9046.911496  
9008.267942  
9027.23744  
9053.025432  
9003.592233  
9039.835875  
9010.271993  
8970.829756  
9029.207717  
9001.41986  
9032.488946  
9055.936877  
9013.888516  
9064.911164  
9053.409564  
9012.549711  
9052.388246  
9009.693037  
9044.916868  
9059.036143  
9050.00667  
9080.803804  
9063.335989  
9112.824104  
9084.233814  
9089.754592  
9085.919028  
9089.613634  
9117.451619  
9094.16053  
9106.556329  
9126.024279  
9089.507553  
9073.358762  
9097.474142  
9058.24011  
9096.365006  
9118.271287  
9061.274757  
9085.714844  
9063.419621  
9052.934581  
9101.142079  
9072.591651  
9094.66694  
9137.190347  
9120.749564  
9092.596233  
9095.947733  
8871.096617  
8909.817684  
8957.845028  
8956.799618  
9008.145217  
9000.365037  
8960.2655  
8956.320188  
8984.578073  
8975.721617  
9031.166494  
9047.262114  
9039.985435  
9050.89878  
9049.177464  
9080.010586  
9071.839491  
9083.242136  
9125.636137  
9112.158047  
9172.268378  
9152.676519  
9098.208236  
9132.053514  
9087.264441  
9124.393461  
9084.199977  
9070.597261  
9087.917782  
9100.267526  
9110.439193  
9094.211363  
9068.559155  
9117.44766  
9099.280876  
9062.536528  
9108.097469  
9127.468771  
9085.292574  
9099.280647  
9064.347469  
9114.842306  
9105.123213  
9066.655679  
9102.117603  
9091.231954  
9114.936357  
9127.910561  
9081.825839  
9106.812479  
9117.209171  
9122.685921  
9140.028601  
9136.27964  
9067.356892  
9078.685485  
9123.621322  
9106.307098  
9163.53392  
9142.611526  
9118.399248  
9124.257522  
8870.150245  
8666.660011  
8763.636989  
8819.730999  
8821.699873  
8885.890376  
8884.306485  
8887.874699  
8909.476355  
8806.266113  
8769.272243  
8808.451806  
8782.202481  
8783.466651  
8826.72515  
8859.116346  
8828.090997  
8808.578915  
8801.99332  
8811.189121  
8882.294122  
8832.306786  
8975.698305  
9131.794112  
9172.782954  
9185.798807  
9179.217867  
9160.099163  
9178.51443  
9202.082478  
9148.739206  
9230.019874  
9189.931807  
9102.305155  
9153.962808  
9117.929355  
9114.955109  
9165.51548  
9121.530149  
9150.009641  
9178.069066  
9135.238364  
9194.815284  
9154.936336  
9191.947276  
9161.910915  
9087.455598  
9145.045452  
9082.909128  
9025.107972  
8990.130091  
8956.668966  
8894.612855  
8927.331252  
8909.310048  
8907.328509  
8839.352695  
8852.072006  
9031.000322  
9079.624938  
9021.713171  
9018.417896  
9088.33921  
9081.965332  
9072.402146  
9131.904349  
9124.894884  
9190.585678  
9151.296646  
9132.257044  
9163.316126  
9181.717181  
9202.768399  
9205.202626  
9160.77483  
9174.597428  
9152.476698  
9088.409595  
9116.694793  
9075.951993  
9063.281073  
9116.858918  
9134.129987  
8958.620948  
9004.74279  
9011.384464  
8924.526409  
8948.913169  
8964.814713  
8939.053337  
8972.763069  
9042.88594  
8973.670483  
8990.662234  
9010.803669  
9005.445032  
8936.032434  
9033.003927  
8947.01121  
8900.411663  
8954.205608  
8913.578156  
8942.457104  
8936.903383  
8953.532081  
9004.160967  
8992.102685  
8996.765168  
9067.801799  
9018.867188  
9052.930882  
9092.070198  
9026.732422  
9089.582197  
9076.690118  
9022.178285  
9128.313206  
9055.913055  
9115.827429  
9130.065523  
8996.397461  
9025.665444  
8959.696892  
8956.318733  
9009.906447  
9011.232941  
8945.761978  
8998.816583  
9011.457021  
8951.691874  
8907.09028  
8971.190492  
8970.308355  
8973.3547  
8960.118413  
8946.571476  
8824.302142  
8906.252535  
8900.688975  
8956.0545  
9054.406312  
9015.659886  
9071.550636  
9122.430269  
9060.875436  
9115.208475  
9082.175127  
9054.084338  
9151.757875  
9068.561752  
9132.768212  
9101.4554  
9116.834847  
9112.830899  
9076.327522  
9109.597625  
9086.211873  
9078.942061  
9086.027874  
8997.998151  
9041.160187  
9059.402074  
9015.484915  
9055.219758  
9090.104316  
9094.672228  
9126.650733  
