8677.799376  
8699.747841  
8660.892835  
8610.309022  
8652.790879  
8641.024928  
8637.547655  
8632.935967  
8650.785859  
8644.996685  
8640.55844  
8659.763321  
8651.209867  
8651.427512  
8642.571169  
8616.769137  
8663.001294  
8661.0968  
8644.383181  
8648.837591  
8631.836297  
8614.110728  
8643.31459  
8615.700409  
8624.250874  
8616.807266  
8635.822505  
8639.632718  
8673.899568  
8648.30461  
8688.051004  
8659.990843  
8629.730006  
8632.437688  
8656.631827  
8663.128152  
8641.107893  
8628.364078  
8624.794185  
8625.371856  
8662.947257  
8656.821949  
8644.401025  
8629.129403  
8611.169237  
8633.27348  
8649.002416  
8649.822762  
8664.805715  
8627.020491  
8626.996145  
8619.785002  
8629.736242  
8649.623218  
8619.209713  
8644.344658  
8649.404597  
8631.875762  
8601.403269  
8631.330815  
8631.128872  
8631.073028  
8622.010417  
8618.700324  
8657.273052  
8631.725809  
8593.5481  
8617.136693  
8621.160036  
8613.842242  
8633.72861  
8662.048091  
8645.472365  
8641.941064  
8658.310213  
8646.559176  
8656.611439  
8644.910336  
8639.440481  
8637.363718  
8626.036647  
8670.057292  
8666.030102  
8648.935367  
8611.143101  
8643.554251  
8614.250291  
8636.622173  
8637.137096  
8636.564513  
8624.465238  
8628.302717  
8619.929525  
8639.311052  
8643.284771  
8622.35116  
8645.696486  
8674.122096  
8660.918937  
8692.109906  
8637.117307  
8658.344375  
8648.231762  
8643.92465  
8651.936249  
8596.5282  
8617.597502  
8647.581603  
8661.23518  
8651.79971  
8665.275168  
8634.234863  
8665.525074  
8666.934904  
8649.099515  
8675.657552  
8651.2598  
8657.06895  
8654.106856  
8660.389623  
8641.022444  
8613.006108  
8623.961032  
8647.215949  
8660.380705  
8661.361542  
8644.634808  
8646.320775  
8604.404725  
8645.916795  
8649.359529  
8646.373921  
8623.974695  
8627.028218  
8636.20698  
8629.210535  
8658.210055  
8641.42334  
8630.67035  
8636.845926  
8622.665185  
8632.775768  
8624.179422  
8609.896013  
8609.654066  
8626.356462  
8621.472434  
8646.827465  
8626.636085  
8658.319747  
8695.448705  
8705.719607  
8704.975697  
8669.449125  
8679.017244  
8674.721937  
8644.487699  
8628.325487  
8618.054833  
8627.188057  
8617.418637  
8639.112082  
8624.364395  
8624.987784  
8637.152686  
8650.8128  
8655.302811  
8625.476819  
8631.619235  
8628.465041  
8641.654357  
8633.51954  
8615.195655  
8636.876859  
8629.576369  
8645.852248  
8681.038309  
8650.346782  
8655.041872  
8638.344812  
8625.416512  
8624.93039  
8646.138869  
8667.387978  
8677.574827  
8662.99731  
8637.719367  
8638.655787  
8667.511847  
8640.540082  
8633.539799  
8639.690849  
8638.959378  
8663.15428  
8658.963036  
8632.667104  
8655.274645  
8645.736928  
8604.311909  
8633.440789  
8642.204042  
8638.379626  
8637.803068  
8640.687166  
8634.749974  
8657.421284  
8678.659557  
8659.353507  
8677.292258  
8634.351597  
8639.21815  
8610.30987  
8632.722425  
8645.689616  
8651.558534  
8624.068265  
8659.6483  
8661.577277  
8642.722725  
8625.556118  
8609.20489  
8672.107379  
8679.149962  
8645.290596  
8659.183577  
8631.673563  
8642.778209  
8613.449313  
8618.265676  
8616.09184  
8617.638818  
8664.037563  
8683.332091  
8663.059133  
8657.258284  
8636.069473  
8670.760434  
8656.779348  
8627.13426  
8644.617402  
8623.704384  
8610.04619  
8624.869269  
8633.116314  
8638.292763  
8614.658734  
8624.849721  
8605.024979  
8601.698371  
8661.047877  
8667.209164  
8666.385571  
8630.562252  
8630.489241  
8645.643272  
8653.269428  
8641.349729  
8601.287538  
8611.24994  
8623.978301  
8661.232568  
8650.766267  
8659.12488  
8604.345797  
8602.244115  
8618.078759  
8625.420916  
8647.510314  
8636.832802  
8631.372533  
8609.099284  
8643.16115  
8647.584815  
8644.020105  
8650.223907  
8643.457134  
8664.878581  
8651.238624  
8653.217311  
8647.650279  
8632.976117  
8652.796789  
8677.404451  
8659.690138  
8641.649131  
8648.618027  
8609.105032  
8645.741091  
8667.998338  
8661.761693  
8659.165219  
8640.490234  
8605.210406  
8617.137875  
8637.263304  
8638.046909  
8626.835098  
8649.690301  
8674.413985  
8682.978044  
8675.925524  
8670.949296  
8659.905436  
8681.154725  
8654.179679  
8616.271553  
8623.964732  
8638.178908  
8670.064487  
8670.633943  
8674.827928  
8651.520833  
8629.188125  
8655.77384  
8668.356274  
8636.676724  
8666.673314  
8643.865577  
8655.10869  
8673.892998  
8664.589784  
8665.540305  
8648.002844  
8645.639931  
8638.707699  
8612.322934  
8630.483424  
8622.971577  
8606.22885  
8600.870126  
8633.38139  
8625.375394  
8626.52653  
8629.771861  
8617.594701  
8643.879403  
8664.806983  
8637.427692  
8617.568556  
8618.140325  
8609.761402  
8626.045873  
8633.515394  
8662.700684  
8633.389486  
8655.711674  
8673.750505  
8644.333308  
8622.945372  
8659.243669  
8604.822189  
8636.345326  
8641.900151  
8630.272341  
8642.904888  
8654.777626  
8648.838704  
8662.825135  
8651.76751  
8639.180921  
8634.893435  
8611.925627  
8662.311258  
8649.19156  
8658.756964  
8651.692743  
8645.73291  
8660.96415  
8652.346466  
8632.931195  
8652.988076  
8666.22156  
8671.533023  
8653.925678  
8652.26888  
8622.021801  
8647.590992  
8638.293851  
8657.470515  
8660.667232  
8648.412495  
8644.96158  
8618.134046  
8621.230837  
8622.690507  
8637.098479  
8626.35827  
8637.137241  
8636.121154  
8647.067177  
8655.515882  
8633.920299  
8641.560847  
8661.075161  
8656.180193  
8644.554336  
8654.231942  
8624.29637  
8626.18111  
8642.736876  
8626.672458  
8615.693308  
8630.466326  
8610.897461  
8620.098727  
8600.262258  
8644.24104  
8650.814033  
8664.279331  
8665.17728  
8663.29852  
8648.129266  
8607.455626  
8652.438656  
8646.353096  
8615.575932  
8638.188905  
8624.358347  
8637.104209  
8647.285756  
8658.521913  
8659.697754  
8662.017158  
8657.976443  
8650.520165  
8653.364275  
8652.70889  
8661.622781  
8671.279323  
8692.57475  
8691.085681  
8679.795916  
8678.465478  
8687.767612  
8660.100218  
8638.19694  
8660.211691  
8630.920376  
8672.038626  
8669.301621  
8664.095412  
8651.774303  
8651.606779  
8660.168997  
8645.663351  
8658.582537  
8619.457477  
8638.3943  
8615.771416  
8615.634157  
8619.100286  
8668.442229  
8647.463893  
8626.376019  
8668.655333  
8627.458419  
8671.744954  
8649.676372  
8671.766516  
8667.969581  
8663.254557  
8642.237733  
8632.240808  
8642.661912  
8627.75215  
8621.252758  
8638.056289  
8664.553668  
8666.407903  
8645.916555  
8639.47425  
8655.044716  
8679.391096  
8652.306486  
8647.347048  
8649.792352  
8631.054876  
8631.178617  
8635.189479  
8678.548477  
8675.105512  
8664.998407  
8642.105494  
8655.931821  
8662.398926  
8661.330644  
8653.027858  
8653.023078  
8634.560667  
8614.298211  
8636.694824  
8645.69718  
8634.638415  
8615.051055  
8600.805733  
8615.787872  
8651.927709  
8661.588662  
8664.648438  
8650.824073  
8631.066586  
8612.9283  
8614.418337  
8626.387353  
8607.049856  
8590.77665  
8616.497533  
8619.186917  
8627.666281  
8655.561926  
8647.489309  
8614.196272  
8629.442014  
8621.625428  
8624.19664  
8669.173982  
8653.969504  
8630.65177  
8641.34626  
8612.054653  
8636.830729  
8638.726211  
8633.865663  
8639.011333  
8630.384003  
8626.384466  
8670.754078  
8659.643058  
8641.559151  
8626.446289  
8629.601648  
8650.881433  
8643.857687  
8656.956517  
8629.719795  
8633.933842  
8650.838644  
8648.381964  
8652.037598  
8636.483167  
8638.491836  
8641.768006  
8645.151256  
8641.066423  
8645.466754  
8654.955404  
8663.307917  
8643.75305  
8645.09178  
8621.736448  
8605.403809  
8650.286972  
8642.983167  
8663.495665  
8655.05832  
8622.171215  
8652.493284  
8650.77629  
8648.795119  
8636.256999  
8626.107944  
8669.023249  
8684.561523  
8696.896416  
8683.686241  
8652.896519  
8640.013372  
8633.034796  
8636.29852  
8609.952337  
8612.920299  
8623.149226  
8651.778569  
8652.932437  
8643.030727  
8644.213901  
8639.025982  
8654.829059  
8657.631031  
8656.385802  
8659.417378  
8634.16665  
8666.837848  
8649.611285  
8648.173271  
8651.301201  
8644.586135  
8630.520893  
8630.880679  
8628.626491  
8633.878367  
8632.12279  
8636.964578  
8623.362545  
8647.760391  
8654.614138  
8637.060316  
8626.978584  
8636.653003  
8663.743986  
8647.460766  
8656.271125  
8635.185941  
8657.914568  
8618.152772  
8653.86472  
8638.349943  
8660.863975  
8646.925807  
8619.338584  
8617.187783  
8608.952405  
8647.626311  
8645.578708  
8657.286373  
8644.697334  
8641.686087  
8663.392938  
8638.158177  
8632.060624  
8634.743395  
8635.24701  
8632.490354  
8661.549077  
8648.518598  
8636.327011  
8629.96337  
8642.300987  
8644.672201  
8656.048905  
8630.815567  
8631.313494  
8638.191869  
8629.181512  
8615.461066  
8654.763329  
8647.135374  
8658.838816  
8640.999743  
8629.282158  
8653.278449  
8666.334593  
8656.458899  
8659.517989  
8613.433277  
8657.398112  
8708.443548  
8661.022187  
8665.959995  
8658.863667  
8655.080267  
8667.807078  
8637.86496  
8637.174616  
8629.370811  
8658.980623  
8655.515574  
8640.072925  
8614.681367  
8629.751722  
8628.046858  
8652.534754  
8653.575384  
8671.002082  
8652.531987  
8645.984478  
8675.627596  
8641.564993  
8644.484392  
8642.647084  
8624.5714  
8628.190849  
8645.992479  
8651.785559  
8658.728293  
8666.759834  
8664.767938  
8633.145456  
8645.911261  
8623.384235  
8636.62703  
8626.704607  
8641.046704  
8620.762301  
8642.335261  
8649.376396  
8636.662349  
8659.972819  
8660.456766  
8631.492068  
8644.901581  
8639.749417  
8637.001927  
8617.255388  
8647.747781  
8632.620057  
8643.005414  
8625.537521  
8624.416375  
8656.208076  
8635.332066  
8671.437037  
8649.548939  
