8130.768543  
8076.764263  
7936.444333  
7942.127956  
7953.760723  
7982.689731  
8004.094843  
7969.193017  
7990.992741  
7980.425303  
7957.212857  
7974.838505  
8021.740285  
7994.105483  
8079.419591  
8025.347589  
8044.696596  
7977.856682  
8033.214133  
8055.023399  
8049.936609  
8022.356678  
8055.417591  
7985.739519  
8034.564774  
7975.22293  
7979.242723  
8019.306819  
8001.141035  
8038.207133  
8033.815479  
8053.81978  
8068.854221  
8036.557828  
8029.400474  
7995.688544  
8000.465793  
8018.049814  
7993.141826  
8082.945228  
8033.609175  
8042.936997  
8073.382654  
8018.059348  
8094.19881  
8057.227533  
8062.350311  
8063.195597  
8004.089101  
8036.810318  
8012.842479  
8002.46966  
8092.822777  
8004.315588  
7989.304338  
7987.316979  
7974.02602  
8077.401924  
8037.054254  
8072.820277  
8102.016461  
8042.459928  
8081.88868  
8003.471256  
8029.439553  
8069.236629  
7982.384706  
8015.408995  
7987.059676  
8026.780279  
7983.018542  
7993.119087  
8002.958387  
8002.525317  
8046.400765  
7998.590146  
7985.65375  
8040.212615  
8025.193215  
8055.599559  
8048.421849  
8027.980928  
8029.357819  
8054.137906  
8052.473086  
7987.034098  
8033.120713  
8012.67438  
7985.612944  
8002.925806  
7993.685105  
7991.833625  
7974.488437  
8039.715679  
8023.366759  
8011.361994  
8065.656356  
8044.760049  
7984.598094  
8094.182157  
8016.155536  
8035.541308  
8017.346065  
8003.963846  
8057.902987  
8013.439679  
8026.755444  
8081.227966  
8030.272349  
8025.671136  
8056.421811  
8088.198528  
8021.71682  
8013.126495  
8028.93996  
8006.292765  
8076.918284  
8036.359587  
8066.086671  
8084.441587  
8029.34229  
8030.12646  
7978.607284  
8042.648948  
8035.657025  
8005.668552  
8063.706882  
8036.736209  
8018.225574  
8010.397795  
8024.454669  
8008.147135  
7934.534319  
7983.09857  
7956.214713  
7998.356845  
8014.240089  
7990.03087  
8088.235897  
8000.180195  
8028.545262  
7986.131032  
7975.578824  
7999.425262  
7938.55856  
7957.667805  
7974.461431  
7888.779581  
7946.777271  
7868.772223  
7909.006383  
7924.580248  
7889.416392  
7893.176712  
7919.718041  
7926.776207  
7924.380067  
7920.382674  
7921.896803  
7994.40058  
7949.334322  
7972.556511  
7983.645642  
7965.158499  
8075.124255  
8109.533691  
8143.410152  
8254.3705  
8108.584383  
8207.395036  
8072.491973  
8061.272334  
8080.321758  
8062.250634  
8098.906263  
8106.235867  
8070.26532  
8122.429304  
8135.210169  
8084.271562  
8093.605495  
8012.18858  
8027.070094  
8039.9379  
8025.546153  
7989.200034  
7970.087362  
8043.606212  
8048.700956  
7973.918775  
8027.417932  
8000.705711  
7994.570674  
7992.610628  
7946.338533  
8021.82845  
8029.158158  
7954.117825  
7998.68319  
7986.994245  
8016.064757  
7993.300449  
7954.412157  
8038.098937  
8043.028557  
8060.506374  
8050.200756  
8047.410181  
7999.906121  
8048.996413  
8002.490815  
8013.286564  
8024.457831  
7991.14561  
8079.024515  
8003.493991  
8056.618634  
8038.303834  
7997.077613  
8006.695849  
8021.766555  
7987.294487  
7978.994833  
7987.067902  
8000.341618  
7973.9848  
7990.617982  
8028.904845  
8007.590496  
8064.976695  
8035.278074  
8012.550154  
8037.807512  
7969.986393  
7954.460652  
8008.806643  
7976.804752  
8002.237498  
7967.763794  
7951.14716  
7971.047636  
7920.239679  
7959.440992  
7935.786224  
7956.911069  
7991.033951  
7972.091098  
7984.081127  
7945.489141  
7983.884672  
7970.831686  
7997.398954  
8008.248075  
8062.283159  
8045.368552  
8056.868229  
7958.051981  
8010.329687  
8028.204829  
7963.890846  
7995.280062  
7959.51296  
7968.589476  
8011.231749  
7998.291079  
8040.441623  
8028.61568  
8067.655015  
8204.730362  
8142.782449  
7975.999505  
7970.498938  
7930.467906  
7945.093686  
8013.775295  
8070.636647  
8047.524795  
8158.907737  
8119.261795  
8146.794675  
8138.54921  
8084.34055  
8070.275371  
8070.609958  
8054.716942  
8051.96105  
8042.953321  
8069.751534  
8072.617316  
8002.994944  
8018.182885  
8032.517487  
8018.716267  
8032.051186  
7990.229674  
8030.973873  
8029.84753  
8076.256367  
8065.728686  
7973.054856  
7997.209616  
7977.25315  
8010.489972  
8010.903594  
7970.021464  
8018.4624  
8043.018698  
7976.865968  
8047.163895  
8003.554595  
7966.143246  
8016.709067  
8000.149014  
8059.838128  
7989.350069  
8010.095812  
8054.27127  
8004.678575  
8003.877161  
7962.548176  
7988.28081  
8043.004887  
7996.852473  
8081.764171  
8046.239244  
8065.208561  
8037.823625  
7986.045475  
8043.383407  
8034.270199  
7964.039944  
8012.448619  
7997.540192  
8080.493117  
8058.646347  
8064.334047  
8060.764837  
7997.431563  
8052.116688  
8040.880028  
8006.68874  
8048.459936  
8001.689779  
7948.827746  
7978.746405  
7954.430974  
7921.263946  
7913.489507  
7930.969856  
7870.314509  
7942.053845  
7955.729739  
7934.442627  
7988.719273  
8041.56261  
7974.565674  
8019.941756  
7931.983363  
7958.539972  
8003.690239  
7972.182821  
7979.190932  
8069.876651  
8050.062031  
7999.859967  
8061.44358  
8029.262423  
7975.109453  
8053.305217  
7995.911642  
8100.838858  
8122.200249  
8048.269288  
8044.031118  
7997.385797  
8056.956057  
8077.943519  
8034.16208  
8054.157723  
8055.209583  
7983.782175  
8018.041252  
8078.501802  
8004.440122  
8099.94614  
8079.701025  
8038.672697  
8024.894958  
8105.422632  
8034.387515  
8009.06658  
8018.902268  
8018.0041  
8024.007881  
8002.299036  
8033.816453  
8041.907246  
8024.558873  
8079.140082  
8012.884001  
7994.970278  
7986.208619  
7937.230728  
7956.811517  
7925.282889  
7972.283288  
7964.40351  
7910.83607  
7954.719415  
8018.786057  
7976.571818  
8055.008473  
8003.433638  
7998.868232  
7972.528074  
7953.337919  
8001.868376  
7986.612955  
7982.375995  
8043.695015  
7982.697171  
8001.137823  
7944.0562  
7965.76133  
7974.991878  
7942.256329  
7964.766533  
8057.57238  
7980.635433  
8066.825707  
8053.72914  
8014.845372  
8190.078709  
8143.873934  
8078.372507  
8058.934083  
7976.509355  
7979.22998  
8013.821598  
8020.497808  
8034.388245  
8049.752421  
8026.445044  
8095.627013  
8073.120304  
8112.626004  
8033.328013  
8025.514178  
8063.374261  
8033.792025  
7995.244485  
7995.854922  
7954.743042  
8012.601718  
8018.633538  
7970.006698  
8018.536029  
8005.949929  
7912.496444  
7983.620764  
7975.575512  
7923.213231  
7933.042529  
7957.516879  
7921.208171  
7939.551955  
7914.836248  
7960.570592  
7930.60444  
8039.571602  
7983.407308  
8030.211937  
8016.003173  
8056.953496  
8114.922291  
8049.70338  
8034.204516  
8324.31762  
8255.690898  
8124.99173  
8011.39162  
8099.616741  
8047.810459  
8070.52296  
8109.617678  
8054.682803  
8139.722464  
8060.002758  
8086.515156  
8138.166304  
8079.946833  
8115.401897  
8100.345159  
8053.817876  
8124.524992  
8108.589052  
8011.937248  
8038.41429  
8042.346768  
7985.079112  
8006.33788  
7994.133402  
8012.50935  
7981.805189  
8010.046613  
8023.440228  
7994.261243  
7973.705825  
7995.084832  
7973.447853  
7961.088772  
8009.727847  
7988.141356  
8027.900288  
8017.748044  
7964.800646  
7997.82481  
7982.789729  
7963.7501  
8027.775261  
7975.355802  
8040.876445  
7990.622895  
7967.851787  
8016.8264  
7973.841016  
7960.047528  
7953.539711  
7913.631672  
7991.469301  
7976.969951  
7912.763177  
7973.529868  
7924.125129  
7907.68973  
8000.006335  
8002.170904  
8013.970615  
8035.830433  
8004.266895  
8045.768538  
8033.324938  
8058.747743  
8041.708652  
8080.297067  
8073.944597  
8051.298437  
8036.411139  
8050.032233  
8035.796013  
8022.010711  
8040.056159  
7988.821007  
8001.53924  
7958.68821  
7958.246833  
8013.556332  
8001.795343  
8013.875944  
8041.268287  
8062.831897  
8100.107791  
8106.459492  
8033.948749  
8070.15103  
8042.739238  
8063.254401  
8032.256202  
7954.522851  
8003.921266  
7987.205535  
7998.210921  
7987.786146  
7996.692167  
8019.777726  
8088.275939  
8037.342634  
8055.451446  
8013.285954  
8009.389443  
8038.208022  
8005.045485  
8033.619717  
8026.241488  
8010.466262  
8064.292521  
8030.108336  
7989.720165  
8077.594493  
7977.433478  
8038.216706  
7994.517244  
7865.842099  
7794.00959  
7758.309707  
7802.289953  
7787.600921  
7830.880842  
7895.859157  
7851.135262  
7846.739437  
7897.900776  
7862.087137  
7974.750952  
7972.604997  
7876.73819  
7917.4424  
7904.062553  
7925.320222  
7993.197637  
7944.902741  
8027.53181  
8047.273502  
7987.959308  
8059.255056  
8086.008479  
8024.059255  
8105.092937  
8074.834086  
8158.048757  
8151.715006  
8072.312596  
8112.916104  
8078.164627  
8077.559687  
8065.626571  
8018.384923  
8164.18298  
8196.829991  
8148.851194  
8129.1238  
8092.129296  
8041.701223  
8116.469569  
8042.183869  
8140.75323  
8164.645897  
8124.811548  
8183.971176  
8121.949223  
8161.879057  
8142.338801  
8115.384858  
8130.534299  
8047.926349  
7945.698164  
8022.380837  
7996.181482  
7946.565798  
7958.986727  
8004.92905  
8084.809672  
8040.719373  
8084.417816  
8015.891316  
8010.413916  
8029.444274  
7940.856706  
8015.412503  
7980.748317  
7988.062742  
7990.662512  
7930.892263  
7971.366173  
7924.711889  
7962.431756  
7974.007162  
7981.300537  
8020.018029  
8000.742268  
8020.789774  
8032.460462  
8012.451271  
8049.5466  
8090.88212  
8054.736026  
8093.025114  
8011.690834  
7936.121285  
7966.786994  
7862.817618  
7920.830947  
7917.388503  
7941.012938  
8008.723467  
7966.995031  
8000.484067  
8031.077591  
8008.195845  
8039.872424  
7978.434982  
8065.093915  
8045.297891  
8021.026048  
8018.156145  
8042.955418  
8100.573564  
8072.982788  
8062.278362  
8069.240871  
8053.172684  
8045.383122  
8035.73612  
7953.785833  
8002.658599  
8020.932321  
8001.808565  
8031.593892  
8009.261728  
7959.374182  
7944.037977  
7877.457275  
7897.578077  
7869.223564  
7818.233221  
7907.228916  
7916.166229  
7956.219785  
7991.640944  
8070.320292  
8050.393761  
8046.940192  
8022.636797  
8106.270192  
8097.092519  
8088.649078  
8053.879745  
8000.799218  
7995.972868  
8016.537872  
7955.687316  
7997.343708  
7995.532991  
8009.389571  
8016.005066  
7962.526415  
8011.682724  
7950.365816  
7973.239121  
7935.146238  
7931.443724  
8009.008183  
8003.585722  
7994.546922  
8044.435338  
8016.524326  
8026.235752  
8004.013345  
7985.367773  
7997.923932  
7963.584129  
8012.28379  
8027.352404  
7985.967094  
8079.794344  
8068.57038  
8089.470142  
8045.193067  
7986.181999  
8090.313203  
8049.68218  
8011.06081  
8037.017855  
8060.775767  
8049.747464  
8008.024091  
7976.398701  
8027.478547  
8004.790138  
7979.629823  
7988.512437  
7967.650201  
8096.620025  
8044.894046  
8021.956277  
8071.449091  
8076.985081  
7992.090587  
