11537.25202  
11456.14399  
11417.46223  
11405.92444  
11437.25031  
11413.89189  
11432.93701  
11407.15817  
11369.55956  
11324.46144  
11304.34616  
11321.5959  
11315.60961  
11342.27573  
11348.99756  
11380.9779  
11400.35018  
11404.69407  
11408.36617  
11429.10679  
11425.90335  
11411.94626  
11422.28164  
11461.58366  
11446.05203  
11450.58864  
11427.3665  
11452.05204  
11445.23816  
11416.3188  
11402.1142  
11455.98081  
11473.98516  
11466.75322  
11468.04531  
11461.91328  
11407.7642  
11383.65184  
11337.37402  
11362.36037  
11432.48431  
11424.34712  
11462.34115  
11443.33935  
11446.23692  
11422.11345  
11414.80909  
11364.92638  
11354.18783  
11366.13877  
11341.39754  
11393.93107  
11411.54117  
11379.01158  
11355.08851  
11333.77115  
11342.12693  
11358.14527  
11338.12446  
11342.7349  
11407.25303  
11429.34691  
11419.50484  
11425.28409  
11402.27954  
11414.04388  
11430.2715  
11417.63411  
11409.28958  
11435.81215  
11433.59375  
11444.68781  
11459.08366  
11458.73727  
11435.06677  
11415.19898  
11425.07009  
11403.99707  
11384.28114  
11393.20416  
11406.01714  
11391.90888  
11385.85384  
11395.70004  
11380.26302  
11383.6429  
11391.63098  
11442.84592  
11450.94817  
11451.3345  
11433.00003  
11441.85562  
11403.32634  
11403.41644  
11410.84739  
11439.0397  
11414.00049  
11457.52315  
11446.86423  
11479.30685  
11454.39649  
11432.54543  
11370.77687  
11350.0391  
11348.0727  
11356.28569  
11285.90505  
11344.36224  
11414.05689  
11427.58231  
11437.40152  
11436.52671  
11430.72476  
11400.22499  
11383.88009  
11391.24081  
11412.26571  
11405.87918  
11428.40732  
11426.28086  
11402.9166  
11424.03811  
11410.77684  
11395.84475  
11374.14202  
11411.10161  
11420.51216  
11444.52782  
11434.21828  
11447.3332  
11471.02054  
11446.98182  
11410.66254  
11372.68151  
11357.07861  
11370.85152  
11373.15338  
11366.54142  
11332.20645  
11324.90371  
11341.90685  
11325.91123  
11349.80121  
11356.61292  
11402.58948  
11386.28024  
11372.30449  
11370.7382  
11377.50876  
11345.94358  
11345.6607  
11363.78437  
11364.46756  
11370.14407  
11399.26977  
11435.24756  
11409.73962  
11401.025  
11358.9806  
11358.69525  
11374.41561  
11357.51827  
11372.1592  
11395.62461  
11414.97218  
11422.68871  
11435.47135  
11435.08794  
11485.18475  
11432.82214  
11400.31034  
11377.09809  
11380.79436  
11392.23792  
11411.202  
11411.16051  
11460.95947  
11434.32879  
11416.88989  
11383.18555  
11381.48388  
11365.77195  
11366.11049  
11362.03249  
11379.71754  
11403.6816  
11419.29327  
11432.41029  
11446.94965  
11440.23502  
11433.61484  
11455.1752  
11440.7465  
11450.38531  
11412.47714  
11412.25356  
11382.49995  
11371.23845  
11350.77568  
11409.26027  
11401.60066  
11386.58186  
11422.69361  
11419.46178  
11417.05688  
11403.58842  
11443.67203  
11439.80726  
11472.29886  
11441.64939  
11404.6207  
11384.84396  
11407.76044  
11418.66744  
11417.72818  
11434.99749  
11437.81923  
11458.68727  
11454.31838  
11416.2797  
11408.99525  
11411.30217  
11420.61534  
11405.65025  
11396.01281  
11407.55525  
11378.71568  
11398.6903  
11431.2853  
11414.55633  
11421.8889  
11417.97263  
11436.88402  
11423.0659  
11407.27101  
11424.07691  
11445.29246  
11443.2484  
11467.66926  
11415.55826  
11388.92169  
11401.99057  
11295.77896  
11442.82742  
11464.53455  
11490.69561  
11423.80917  
11452.57069  
11388.13244  
11366.67646  
11385.27288  
11389.11109  
11388.60906  
11404.42498  
11437.03382  
11434.41765  
11417.00568  
11405.78801  
11349.13878  
11374.63211  
11341.52455  
11335.754  
11378.72817  
11404.5463  
11447.82947  
11426.05651  
11434.00219  
11467.74709  
11435.21233  
11413.49501  
11424.89087  
11414.00976  
11427.361  
11453.27951  
11422.59937  
11427.47114  
11421.4005  
11440.68195  
11429.52041  
11454.23133  
11454.93023  
11498.94978  
11483.88062  
11470.87093  
11468.01962  
11488.80964  
11466.41701  
11463.39111  
11515.77382  
11514.34012  
11484.47058  
11481.8168  
11444.24854  
11419.52609  
11339.49143  
11331.39162  
11345.99181  
11372.33269  
11346.31787  
11305.67053  
11296.03586  
11266.02146  
11257.705  
11268.58481  
11295.8157  
11332.17431  
11355.37568  
11341.46242  
11370.86802  
11370.5136  
11377.10504  
11365.86103  
11394.94577  
11412.94764  
11407.7667  
11392.93027  
11355.18679  
11341.21076  
11352.21429  
11361.18479  
11378.49785  
11381.52931  
11387.42347  
11416.69639  
11419.41476  
11418.28652  
11425.24654  
11408.51997  
11393.99052  
11428.27334  
11472.69385  
11444.96252  
11461.31659  
11464.98834  
11461.38534  
11451.35514  
11428.84947  
11438.76199  
11455.30983  
11408.05238  
11412.53258  
11439.5611  
11436.75336  
11465.48126  
11479.63075  
11465.88588  
11457.34296  
11431.92099  
11397.53512  
11383.12542  
11423.9383  
11393.75918  
11440.66251  
11461.67609  
11493.28222  
11451.07941  
11455.23587  
11430.50746  
11420.45406  
11392.41771  
11376.90632  
11378.3502  
11376.92457  
11388.87683  
11350.95943  
11355.03408  
11364.25249  
11346.24773  
11366.76958  
11367.97502  
11355.9547  
11358.34777  
11372.59185  
11388.83613  
11392.56384  
11358.23172  
11365.31024  
11311.92782  
11333.29705  
11318.53418  
11329.9348  
11357.14785  
11366.60895  
11400.11637  
11406.60853  
11393.2677  
11385.69261  
11378.68864  
11362.23984  
11371.43866  
11421.25953  
11464.73274  
11508.4281  
11508.64375  
11477.68638  
11422.85793  
11379.33689  
11357.86526  
11368.41014  
11409.84043  
11397.94296  
11436.54069  
11464.84861  
11449.58643  
11429.30275  
11427.45305  
11401.39936  
11397.12604  
11390.01145  
11415.96235  
11402.94686  
11423.95858  
11446.42311  
11522.29375  
11470.13036  
11437.07991  
11449.65405  
11412.46244  
11402.44164  
11420.00122  
11400.6168  
11432.40338  
11419.03621  
11413.61251  
11406.8091  
11427.83774  
11416.5359  
11403.6867  
11395.48981  
11384.20754  
11391.05824  
11393.35696  
11347.73219  
11396.03652  
11407.53865  
11402.36553  
11432.27089  
11425.42339  
11433.39689  
11447.92436  
11494.43075  
11459.5526  
11395.31517  
11479.66166  
11476.95072  
11450.6553  
11455.61107  
11398.32961  
11385.05894  
11335.33978  
11340.27087  
11335.18365  
11323.23444  
11391.9771  
11409.77254  
11418.98925  
11444.57484  
11470.25289  
11422.29977  
11422.35288  
11396.12304  
11360.93697  
11337.20109  
11321.4845  
11319.56883  
11338.72691  
11384.64446  
11388.39388  
11416.97702  
11419.58859  
11463.45454  
11400.42453  
11391.54906  
11338.28909  
11350.70812  
11406.95658  
11413.16184  
11445.01367  
11412.76421  
11369.37352  
11323.38097  
11319.90063  
11287.37443  
11302.05381  
11363.18814  
11375.3802  
11402.16413  
11394.71584  
11393.92303  
11387.23061  
11387.43927  
11360.27753  
11395.26281  
11383.33952  
11375.83808  
11376.89343  
11390.10114  
11380.71402  
11391.5897  
11393.92088  
11423.4309  
11467.97299  
11480.43932  
11472.09708  
11484.95611  
11461.94367  
11455.70906  
11469.39056  
11458.38105  
11450.3378  
11472.43358  
11488.08435  
11478.14201  
11497.69872  
11487.8263  
11464.561  
11467.29072  
11484.84682  
11499.40452  
11490.16264  
11458.58901  
11415.39893  
11388.34088  
11388.75367  
11376.02704  
11332.22953  
11346.2025  
11314.24506  
11345.62147  
11329.53382  
11362.06493  
11416.76908  
11419.41028  
11405.82045  
11379.19274  
11414.35594  
11388.11616  
11355.38155  
11385.10681  
11433.10294  
11444.52829  
11470.05804  
11463.96498  
11467.8017  
11463.69594  
11433.81973  
11447.69692  
11456.47223  
11443.61225  
11436.35301  
11452.0893  
11435.45387  
11392.02847  
11412.45757  
11399.68179  
11404.06203  
11380.07175  
11358.89558  
11384.44329  
11385.86358  
11369.56709  
11381.92254  
11406.7226  
11394.86878  
11417.18952  
11388.83949  
11438.21781  
11449.88839  
11443.21746  
11478.92195  
11481.10901  
11482.85115  
11482.42101  
11456.97196  
11469.02724  
11425.61804  
11400.80612  
11321.52574  
11314.84846  
11306.6304  
11305.5625  
11301.07851  
11385.17237  
11419.93522  
11444.66783  
11467.11691  
11388.12771  
11390.08248  
11359.6439  
11378.94751  
11347.22981  
11343.18757  
11379.44962  
11418.48123  
11413.03784  
11424.98623  
11466.75905  
11448.75182  
11430.90086  
11422.4576  
11426.10846  
11422.67768  
11427.06892  
11405.79375  
11381.31783  
11379.33921  
11351.29768  
11337.9162  
11342.15957  
11373.62858  
11401.66246  
11373.7308  
11362.00742  
11405.74311  
11355.21698  
11307.71469  
11376.26543  
11384.07189  
11409.14723  
11412.20075  
11378.72547  
11393.90364  
11426.45303  
11448.70149  
11462.87055  
11448.60554  
11452.27818  
11450.84063  
11423.1188  
11387.86976  
11382.1343  
11366.31666  
11380.17746  
11418.03559  
11474.10844  
11426.15325  
11416.48273  
11394.31268  
11425.50865  
11412.49062  
11403.74181  
11473.52481  
11486.6568  
11493.90369  
11482.59643  
11473.86166  
11458.95234  
11413.41094  
11391.28036  
11352.33841  
11360.05033  
11350.99883  
11342.29224  
11364.77452  
11432.4825  
11402.67326  
11406.76364  
11388.50969  
11392.98455  
11424.58649  
11433.05342  
11400.1054  
11373.92495  
11404.68957  
11402.14557  
11369.35149  
11425.70726  
11460.60775  
11473.78177  
11484.58109  
11484.13774  
11471.36104  
11451.86898  
11449.16948  
11441.86069  
11422.7566  
11444.89902  
11407.78279  
11408.02691  
11416.62639  
11409.5167  
11371.01983  
11342.87159  
11341.74495  
11373.50231  
11355.46589  
11395.20272  
11431.54626  
11423.83957  
11453.26  
11459.84249  
11471.67745  
11460.82996  
11472.18427  
11442.11543  
11443.95633  
11476.57344  
11468.3391  
11453.57652  
11439.23877  
11457.20057  
11439.40783  
11418.82861  
11424.61026  
11439.82961  
11398.48043  
11362.37635  
11368.14306  
11334.99061  
11335.8597  
11326.65464  
11335.39264  
11355.68945  
11377.51886  
11398.94345  
11403.00937  
11391.72828  
11418.61273  
11410.23206  
11390.626  
11406.07127  
11410.40589  
11418.23187  
11415.38092  
11451.47586  
11474.45336  
11501.79047  
11464.75459  
11471.64898  
11444.0806  
11377.56561  
11382.71194  
11379.70853  
11383.05875  
11397.32779  
11410.20788  
11396.80321  
11363.69059  
11350.72171  
11358.25235  
11379.42156  
11400.23552  
11427.75699  
11417.24284  
11421.29999  
