10296.7552  
10168.03752  
10014.1627  
10126.35156  
10084.83962  
10071.33028  
10097.25724  
10083.97325  
10127.2966  
10078.53457  
10004.468  
10122.37804  
10056.98306  
10060.24548  
10119.00241  
10069.07379  
10033.90786  
10076.12523  
10062.53738  
10034.12041  
10057.33469  
10117.79224  
10148.12757  
10125.73592  
10101.71271  
10084.76971  
10087.62409  
10028.70696  
10051.33728  
10061.47209  
10021.40137  
10043.39742  
10023.88504  
10033.3368  
10086.4286  
10037.63295  
10064.32556  
10065.66365  
10091.48612  
10090.73328  
10070.9216  
10075.94261  
10105.10329  
10127.42785  
10125.79297  
10053.70987  
10109.2634  
10122.29147  
10123.07538  
10120.49787  
10082.10694  
10107.81012  
10103.45787  
10096.20796  
10114.9372  
10128.56504  
10152.51846  
10065.32295  
10186.46848  
10140.3877  
10103.42415  
10083.35479  
10104.39083  
10114.13438  
10089.18044  
10108.49228  
10126.99525  
10136.14208  
10105.56666  
10078.53715  
10062.24001  
10073.50506  
10095.45013  
10059.30319  
10116.5402  
10093.56831  
10096.86428  
10098.54424  
10051.18661  
10049.85545  
10062.37009  
10097.92219  
10043.42126  
10121.37457  
10114.05991  
10058.37193  
10016.27471  
10012.25822  
10010.526  
10003.12432  
10044.42867  
10036.13084  
10077.55648  
10107.73837  
10121.2341  
10081.74691  
10101.26224  
10068.07183  
10085.41979  
10118.32088  
10133.08782  
10096.30405  
10121.18675  
10134.5719  
10126.69406  
10125.71539  
10066.7282  
10115.80571  
10062.6253  
10069.40432  
10095.40094  
10096.57074  
10056.32447  
10066.90298  
10022.01985  
10034.57817  
10008.39601  
10032.90362  
10043.77426  
10056.19708  
10077.77071  
10054.87709  
10069.21954  
10075.11823  
10051.65907  
10071.23135  
10033.26456  
10052.05183  
10093.98076  
10076.92535  
10071.55998  
10032.06136  
10108.47615  
10061.57265  
10105.82022  
10069.03429  
10121.98778  
10064.81018  
10065.45512  
10055.18114  
10101.66706  
10073.45108  
10100.36637  
10112.27071  
10067.30685  
10082.27827  
10085.74998  
10090.58044  
10113.13304  
10094.16302  
10086.23903  
10074.74344  
10079.96848  
10135.03295  
10156.02464  
10158.40461  
10133.46528  
10099.72088  
10084.35817  
10092.80496  
10054.90932  
10018.2564  
9970.694313  
10029.67367  
10075.47588  
10055.29295  
10010.44895  
10067.58174  
10096.76238  
10151.61735  
10177.72275  
10187.58753  
10150.36058  
10185.09032  
10097.3641  
10101.50679  
10092.7098  
10124.12682  
10013.4668  
10108.70703  
10100.14862  
10125.0697  
10120.46285  
10146.50416  
10115.74721  
10086.34343  
10145.87754  
10104.09961  
10113.87664  
10112.42215  
10119.58794  
10109.10683  
10104.47059  
10094.66324  
10118.66783  
10137.92342  
10168.80405  
10102.30235  
10034.36803  
10077.08385  
10135.69111  
10163.17796  
10167.35411  
10114.30146  
10132.11394  
10095.08096  
10074.62959  
10034.74855  
10025.11199  
10038.20789  
10039.13052  
10095.60949  
10123.49943  
10076.63311  
10089.13095  
10062.64185  
10095.00525  
10117.60617  
10096.05369  
10089.83971  
10125.19677  
10115.49873  
10116.00418  
10146.83875  
10133.43459  
10008.01285  
10049.88681  
10052.94402  
10093.41118  
10094.57783  
10108.7748  
10113.58528  
10088.53023  
10048.63981  
10066.26333  
10012.37475  
10084.78543  
10055.48771  
10073.7614  
10064.09963  
10071.15607  
10027.66949  
10070.23665  
10026.75929  
10063.97736  
10016.52628  
10067.66695  
10042.86871  
10093.73036  
10082.06986  
10078.5461  
10058.13776  
10118.03423  
10093.73072  
10115.05641  
10047.59452  
10122.66011  
10106.10411  
10116.6729  
10105.47188  
10136.26939  
10110.77219  
10129.44041  
10111.02939  
10121.16349  
10103.91295  
10121.3492  
10088.52276  
10060.51233  
10132.77859  
10092.54887  
10078.60719  
10100.73578  
10107.72288  
10105.7044  
10087.36621  
10120.75654  
10146.59895  
10117.80376  
10119.18698  
10138.07149  
10097.13726  
10118.09523  
10074.15337  
10019.81981  
10080.20796  
10083.79304  
10057.29469  
10082.27927  
10078.34423  
10098.2738  
10053.91506  
10040.72179  
10055.63422  
10088.41493  
10077.41411  
10053.75688  
10056.27421  
10061.17242  
10066.74203  
10054.44727  
10071.34482  
10003.03502  
10045.31118  
10111.86803  
10106.77085  
10105.9043  
10076.09289  
10039.36185  
10060.11939  
10047.66447  
10056.43418  
10043.6156  
10080.72856  
10084.01017  
10083.83119  
10112.40639  
10101.41604  
10088.39492  
10033.58955  
10119.84391  
10099.60004  
10091.94163  
10147.49621  
10129.68487  
10168.66906  
10108.76481  
10129.73108  
10118.57206  
10112.64671  
10113.07113  
10100.43343  
10094.89714  
10033.07147  
10094.3529  
10076.40232  
10099.31793  
10051.44747  
10035.06925  
10086.79283  
10044.21714  
10031.00011  
10048.50525  
10059.85324  
10075.56175  
10026.03418  
10043.76562  
10021.64521  
10030.83596  
10028.44915  
10070.56266  
10052.90257  
10053.60978  
10073.04045  
10080.474  
10081.89258  
10062.98304  
10137.50372  
10102.47736  
10121.25822  
10082.72209  
10097.74044  
10118.67083  
10091.08716  
10148.45208  
10113.2227  
10129.74001  
10107.74993  
10113.42317  
10108.92117  
10098.96707  
10098.81198  
10108.06636  
10143.7649  
10099.59825  
10101.72906  
10085.33126  
10085.25636  
10114.8859  
10084.19795  
10096.52973  
10057.3445  
10074.31357  
10081.89117  
10110.69915  
10141.09529  
10082.85429  
10152.32583  
10105.01083  
10105.42803  
10072.15164  
10074.08982  
10074.11262  
10074.32953  
10122.22052  
10074.589  
10100.02662  
10075.90707  
10126.21176  
10040.34707  
10083.64905  
10071.58276  
10101.51301  
10097.68044  
10089.41168  
10116.12661  
10095.35154  
10106.73399  
10054.95099  
10109.03377  
10042.77868  
10070.60145  
10121.25604  
10114.86478  
10105.09559  
10148.97738  
10156.30033  
10104.17596  
10075.59398  
10051.59984  
10105.64903  
10121.7262  
10123.9489  
10084.82831  
10083.16025  
10087.3586  
10069.31109  
10054.60304  
10045.54045  
10028.65352  
10068.40289  
10111.57669  
10110.962  
10118.00068  
10142.58816  
10120.1967  
10117.54583  
10107.05382  
10107.29672  
10066.1815  
10127.84118  
10112.02925  
10126.0308  
10118.25972  
10118.2981  
10073.96802  
10106.04703  
10114.9132  
10098.95739  
10084.99487  
10055.03313  
10041.13788  
10048.49666  
10043.1763  
10063.39026  
10096.27017  
10073.17394  
10120.29919  
10162.49364  
10131.24821  
10135.67287  
10103.04965  
10051.27909  
10053.13951  
10022.15527  
9996.492733  
9931.965184  
9968.567951  
9940.153048  
9949.918537  
10053.16738  
10047.35917  
10064.95362  
10088.27005  
10085.74475  
10058.38874  
10070.94992  
10038.44992  
10023.63077  
10064.52557  
10075.51072  
10080.80921  
10084.87164  
10105.00125  
10103.21671  
10115.7874  
9963.543537  
10128.16913  
10127.8757  
10122.33028  
10155.1007  
10132.39192  
10138.27416  
10094.06984  
10125.18959  
10119.90789  
10109.68057  
10115.75538  
10086.88477  
10100.16047  
10096.72302  
10088.1964  
10035.83542  
10074.36199  
10091.22098  
10095.88876  
10118.81804  
10144.27198  
10097.63263  
10074.80732  
10081.94715  
10058.35349  
10075.694  
10114.73215  
10110.04079  
10140.27743  
10107.49796  
10097.67787  
10121.35717  
10091.13424  
10077.46784  
10087.01038  
10068.04102  
10061.11612  
10114.31827  
10126.30466  
10136.4519  
10062.55646  
10119.85881  
10101.11714  
10071.35004  
10094.15316  
10090.57272  
10102.10497  
10076.05101  
10130.70801  
10060.31293  
10125.05685  
10151.87534  
10126.06936  
10090.55212  
10067.68053  
10118.72765  
10114.18816  
10097.5814  
10102.1783  
10068.56475  
10048.17478  
10040.11807  
10041.13411  
10114.002  
10068.65673  
10132.89648  
10117.13184  
10092.29601  
10086.16402  
10068.63508  
10066.04358  
10084.53152  
10032.73599  
10124.88274  
10083.18923  
10116.91649  
10103.00961  
10096.98374  
10069.97372  
10066.31266  
10059.93287  
10033.8678  
10079.76079  
10058.30121  
10096.38222  
10106.02169  
10081.95481  
10068.07547  
10080.16229  
10111.22059  
10039.19295  
10056.80671  
10075.67789  
10069.7197  
10099.40936  
10132.90963  
10126.72618  
10112.2436  
10101.10397  
10070.22029  
10085.50382  
10031.57124  
10170.65396  
10113.73596  
10111.37527  
10105.64371  
10089.50223  
10107.01424  
10103.05108  
10092.92848  
10061.52898  
10095.70971  
10060.60735  
10080.64251  
10130.14424  
10126.83026  
10140.81763  
10101.00084  
10090.17371  
10108.70814  
10057.0489  
10119.55253  
10044.16127  
10066.1947  
10061.3953  
10113.03257  
10104.99394  
10126.48701  
10131.9625  
10099.57263  
10091.44572  
10091.65568  
10065.01515  
10072.92004  
10079.16395  
10075.9621  
10092.90287  
10103.89855  
10076.26181  
10074.9427  
10053.92367  
10095.31543  
10062.83757  
10042.90287  
10047.8678  
10073.64126  
10062.66483  
10078.37981  
10073.36299  
10068.6129  
10051.98742  
10070.97331  
10004.08121  
10042.5236  
10027.11648  
10038.45996  
10010.39987  
10043.53241  
10032.48079  
10088.62854  
10032.57065  
10033.87859  
10070.75675  
10088.94972  
10050.84155  
10066.64857  
10112.12034  
10040.21596  
10119.5992  
10089.64798  
10089.50999  
10055.58682  
10078.88558  
10035.76669  
10145.71939  
10116.27382  
10117.02882  
10142.21101  
10080.16895  
10051.55346  
10109.61769  
10077.46518  
10071.49264  
10068.38758  
10070.17471  
10091.24019  
10075.09205  
10129.2636  
10102.49823  
10124.68625  
10139.10006  
10092.83887  
10138.30396  
10092.18686  
10097.73964  
10095.68119  
10128.33087  
10094.57674  
10074.32658  
10084.79097  
10083.45283  
10103.96189  
10059.3405  
10073.0174  
10091.82581  
10075.50865  
10097.79613  
10120.02625  
10135.20892  
10128.20746  
10151.85694  
10123.3259  
10123.70256  
10079.83821  
10085.02326  
10090.58955  
10101.04965  
10104.87609  
10109.43314  
10057.37902  
10111.90993  
10112.26933  
10104.50466  
10095.84718  
10097.37956  
10069.26406  
10069.07567  
10068.13129  
10090.56647  
10031.10749  
10087.55921  
10089.33446  
10098.37209  
10118.59782  
10084.29535  
10094.23515  
10117.14471  
10123.26726  
10121.54667  
10102.11594  
10107.06373  
10111.57233  
10063.19397  
10096.18945  
10059.81697  
10045.67876  
10043.77257  
10036.58201  
10082.67719  
10057.92894  
10097.04529  
10064.77571  
10097.90673  
10076.02973  
10067.79626  
10079.93571  
10074.45783  
10060.80003  
10061.29163  
10095.78068  
10098.32093  
10108.70458  
10089.02012  
10095.16586  
10109.02423  
10077.29122  
10122.52798  
10108.32558  
