11814.67483  
11708.27709  
11647.19138  
11639.42627  
11634.76277  
11641.02056  
11630.64571  
11568.75421  
11592.58619  
11611.93863  
11610.98677  
11606.83812  
11634.14487  
11607.91453  
11618.169  
11638.36189  
11612.55703  
11605.74787  
11582.62726  
11589.30924  
11582.42424  
11585.10316  
11568.53439  
11548.89659  
11526.20942  
11487.75802  
11481.41365  
11452.89451  
11476.2354  
11483.65116  
11484.40078  
11512.53557  
11541.38263  
11543.2794  
11562.1276  
11543.38379  
11540.13096  
11515.47189  
11512.00424  
11529.88567  
11511.76406  
11496.07201  
11520.76267  
11550.44984  
11596.02513  
11625.72312  
11657.88978  
11623.5589  
11594.84213  
11598.20302  
11576.00095  
11531.06862  
11547.82173  
11561.87909  
11566.33021  
11590.14762  
11589.82304  
11614.11539  
11638.91974  
11621.29338  
11601.68161  
11643.02411  
11618.99545  
11645.95048  
11655.69225  
11607.75853  
11630.56145  
11677.60349  
11658.30333  
11653.17349  
11639.069  
11620.00858  
11574.01879  
11539.22769  
11496.81325  
11497.24743  
11522.87829  
11544.26501  
11595.05672  
11590.80895  
11616.43154  
11599.52919  
11582.72101  
11572.36081  
11589.57006  
11554.56448  
11578.43637  
11577.70302  
11641.39756  
11643.9632  
11650.64361  
11591.36493  
11575.06574  
11547.362  
11512.95698  
11547.38777  
11567.90615  
11602.91399  
11626.1086  
11596.17501  
11569.17334  
11536.26401  
11502.00057  
11527.2869  
11550.7904  
11570.00342  
11564.011  
11575.90155  
11610.2931  
11616.4631  
11632.20048  
11640.9604  
11680.74722  
11678.78734  
11709.64869  
11666.49185  
11636.16262  
11636.18521  
11642.39654  
11673.51683  
11657.92447  
11646.80872  
11636.76629  
11672.24869  
11635.67074  
11628.79099  
11564.45413  
11588.39355  
11555.32872  
11580.60262  
11596.47584  
11584.38572  
11585.7492  
11567.00897  
11532.6316  
11510.17905  
11503.08069  
11518.64684  
11506.22934  
11498.17743  
11509.70423  
11514.02752  
11502.9238  
11490.80985  
11526.23181  
11539.97939  
11573.38199  
11613.99828  
11635.72127  
11629.15471  
11649.51791  
11690.32288  
11685.92874  
11671.91902  
11670.56229  
11618.57599  
11630.2804  
11654.70788  
11659.1433  
11645.14217  
11648.07761  
11663.34953  
11693.48083  
11690.93948  
11703.0974  
11689.94529  
11637.14808  
11618.02583  
11547.5378  
11525.20415  
11494.45192  
11497.81818  
11525.6654  
11574.85593  
11592.32805  
11604.68449  
11562.41355  
11598.98491  
11627.7454  
11624.55358  
11620.75391  
11587.55279  
11559.5688  
11543.96549  
11510.74167  
11503.0745  
11517.81605  
11529.78922  
11514.55849  
11577.83404  
11611.57838  
11635.89728  
11643.31867  
11624.21392  
11636.69755  
11646.06481  
11648.479  
11651.25  
11655.48443  
11656.24332  
11680.29898  
11635.27444  
11633.24047  
11637.87413  
11618.86254  
11559.55289  
11548.09843  
11552.11177  
11515.86207  
11471.03104  
11458.83576  
11508.50786  
11547.29163  
11577.60927  
11573.64887  
11509.73327  
11502.87115  
11484.04808  
11492.97317  
11490.19855  
11496.6398  
11520.37767  
11533.65882  
11526.81381  
11549.90196  
11545.29767  
11580.7777  
11578.30767  
11581.1368  
11604.07825  
11582.80024  
11589.09627  
11623.70418  
11624.80893  
11622.18277  
11623.62593  
11666.80523  
11662.53441  
11651.80286  
11642.45302  
11652.1102  
11659.43485  
11642.49743  
11630.297  
11668.07003  
11679.39152  
11672.8705  
11643.3548  
11629.2013  
11629.74519  
11620.39651  
11606.03253  
11605.75141  
11611.22045  
11608.11002  
11587.79066  
11583.03212  
11560.54562  
11553.92534  
11545.05322  
11528.67889  
11570.56528  
11571.66072  
11593.77082  
11611.4107  
11618.92046  
11601.28436  
11623.36508  
11642.89684  
11648.61351  
11647.08075  
11611.86418  
11580.19171  
11545.92881  
11502.93061  
11509.99769  
11501.72913  
11514.33244  
11552.10691  
11594.15358  
11583.01087  
11585.89553  
11577.60017  
11589.80294  
11599.81957  
11607.75062  
11566.81908  
11599.22975  
11624.16481  
11653.20837  
11669.00504  
11632.58321  
11627.34586  
11640.24967  
11609.79209  
11573.60714  
11544.90116  
11530.67737  
11529.8384  
11529.61937  
11520.47738  
11526.2243  
11534.38137  
11540.93593  
11540.37752  
11529.32733  
11529.67956  
11511.05394  
11541.0946  
11560.56368  
11569.53739  
11590.01123  
11588.62621  
11580.25149  
11522.19236  
11540.94321  
11569.52644  
11553.53729  
11601.33964  
11595.28289  
11626.46862  
11631.25717  
11678.96803  
11674.33409  
11668.19557  
11690.11711  
11675.71631  
11678.8347  
11651.90787  
11618.44064  
11614.78996  
11626.99674  
11643.45038  
11641.39869  
11669.56378  
11680.52827  
11668.01678  
11674.84069  
11681.763  
11643.97481  
11621.71384  
11596.62186  
11543.67226  
11567.53552  
11539.11369  
11544.08581  
11514.3926  
11502.64569  
11499.44231  
11534.53295  
11509.55412  
11515.97389  
11492.67241  
11535.99599  
11547.59236  
11548.61097  
11579.13173  
11539.00774  
11532.94906  
11560.86981  
11576.96834  
11550.22718  
11568.23589  
11615.91178  
11675.6083  
11667.38664  
11694.00257  
11650.91717  
11632.04235  
11634.19277  
11543.65232  
11534.2592  
11534.11521  
11488.24088  
11477.96986  
11483.15502  
11502.66987  
11517.14029  
11509.261  
11502.203  
11552.80155  
11548.67599  
11576.09203  
11608.24897  
11615.89695  
11622.89222  
11637.48121  
11633.87441  
11635.11726  
11660.11184  
11652.99337  
11684.37644  
11674.72566  
11704.31617  
11663.0221  
11606.88127  
11591.08725  
11533.84056  
11529.08679  
11498.58578  
11553.64016  
11561.25645  
11594.36174  
11590.90186  
11642.18709  
11615.50028  
11614.01313  
11630.41021  
11636.3787  
11675.50028  
11663.14823  
11670.3273  
11660.0497  
11673.22525  
11669.99221  
11650.30196  
11644.01724  
11612.94015  
11589.92671  
11590.48306  
11615.10866  
11636.21993  
11649.53346  
11628.02043  
11609.3733  
11595.38376  
11592.05957  
11622.34146  
11622.16075  
11610.0525  
11621.93475  
11608.17  
11641.58445  
11657.84455  
11625.74373  
11586.81566  
11519.37102  
11504.42416  
11504.24586  
11513.8207  
11514.30063  
11514.60902  
11501.24129  
11505.0259  
11547.66707  
11534.40769  
11525.04957  
11528.70557  
11553.39772  
11584.05746  
11554.49049  
11546.18801  
11558.6094  
11529.75103  
11543.90296  
11538.41399  
11509.05844  
11506.78965  
11533.75162  
11575.81582  
11570.78264  
11560.90831  
11599.18426  
11592.58591  
11585.66931  
11524.58573  
11526.66846  
11558.71739  
11581.81869  
11579.2951  
11550.18449  
11560.61261  
11529.80577  
11558.50928  
11523.57237  
11544.01663  
11574.3869  
11607.18647  
11597.84403  
11555.74013  
11603.17743  
11595.12806  
11649.81507  
11655.93724  
11646.9946  
11662.78403  
11692.81633  
11672.26722  
11679.06201  
11655.28765  
11658.25134  
11621.44395  
11583.23147  
11556.18956  
11551.70618  
11580.15311  
11560.07951  
11538.47029  
11569.343  
11582.97119  
11632.113  
11629.33846  
11630.07149  
11652.70295  
11668.57191  
11677.15494  
11623.38438  
11619.1157  
11629.27349  
11602.4257  
11569.65432  
11527.55243  
11545.57779  
11577.59843  
11599.42984  
11612.63353  
11634.29916  
11662.45808  
11661.49833  
11667.41987  
11657.04765  
11665.40029  
11645.13952  
11623.60336  
11563.01077  
11505.29536  
11478.22461  
11468.61523  
11474.09218  
11481.0403  
11489.73954  
11500.97533  
11508.62628  
11525.77061  
11514.49108  
11541.20487  
11559.14505  
11595.76812  
11606.38235  
11607.06566  
11610.51069  
11615.83013  
11612.64173  
11610.82918  
11571.37634  
11557.99504  
11535.07833  
11538.28988  
11549.63859  
11546.15144  
11568.45724  
11591.87752  
11631.12672  
11647.11881  
11638.84298  
11661.56633  
11684.8042  
11677.42732  
11646.71212  
11637.1801  
11567.61924  
11520.97253  
11505.38096  
11450.97173  
11448.385  
11429.6893  
11470.28143  
11451.3611  
11462.37762  
11469.78911  
11485.78688  
11521.7382  
11568.01141  
11567.98772  
11590.95464  
11618.42519  
11657.86413  
11646.98335  
11688.62729  
11693.2132  
11694.30844  
11644.45089  
11627.42421  
11657.42866  
11664.05839  
11633.69184  
11659.50645  
11673.08604  
11662.94606  
11639.33177  
11606.93693  
11588.88811  
11561.65245  
11528.27405  
11495.66152  
11479.65435  
11496.05284  
11514.85555  
11548.90859  
11516.78649  
11547.3191  
11588.6784  
11609.93773  
11639.05271  
11663.6784  
11688.56137  
11702.34689  
11713.32013  
11681.95837  
11643.53307  
11615.45729  
11632.90044  
11622.00319  
11579.37356  
11577.89764  
11569.3344  
11599.14242  
11589.17272  
11585.93501  
11592.88441  
11615.09943  
11584.52994  
11597.57715  
11589.60141  
11628.60431  
11602.0562  
11644.31569  
11673.00211  
11699.5467  
11683.27141  
11696.77786  
11676.65638  
11719.1048  
11693.02272  
11668.25391  
11652.33406  
11719.19739  
11694.91799  
11682.00023  
11671.726  
11656.1323  
11604.16404  
11545.8694  
11538.11791  
11516.28701  
11500.96628  
11511.76321  
11493.62372  
11507.42162  
11512.97836  
11508.60059  
11490.22384  
11501.29428  
11493.283  
11521.5633  
11538.03999  
11551.35102  
11502.50457  
11492.06016  
11485.66699  
11446.37706  
11459.52868  
11432.52318  
11425.79808  
11445.65741  
11480.26331  
11508.79909  
11507.37043  
11498.15712  
11581.09267  
11611.90502  
11634.56977  
11670.59987  
11701.10385  
11665.07674  
11694.82589  
11701.97967  
11677.89348  
11637.06073  
11570.48574  
11499.89877  
11501.62999  
11499.15671  
11490.25594  
11500.8172  
11493.4116  
11496.90921  
11525.85783  
11514.89255  
11533.35077  
11604.50969  
11618.0553  
11643.02195  
11656.40944  
11655.84403  
11648.41242  
11649.60902  
11624.07239  
11587.16522  
11585.26015  
11578.9456  
11590.30132  
11586.55993  
11575.73173  
11582.55227  
11620.65504  
11577.73412  
11619.72494  
11583.03174  
11590.31828  
11594.34097  
11613.50923  
11604.9395  
11645.50563  
11701.83198  
11674.72276  
11618.52092  
11624.15558  
11597.3565  
11565.06787  
11525.15098  
11519.60763  
