10868.236  
10607.47384  
10541.34445  
10498.30867  
10410.50837  
10501.83118  
10508.3001  
10584.42005  
10587.79783  
10604.42679  
10642.25111  
10574.43917  
10594.95343  
10583.10984  
10554.61896  
10704.59363  
10671.74542  
10630.72127  
10706.4627  
10717.78853  
10724.89626  
10676.34916  
10637.87208  
10651.78688  
10703.53964  
10710.38966  
10737.62557  
10739.74489  
10767.05422  
10672.5515  
10655.93214  
10685.63053  
10686.72332  
10674.93595  
10612.43669  
10672.4228  
10646.84827  
10644.23312  
10635.39032  
10603.60359  
10574.80802  
10621.1831  
10583.06488  
10636.45737  
10696.032  
10637.24941  
10668.28113  
10599.96628  
10652.85957  
10629.65196  
10639.06154  
10687.1761  
10611.002  
10611.82956  
10632.00864  
10613.1397  
10650.32942  
10663.14423  
10666.20148  
10682.11626  
10688.13692  
10655.84493  
10680.15501  
10691.79727  
10648.7118  
10688.66747  
10673.75351  
10658.08462  
10626.81109  
10620.25535  
10639.18847  
10654.63271  
10617.81352  
10619.99248  
10689.12927  
10620.15653  
10650.6964  
10616.49261  
10631.49673  
10656.04507  
10686.90043  
10654.06627  
10656.29863  
10674.16369  
10643.34677  
10595.86122  
10666.87684  
10661.49156  
10631.02447  
10658.2872  
10674.08759  
10658.50517  
10603.315  
10642.33023  
10626.90285  
10617.63203  
10658.79409  
10626.58822  
10587.62638  
10560.48801  
10448.72587  
10421.18899  
10472.44719  
10490.09398  
10512.97977  
10565.36463  
10629.78929  
10619.47947  
10618.995  
10532.34256  
10537.01349  
10317.17216  
10390.8171  
10490.99518  
10496.81188  
10521.81868  
10563.30648  
10612.99798  
10624.78244  
10638.24811  
10671.68475  
10609.54977  
10616.30228  
10636.84666  
10685.28521  
10675.65897  
10673.70888  
10642.44807  
10684.50251  
10633.48772  
10616.40464  
10669.00863  
10634.5629  
10685.58221  
10660.85973  
10638.76162  
10620.19225  
10658.23954  
10620.48268  
10564.13196  
10583.47702  
10640.8858  
10616.16989  
10638.53077  
10631.30734  
10626.27921  
10635.40173  
10638.77416  
10666.72652  
10627.89917  
10693.26572  
10655.32362  
10648.15471  
10601.44126  
10670.13259  
10678.01248  
10679.98584  
10747.9244  
10710.64084  
10652.54828  
10618.1594  
10606.29231  
10600.48342  
10603.13968  
10581.31058  
10591.30669  
10577.6248  
10637.73796  
10716.29806  
10683.13173  
10737.24021  
10685.76709  
10708.82957  
10749.96477  
10738.72206  
10705.23954  
10720.86773  
10738.46668  
10643.00575  
10695.1827  
10643.3443  
10672.71653  
10707.20674  
10727.22664  
10682.05136  
10704.148  
10691.96137  
10713.27747  
10633.15659  
10656.585  
10641.10944  
10530.74783  
10612.12438  
10646.52124  
10639.61457  
10604.70865  
10660.4155  
10687.72973  
10653.21021  
10637.30975  
10694.08212  
10679.78387  
10649.89577  
10590.22898  
10606.52032  
10687.61546  
10732.95583  
10770.95599  
10776.9503  
10818.77772  
10841.87818  
10779.36512  
10818.0905  
10764.37862  
10641.91104  
10606.14638  
10551.09952  
10582.50159  
10567.23406  
10539.5177  
10609.14363  
10588.52392  
10584.90048  
10618.21215  
10599.38014  
10614.04216  
10592.15591  
10565.52673  
10588.60439  
10615.74149  
10606.44719  
10656.3705  
10592.20156  
10635.41151  
10655.87513  
10608.04206  
10622.84526  
10626.19584  
10660.61955  
10643.45994  
10469.82806  
10483.72052  
10488.12451  
10523.89274  
10553.14574  
10578.7992  
10574.87474  
10628.40514  
10627.32207  
10604.54208  
10613.51045  
10602.97004  
10584.95461  
10593.06804  
10646.8033  
10629.86543  
10649.67453  
10638.09582  
10648.53096  
10615.00038  
10609.54234  
10562.6302  
10610.29416  
10677.68626  
10636.74764  
10631.9029  
10662.80693  
10660.06633  
10635.31276  
10642.51265  
10656.5856  
10623.00842  
10633.12196  
10622.76937  
10661.44464  
10584.81041  
10628.63543  
10644.62279  
10671.50756  
10658.47594  
10622.73896  
10646.88697  
10617.77766  
10635.11636  
10584.66878  
10619.37395  
10568.15778  
10546.19104  
10608.55945  
10625.05002  
10601.18779  
10595.5597  
10633.81255  
10585.70476  
10570.65293  
10581.75443  
10569.6337  
10587.67801  
10605.59618  
10670.69269  
10655.04468  
10703.32769  
10673.60901  
10658.78042  
10655.27101  
10637.19202  
10644.99282  
10582.91213  
10615.21298  
10600.57783  
10615.20603  
10631.60855  
10603.5441  
10635.33522  
10655.85017  
10689.29182  
10611.43921  
10685.85474  
10667.09352  
10627.08265  
10639.52666  
10674.3222  
10714.31563  
10696.25751  
10668.03132  
10654.84497  
10651.66319  
10644.33844  
10617.044  
10709.71731  
10648.69869  
10668.69861  
10696.19723  
10684.81046  
10691.73081  
10703.56339  
10630.23271  
10630.20884  
10687.94179  
10621.78079  
10687.68478  
10649.62283  
10618.81325  
10643.35363  
10631.17078  
10660.86908  
10682.57417  
10690.39296  
10647.55559  
10650.0803  
10654.47349  
10623.76042  
10649.7403  
10610.3836  
10614.75446  
10606.94693  
10616.16385  
10665.92087  
10627.41613  
10637.65855  
10615.83296  
10604.08566  
10645.54863  
10624.71827  
10633.06597  
10642.38166  
10662.42209  
10659.25177  
10669.11758  
10629.11816  
10612.4251  
10630.0956  
10660.74756  
10660.04891  
10676.57804  
10641.77937  
10622.15331  
10630.98473  
10664.32926  
10641.71838  
10667.14124  
10666.48633  
10652.42817  
10660.40487  
10683.28485  
10691.39991  
10646.65635  
10676.61447  
10654.25959  
10698.8003  
10652.21045  
10609.6423  
10627.81673  
10648.21384  
10616.37627  
10557.41533  
10623.70823  
10654.20981  
10688.89627  
10620.84153  
10609.60544  
10615.32022  
10592.90928  
10607.43696  
10630.9913  
10600.60085  
10626.58288  
10597.85532  
10659.47066  
10643.12763  
10623.82783  
10644.49701  
10673.79155  
10670.84023  
10635.56537  
10627.18273  
10611.92827  
10641.70199  
10640.88363  
10632.21851  
10673.74285  
10626.96242  
10597.63659  
10578.7466  
10517.61469  
10477.20563  
10566.78818  
10556.85416  
10620.59757  
10628.16165  
10649.31535  
10648.01862  
10616.33302  
10620.14369  
10644.65446  
10662.63339  
10618.15813  
10686.39293  
10651.60637  
10606.02795  
10603.05005  
10648.94592  
10670.47284  
10606.76836  
10663.74254  
10642.58854  
10665.76695  
10693.02216  
10614.85744  
10667.16787  
10654.29453  
10698.7888  
10616.85902  
10662.37645  
10664.29938  
10577.48352  
10655.08435  
10678.74236  
10642.41726  
10607.7051  
10600.01508  
10622.5995  
10570.97908  
10592.57058  
10685.72841  
10636.4118  
10612.5451  
10651.64143  
10602.67214  
10631.71507  
10589.90607  
10665.63864  
10676.57174  
10680.1591  
10685.99589  
10617.44898  
10594.11547  
10554.74087  
10597.47819  
10588.35683  
10595.94307  
10670.14693  
10627.63779  
10618.63636  
10615.23423  
10668.00351  
10663.03434  
10626.39925  
10649.91519  
10617.80875  
10608.83716  
10611.227  
10601.29247  
10625.87641  
10579.89933  
10607.16455  
10655.49471  
10623.11879  
10661.50989  
10605.26098  
10668.04081  
10603.48421  
10605.22974  
10648.42872  
10624.77069  
10584.03405  
10583.26613  
10621.86824  
10648.84204  
10619.25105  
10603.61043  
10613.47586  
10597.53161  
10582.81593  
10639.83028  
10650.84282  
10584.08441  
10654.52699  
10649.04811  
10656.96671  
10641.361  
10655.10588  
10663.49462  
10669.90012  
10708.43637  
10695.65622  
10718.42655  
10682.46939  
10698.82548  
10639.92985  
10591.09576  
10674.59245  
10652.99618  
10683.17673  
10652.95815  
10669.01764  
10650.0587  
10667.34267  
10667.63892  
10619.99051  
10620.92819  
10653.38709  
10664.96446  
10610.57294  
10590.83638  
10671.87605  
10651.18263  
10630.35448  
10615.01166  
10629.33415  
10615.21734  
10683.00382  
10714.82675  
10642.04487  
10650.73205  
10629.43916  
10620.38055  
10613.30788  
10658.99182  
10641.05288  
10547.63782  
10569.90166  
10568.41796  
10546.96695  
10556.48529  
10578.17294  
10624.01255  
10651.73564  
10641.46326  
10638.33055  
10678.71477  
10619.4381  
10670.954  
10676.08316  
10657.87773  
10628.16067  
10623.06693  
10618.88758  
10613.13127  
10600.01668  
10662.35131  
10639.9157  
10623.41822  
10643.37271  
10608.72899  
10619.3257  
10673.3435  
10688.86992  
10636.79741  
10685.13556  
10689.16379  
10630.47852  
10650.33341  
10688.5088  
10667.69595  
10696.67004  
10690.71856  
10702.07347  
10707.2646  
10711.79066  
10670.78239  
10680.90761  
10668.92425  
10671.2472  
10625.27012  
10599.01045  
10625.58355  
10625.93747  
10670.11022  
10675.48795  
10664.7687  
10662.26248  
10651.90427  
10658.13061  
10620.1366  
10690.17253  
10627.47418  
10623.5324  
10628.48883  
10636.8634  
10683.77616  
10630.94518  
10655.97116  
10617.43618  
10614.19883  
10534.02768  
10555.81229  
10601.44466  
10561.66739  
10629.24365  
10679.86383  
10651.1535  
10607.91872  
10628.36972  
10629.94944  
10594.96887  
10641.68283  
10621.54127  
10636.58716  
10656.30914  
10636.43705  
10630.94325  
10686.58726  
10682.63641  
10624.55499  
10691.6071  
10645.59056  
10620.01254  
10678.88438  
10646.94983  
10628.69262  
10613.14387  
10610.1688  
10626.23029  
10641.85426  
10648.31128  
10571.35518  
10620.41727  
10575.63098  
10551.81439  
10554.41974  
10596.08906  
10595.75717  
10634.0119  
10659.46174  
10670.3963  
10675.72843  
10666.91262  
10629.95131  
10648.07663  
10617.93775  
10601.73298  
10655.90954  
10638.97894  
10649.22339  
10660.972  
10637.08307  
10642.16401  
10591.58655  
10631.64928  
10645.73979  
10687.55345  
10691.86002  
10662.50793  
10674.7687  
10623.94972  
10682.0711  
10692.95502  
10701.16905  
10630.90193  
10588.68511  
10627.42358  
10598.15884  
10668.61693  
10676.39906  
10669.03422  
10624.91087  
10630.60883  
10583.41427  
10609.47721  
10625.45869  
10643.37144  
10663.88763  
10645.74226  
10688.19366  
10606.03639  
10565.68128  
10545.25381  
