10679.43059  
10603.59296  
10576.31562  
10596.79004  
10593.82982  
10630.66277  
10652.46451  
10640.30874  
10627.14344  
10618.58415  
10589.17325  
10592.98118  
10590.25445  
10591.7393  
10609.46159  
10615.50359  
10657.278  
10648.80084  
10672.82529  
10646.06911  
10622.23545  
10650.68773  
10633.33772  
10605.24634  
10613.34416  
10611.70902  
10611.79995  
10627.16812  
10646.23543  
10654.53405  
10616.62784  
10609.25389  
10606.73591  
10608.31937  
10643.32307  
10643.06644  
10662.77693  
10647.17199  
10657.22619  
10668.44657  
10611.08815  
10592.16155  
10636.11185  
10600.0299  
10617.56504  
10619.72617  
10613.38092  
10627.6708  
10619.68889  
10638.33398  
10626.4403  
10610.86031  
10613.80125  
10602.3085  
10594.97356  
10631.48715  
10617.00992  
10630.57257  
10647.07405  
10630.05095  
10651.23464  
10638.45737  
10661.42362  
10669.10152  
10620.71931  
10619.45686  
10623.8744  
10629.10014  
10600.63343  
10602.72277  
10585.54934  
10628.53839  
10642.66059  
10631.03959  
10629.60038  
10609.97675  
10587.91262  
10600.13612  
10578.82069  
10590.71946  
10575.9498  
10599.51024  
10627.28499  
10632.32067  
10630.29143  
10612.04924  
10594.48263  
10593.86398  
10580.15099  
10589.46272  
10607.36219  
10604.48289  
10596.26517  
10635.2411  
10662.09711  
10673.89859  
10650.37449  
10656.25648  
10626.43226  
10624.9252  
10629.02158  
10622.52622  
10616.1718  
10642.26003  
10640.05553  
10665.51055  
10661.33166  
10652.87893  
10689.37102  
10653.08244  
10635.05022  
10644.79303  
10656.41288  
10644.93898  
10670.97562  
10671.80884  
10680.87932  
10625.87215  
10630.91372  
10625.40775  
10608.9953  
10606.59144  
10618.27607  
10631.21148  
10631.81695  
10661.40939  
10663.65929  
10645.01656  
10645.40847  
10648.64686  
10643.17274  
10639.1973  
10623.08697  
10628.27458  
10593.95906  
10593.17362  
10585.30052  
10591.01865  
10616.94144  
10604.27306  
10591.71922  
10589.08934  
10607.60361  
10605.1146  
10660.60607  
10676.63954  
10671.2146  
10661.64292  
10629.18662  
10608.35205  
10607.19539  
10576.84337  
10560.07245  
10608.48477  
10626.05625  
10630.83254  
10656.47005  
10631.62624  
10623.72703  
10618.10389  
10603.9745  
10617.47112  
10613.38533  
10627.81058  
10641.79678  
10630.91143  
10604.88112  
10571.91729  
10549.93707  
10563.71257  
10534.86837  
10532.40666  
10531.95055  
10541.83291  
10526.10489  
10602.58663  
10607.79999  
10643.80713  
10642.57104  
10629.78664  
10608.5225  
10586.65236  
10578.51294  
10564.19717  
10592.81988  
10603.7983  
10587.18596  
10660.17612  
10648.8811  
10647.91418  
10657.97754  
10599.76082  
10582.85654  
10599.40559  
10609.15518  
10600.76805  
10610.60804  
10617.30238  
10667.37877  
10674.91622  
10674.65608  
10678.84679  
10626.61056  
10616.96586  
10596.72778  
10563.33581  
10572.64996  
10582.07212  
10599.86552  
10614.46533  
10589.99292  
10619.83423  
10615.93489  
10627.08265  
10638.71349  
10641.96496  
10641.98315  
10655.82458  
10660.4325  
10653.21896  
10637.61954  
10636.56445  
10632.51942  
10635.26947  
10642.41423  
10640.24763  
10648.85222  
10664.82009  
10665.30574  
10690.27428  
10642.45724  
10609.79704  
10621.29843  
10594.29522  
10627.25903  
10633.2239  
10611.28193  
10648.11076  
10650.86775  
10652.66525  
10649.87701  
10656.93587  
10652.44233  
10667.94651  
10639.28121  
10643.15794  
10638.07931  
10626.6891  
10659.17336  
10616.48394  
10622.27075  
10657.20615  
10651.37427  
10623.32375  
10677.7318  
10662.16459  
10627.47307  
10630.19805  
10669.93701  
10667.94738  
10644.35246  
10588.65178  
10621.81254  
10585.88995  
10579.27592  
10587.24508  
10555.1524  
10587.91466  
10641.1856  
10611.48766  
10598.36302  
10614.41793  
10581.93113  
10602.9625  
10621.39641  
10564.47908  
10597.88871  
10601.69334  
10603.77105  
10620.61942  
10644.7315  
10635.70624  
10671.35894  
10650.51957  
10655.34623  
10645.75006  
10629.63347  
10642.37446  
10653.56282  
10648.67497  
10645.11016  
10650.6077  
10636.94706  
10657.05636  
10648.56487  
10664.78816  
10638.64303  
10632.35665  
10622.39733  
10622.51286  
10624.50368  
10660.64656  
10628.6936  
10617.68545  
10620.746  
10614.92956  
10601.66395  
10607.68927  
10598.4178  
10616.26886  
10597.92787  
10586.60906  
10598.85147  
10604.47185  
10577.98905  
10584.95609  
10612.93962  
10636.04841  
10622.34861  
10657.04755  
10627.20521  
10604.84734  
10629.71148  
10607.62545  
10609.94779  
10628.23492  
10586.93042  
10571.82264  
10579.07437  
10573.33644  
10572.73652  
10600.89825  
10621.32754  
10626.18874  
10650.63291  
10657.17973  
10656.62744  
10639.94943  
10628.17013  
10656.87402  
10637.49961  
10624.45472  
10646.32888  
10631.81156  
10608.51788  
10641.50421  
10645.51585  
10631.56646  
10621.96648  
10614.08059  
10597.73644  
10611.90045  
10609.42633  
10605.07043  
10613.38634  
10608.61497  
10646.96081  
10609.55183  
10651.50926  
10655.1542  
10639.70686  
10593.08034  
10625.4348  
10645.42961  
10631.74842  
10645.6825  
10657.54167  
10627.76008  
10662.46526  
10642.04122  
10634.08507  
10646.12053  
10617.28595  
10655.68496  
10641.2244  
10632.58235  
10635.72324  
10624.4858  
10565.27905  
10538.42415  
10566.97463  
10591.92377  
10599.97596  
10610.50916  
10615.71787  
10647.72929  
10643.91365  
10665.74737  
10628.61726  
10644.61424  
10665.60551  
10623.57097  
10608.94373  
10619.93322  
10598.50749  
10609.97495  
10639.16408  
10633.91023  
10618.21999  
10640.15845  
10605.89408  
10648.88867  
10638.78322  
10657.72848  
10661.84262  
10671.20348  
10685.71297  
10705.85968  
10688.41457  
10617.7413  
10629.00162  
10598.33688  
10578.38794  
10615.71903  
10616.37953  
10640.28159  
10648.91068  
10657.4739  
10634.8214  
10663.40229  
10651.76854  
10672.7759  
10656.31806  
10651.65982  
10646.97211  
10633.79678  
10633.55859  
10600.24294  
10601.58622  
10588.85389  
10573.63246  
10586.50618  
10610.34075  
10629.04588  
10630.60598  
10633.80929  
10626.23819  
10636.92916  
10641.08372  
10611.19499  
10621.23308  
10616.87964  
10607.18416  
10613.6083  
10622.47029  
10617.14436  
10637.79013  
10616.2799  
10623.5573  
10603.29915  
10628.34706  
10618.64072  
10553.79967  
10595.58693  
10594.60158  
10597.70023  
10614.54778  
10638.16224  
10624.124  
10657.96922  
10641.05311  
10632.02212  
10610.40058  
10609.21443  
10591.49857  
10584.48905  
10546.36401  
10579.50655  
10561.32277  
10589.33759  
10559.45435  
10570.57183  
10564.38954  
10582.5638  
10606.27353  
10620.503  
10596.62528  
10575.67657  
10582.62156  
10588.63262  
10599.44901  
10627.1247  
10631.77006  
10656.20455  
10704.22284  
10700.59801  
10709.80116  
10695.61811  
10650.42659  
10648.15172  
10669.03157  
10634.55675  
10624.37051  
10585.1971  
10600.11028  
10585.17681  
10613.22399  
10624.28431  
10624.20211  
10630.07474  
10641.76688  
10643.56581  
10669.26921  
10711.86341  
10670.76375  
10679.05735  
10699.0176  
10653.21881  
10648.59691  
10664.96325  
10649.20453  
10661.3836  
10636.84923  
10627.69407  
10594.57538  
10608.13852  
10631.2608  
10602.99493  
10578.60752  
10570.08211  
10562.48019  
10577.814  
10585.07508  
10631.26814  
10637.72857  
10668.78471  
10671.35068  
10651.56181  
10652.48364  
10647.50821  
10651.62211  
10655.29868  
10642.122  
10635.60152  
10611.56776  
10590.60599  
10604.25608  
10615.16816  
10595.65982  
10556.02526  
10591.17082  
10576.09704  
10584.4661  
10606.81259  
10616.06866  
10583.6884  
10612.0902  
10643.8772  
10629.80459  
10646.62308  
10639.11497  
10608.36747  
10592.04  
10607.83177  
10591.69158  
10600.03461  
10666.12889  
10664.3984  
10673.49095  
10672.72132  
10637.3814  
10634.93917  
10624.76846  
10628.86435  
10639.20645  
10601.04381  
10593.78959  
10620.36533  
10645.64524  
10619.15276  
10581.49221  
10571.15124  
10569.43117  
10570.33502  
10603.26842  
10628.53854  
10629.8146  
10639.27717  
10646.09356  
10620.41925  
10636.45181  
10649.44644  
10647.57796  
10652.02156  
10621.07859  
10623.75109  
10633.76057  
10614.49932  
10623.21655  
10610.64816  
10592.65963  
10561.44452  
10560.55176  
10587.49215  
10569.22572  
10613.7867  
10629.50058  
10637.74301  
10636.70857  
10629.10641  
10619.01048  
10628.2795  
10625.0772  
10646.74718  
10616.69173  
10599.65124  
10612.92589  
10602.85417  
10599.10177  
10624.19492  
10634.51837  
10621.87235  
10657.82328  
10675.61369  
10667.55688  
10690.95549  
10712.29873  
10660.24313  
10650.9071  
10639.32491  
10628.87613  
10638.43699  
10625.63514  
10629.73757  
10639.56361  
10636.25894  
10625.69961  
10571.60998  
10573.93357  
10590.38445  
10588.01437  
10606.09441  
10579.03332  
10585.36816  
10577.41812  
10585.69011  
10586.455  
10627.58151  
10650.94792  
10655.97251  
10648.49183  
10672.09805  
10681.43742  
10647.24846  
10678.29017  
10637.91207  
10615.69291  
10642.71682  
10588.29169  
10588.49848  
10611.47733  
10593.12838  
10558.36082  
10592.11852  
10599.41868  
10587.27319  
10601.3931  
10623.75034  
10634.14138  
10617.89158  
10631.71832  
10618.65124  
10616.22964  
10594.69409  
10595.05657  
10572.90937  
10599.41181  
10635.84358  
10631.49598  
10636.91279  
10683.27864  
10652.35363  
10654.43074  
10669.08962  
10655.1231  
10640.9045  
10635.34503  
10620.54374  
10610.49007  
10618.58244  
10657.18949  
10614.10158  
10622.88989  
10637.18992  
10632.27133  
10645.08305  
10634.88696  
10647.09762  
10639.13632  
10627.45038  
10628.1459  
10609.94749  
10629.79353  
10630.35453  
10613.9676  
10616.47957  
10607.94158  
10590.22331  
10602.08154  
10618.1437  
10613.96561  
10625.73098  
10647.87554  
10617.69704  
10602.02212  
10626.13261  
10616.68776  
10640.32824  
10657.11833  
10658.78863  
10646.55176  
10642.74722  
10624.10374  
10595.94599  
10630.85444  
10622.28322  
10627.06378  
10661.65257  
10610.4162  
10601.87693  
10620.15653  
10592.00759  
10579.93758  
10578.18436  
10586.1222  
10591.78183  
10621.07711  
10638.28516  
10619.51211  
10651.05444  
10678.9557  
10654.29242  
10639.94867  
10632.11969  
10628.38317  
10612.29021  
10644.50635  
10625.28025  
10658.37909  
10631.61893  
10641.99756  
10640.17871  
10633.0912  
10616.37635  
10592.52252  
10595.4559  
10579.80018  
10604.44118  
10626.5705  
10629.98909  
10630.62057  
10638.02244  
10667.59747  
10634.4699  
10613.77855  
10629.84264  
10553.37481  
