10332.86599  
10279.65927  
10217.90628  
10242.87395  
10211.77333  
10193.11652  
10234.41513  
10219.29649  
10263.24235  
10257.17719  
10309.79695  
10312.73865  
10358.50334  
10343.89631  
10296.13261  
10319.81666  
10246.06407  
10255.2002  
10196.4097  
10223.27404  
10227.94444  
10239.68463  
10233.69104  
10241.87318  
10256.58434  
10248.61723  
10252.87919  
10261.61898  
10253.23167  
10285.25266  
10249.64  
10253.8453  
10262.24586  
10279.02681  
10303.10288  
10281.83345  
10300.11967  
10278.41738  
10307.70898  
10296.54124  
10282.96021  
10253.91695  
10247.9941  
10259.38389  
10232.62087  
10259.39313  
10263.78896  
10270.66199  
10282.74964  
10259.41423  
10265.73221  
10206.40848  
10241.44997  
10259.52252  
10257.57158  
10228.03334  
10217.36941  
10197.88468  
10159.25218  
10155.82681  
10159.28743  
10175.81829  
10214.29634  
10210.08176  
10239.50817  
10234.99211  
10221.56568  
10192.56423  
10275.57622  
10275.97517  
10249.03652  
10266.72334  
10311.70406  
10311.12723  
10304.22354  
10304.69608  
10280.99475  
10273.26221  
10240.59883  
10283.23275  
10287.52227  
10289.75935  
10293.5604  
10312.94429  
10305.91934  
10284.00216  
10334.74775  
10351.13173  
10334.61676  
10314.8896  
10272.95641  
10229.60235  
10216.02868  
10227.42063  
10182.40268  
10201.59329  
10194.66405  
10177.1516  
10200.36497  
10179.82623  
10168.45721  
10168.66501  
10165.93411  
10209.47498  
10268.77987  
10273.79395  
10275.48093  
10238.97445  
10233.36119  
10242.9169  
10231.27307  
10235.1097  
10265.28113  
10287.47587  
10298.50376  
10290.91499  
10255.28212  
10217.64142  
10248.97931  
10248.58335  
10240.2015  
10201.38542  
10240.62827  
10218.37188  
10240.45305  
10277.63099  
10292.12607  
10298.59988  
10295.07747  
10281.35702  
10260.54537  
10228.21277  
10261.16905  
10268.34297  
10311.01826  
10301.83496  
10302.6619  
10273.90276  
10369.5807  
10334.84711  
10366.70793  
10423.31577  
10408.22425  
10363.3343  
10350.29266  
10328.7889  
10338.3555  
10341.30855  
10351.64703  
10345.98585  
10324.18204  
10301.23541  
10233.9914  
10172.14364  
10188.29872  
10207.14585  
10167.74062  
10156.82534  
10171.16155  
10157.79606  
10184.85153  
10197.50067  
10170.72158  
10184.70993  
10195.87934  
10214.92127  
10228.64307  
10278.7789  
10309.19361  
10325.51531  
10297.20597  
10258.92707  
10234.05634  
10259.26209  
10259.36387  
10240.94329  
10272.22166  
10249.50158  
10260.43757  
10275.29606  
10286.20676  
10288.40996  
10258.57669  
10292.90434  
10302.62916  
10294.83949  
10331.15918  
10321.48075  
10330.66184  
10317.58051  
10318.79112  
10314.12336  
10297.37871  
10300.43287  
10299.21245  
10296.87408  
10289.84538  
10241.45745  
10252.18191  
10216.35699  
10239.75781  
10223.80278  
10221.55442  
10229.99528  
10222.7132  
10238.41921  
10256.8221  
10262.31691  
10264.29142  
10233.73097  
10212.85935  
10193.56772  
10165.41616  
10216.4243  
10183.87959  
10223.38898  
10295.05581  
10316.87737  
10239.7318  
10293.08975  
10259.6776  
10248.03572  
10249.00203  
10228.24423  
10267.30094  
10259.8771  
10316.2595  
10292.65507  
10336.49288  
10307.81789  
10284.35248  
10264.48245  
10280.63108  
10284.966  
10299.35803  
10277.0297  
10245.19363  
10219.84519  
10217.85464  
10199.30877  
10204.37001  
10235.23864  
10218.2533  
10262.3133  
10246.50698  
10238.3238  
10248.6031  
10227.90455  
10229.4171  
10228.48359  
10242.83364  
10256.0574  
10257.52905  
10227.34798  
10191.32783  
10200.22246  
10314.96344  
10309.44329  
10302.82869  
10265.23427  
10254.54637  
10248.36118  
10189.06805  
10211.64589  
10191.86071  
10200.91658  
10206.80553  
10181.9185  
10161.20128  
10116.51863  
10172.52794  
10174.10464  
10172.13913  
10202.66007  
10252.83916  
10265.98291  
10293.65687  
10328.21737  
10336.72458  
10344.52125  
10337.2731  
10311.714  
10276.03149  
10294.34949  
10272.18093  
10244.60254  
10337.87916  
10348.35624  
10358.05438  
10380.88496  
10367.16451  
10354.95386  
10361.02993  
10359.73825  
10342.1539  
10367.81667  
10368.01531  
10355.97785  
10340.93377  
10367.84783  
10327.11229  
10298.34666  
10271.91525  
10238.66912  
10202.80365  
10176.40459  
10200.41946  
10208.1514  
10226.3498  
10232.93099  
10228.455  
10237.7892  
10265.1837  
10260.15382  
10250.1806  
10233.08407  
10231.74809  
10225.10803  
10243.59007  
10263.38987  
10232.26381  
10259.72153  
10239.75485  
10242.34866  
10233.6003  
10197.41298  
10218.70352  
10189.48766  
10226.70048  
10252.55239  
10225.09276  
10266.06104  
10255.86628  
10237.55964  
10249.55816  
10255.76589  
10273.34399  
10271.62842  
10309.99569  
10297.77863  
10265.36186  
10298.29393  
10254.90406  
10285.70537  
10278.85541  
10280.42793  
10299.84482  
10247.27903  
10250.74214  
10258.14832  
10270.75547  
10297.62383  
10269.10175  
10270.46499  
10257.8771  
10238.72844  
10265.82645  
10245.42551  
10243.8205  
10229.14536  
10224.53236  
10236.11553  
10212.58693  
10226.70742  
10219.41647  
10208.53328  
10272.79685  
10222.49892  
10224.73812  
10226.37527  
10231.12928  
10239.78757  
10226.82499  
10231.78924  
10221.14089  
10249.93899  
10255.40305  
10253.74935  
10293.82092  
10279.02373  
10307.47659  
10299.94548  
10274.43  
10301.50445  
10306.52563  
10319.64154  
10311.8874  
10267.96697  
10277.12626  
10265.44468  
10244.4052  
10304.39358  
10265.66634  
10271.76148  
10276.71906  
10254.57045  
10310.67677  
10284.15372  
10313.99396  
10286.49265  
10282.02205  
10260.56324  
10214.24312  
10206.24729  
10215.1904  
10183.23066  
10173.15844  
10140.55886  
10179.49746  
10181.43669  
10169.7881  
10303.90326  
10332.55355  
10314.38965  
10256.58222  
10234.04457  
10192.19275  
10165.51358  
10166.97264  
10173.79495  
10191.1673  
10224.63089  
10222.97681  
10240.41923  
10241.39819  
10225.56783  
10234.34677  
10232.89071  
10224.85523  
10233.73773  
10251.46868  
10280.15295  
10292.54738  
10289.15794  
10262.15399  
10251.62682  
10240.73386  
10249.36442  
10252.61994  
10273.01394  
10286.25787  
10267.41067  
10265.07901  
10288.44891  
10307.58376  
10323.02538  
10342.26375  
10356.12768  
10370.8249  
10382.33196  
10340.84767  
10395.25323  
10382.57024  
10482.40885  
10418.95853  
10388.05519  
10443.35982  
10398.55935  
10414.3717  
10417.84394  
10461.7478  
10424.17216  
10379.14142  
10300.18213  
10291.14552  
10255.22035  
10231.04775  
10195.8561  
10198.87623  
10225.56956  
10237.40845  
10283.7836  
10290.90566  
10276.70845  
10305.19502  
10245.55606  
10268.88861  
10245.47687  
10263.6495  
10260.86914  
10256.70767  
10303.88531  
10278.11167  
10300.73214  
10308.82463  
10249.52967  
10284.29446  
10261.10414  
10264.87371  
10271.55202  
10266.53584  
10309.05495  
10249.98627  
10252.99729  
9981.711071  
10049.48648  
10178.62463  
10231.18726  
10216.22902  
10198.88724  
10180.32184  
10221.19345  
10218.02353  
10222.41371  
10253.31729  
10254.40135  
10231.70838  
10209.7915  
10215.27981  
10199.081  
10232.57271  
10242.60025  
10254.07633  
10251.22945  
10259.09598  
10241.13141  
10274.6001  
10232.218  
10269.73068  
10252.77188  
10262.2199  
10234.48347  
10239.23341  
10227.93712  
10214.32926  
10248.68309  
10195.97729  
10161.68908  
10273.2691  
10249.0396  
10276.34277  
10244.75368  
10227.96498  
10213.09723  
10255.45637  
10247.86665  
10245.65388  
10246.2232  
10246.82212  
10228.8311  
10216.2244  
10187.25581  
10227.95986  
10224.06766  
10236.78042  
10088.14378  
10230.0355  
10342.88136  
10471.00854  
10423.44823  
10339.56629  
10299.59331  
10222.08082  
10242.37774  
10216.16707  
10249.009  
10261.61766  
10301.46598  
10289.06299  
10312.908  
10297.29476  
10345.13909  
10375.03434  
10357.31031  
10369.80609  
10325.52292  
10312.39231  
10316.63602  
10327.38354  
10327.12294  
10371.48091  
10353.29785  
10339.16838  
10306.93454  
10328.27872  
10308.38875  
10260.7765  
10149.06704  
10043.04614  
10045.15109  
10104.69565  
10122.00071  
10169.86361  
10170.81012  
10188.1652  
10203.02514  
10205.99467  
10208.53243  
10208.08151  
10223.4457  
10280.09119  
10274.31892  
10255.49547  
10230.5157  
10263.87929  
10224.74305  
10263.66547  
10248.0861  
10231.39753  
10240.85138  
10254.59307  
10238.55614  
10232.0334  
10226.34258  
10225.88084  
10207.15126  
10211.8145  
10187.72029  
10214.32993  
10230.81772  
10232.56359  
10228.22985  
10229.17023  
10239.9392  
10236.22621  
10272.5852  
10254.40004  
10275.16397  
10300.06025  
10311.81664  
10290.51676  
10292.02595  
10294.01561  
10286.38059  
10288.05204  
10272.84915  
10301.82161  
10265.08366  
10275.52542  
10298.13349  
10273.85458  
10266.78585  
10262.71376  
10263.7627  
10250.39647  
10267.0529  
10260.43222  
10245.2687  
10240.24177  
10220.29142  
10213.53243  
10243.59837  
10278.3473  
10279.89866  
10281.79084  
10274.7642  
10270.45909  
10272.56414  
10275.94858  
10288.87911  
10257.47951  
10243.54528  
10236.66408  
10238.57176  
10253.98332  
10243.66782  
10270.8349  
10253.24234  
10247.04495  
10247.76924  
10257.89967  
10286.46582  
10241.10242  
10244.32564  
10234.98186  
10219.51011  
10226.40046  
10214.43439  
10245.15083  
10227.91863  
10252.36156  
10221.19046  
10222.34448  
10227.79608  
10212.0054  
10259.83279  
10266.04152  
10311.29501  
10338.93598  
10274.80553  
10258.88841  
10248.04964  
10246.80691  
10276.17398  
10256.08378  
10284.70382  
10286.28159  
10262.42341  
10292.94941  
10275.89153  
10295.84996  
10270.33936  
10300.83206  
10306.92146  
10263.03412  
10278.16526  
10276.98803  
10266.31934  
10258.43022  
10243.6697  
10255.84408  
10254.25487  
10264.8709  
10248.21789  
10197.64379  
10196.79711  
10173.62324  
10196.58742  
10220.5219  
10204.60315  
10193.64696  
10182.56979  
10176.77575  
10197.3513  
10154.11978  
10272.80688  
10307.91899  
10327.23599  
10311.68348  
10260.88991  
10246.47974  
10206.58166  
10189.31442  
10176.45111  
10154.44012  
10129.1518  
10157.67584  
10210.01083  
10188.67519  
10203.37982  
10204.89656  
10196.50402  
10212.01046  
10176.5651  
10185.78323  
10222.67981  
10207.26163  
10216.61367  
10230.20182  
10247.44095  
10249.18204  
10248.15801  
10271.60414  
10277.98563  
10292.90274  
10305.50087  
10325.87186  
10303.98627  
10293.91454  
10279.1907  
10298.90591  
10270.46039  
10295.53705  
10321.66141  
10313.37105  
10341.20724  
10390.87587  
10338.59748  
10360.03649  
10343.47418  
10306.44499  
10310.44426  
10232.09193  
10336.10242  
10329.96986  
10335.94256  
10295.97865  
10376.19653  
10362.36634  
10352.35465  
10398.75453  
10316.50277  
10340.20529  
10273.99947  
10273.68106  
10253.78788  
10233.55845  
10235.20629  
10155.19331  
10194.32364  
10177.36127  
10137.88064  
10134.83197  
10101.76697  
10140.92267  
10151.61177  
10199.54591  
