11279.2742  
11038.2092  
10969.5559  
10990.00549  
10970.67541  
10969.35403  
10954.82269  
10986.68984  
10967.85237  
11025.0333  
10962.93141  
11006.55144  
10992.28321  
11015.32273  
10974.53794  
10956.29805  
10979.80645  
10955.21765  
11009.73619  
10982.91794  
10979.68159  
11004.43012  
10936.24502  
10990.40911  
10945.61982  
10910.86435  
10956.73892  
10943.5722  
10958.89223  
10960.76155  
10960.92676  
10960.49268  
10971.49451  
10971.7782  
10935.92926  
10940.78832  
10937.00939  
10966.72727  
10977.70948  
10969.04216  
10975.31983  
10939.48366  
10929.64151  
10986.9596  
10939.84401  
10981.98133  
10983.99554  
10945.18613  
10990.69357  
10980.55721  
11011.93324  
10999.57177  
11002.8067  
11011.32213  
11011.51262  
11010.234  
11033.2632  
11038.40604  
11040.87528  
11013.23065  
11026.61987  
10996.0849  
11003.2912  
10956.02067  
10982.26294  
10990.87074  
10977.87207  
11010.7099  
11020.78464  
11042.52948  
11043.19725  
11068.67709  
11027.04649  
11001.44802  
11025.01132  
11028.41306  
11000.6915  
10962.68841  
10920.81643  
10911.95724  
10956.76356  
10941.60477  
10933.40389  
10921.39943  
10961.62221  
10977.69708  
10965.1828  
11016.76932  
10985.49458  
10996.50862  
11003.97011  
10975.28011  
10976.12081  
10994.57686  
11023.49055  
11033.1395  
10979.57975  
10960.98107  
10962.43554  
10951.46347  
10991.55995  
10989.40363  
10997.42824  
11033.28889  
10950.2305  
11001.95211  
10983.80387  
10983.93534  
10991.3275  
10967.4879  
10967.05024  
10968.58638  
10968.08412  
11009.70802  
10979.28699  
11000.65537  
11011.2288  
11030.39527  
11037.44149  
10979.65818  
11023.19625  
10973.3019  
10946.32258  
10958.83161  
10947.67614  
10991.25446  
10925.87002  
10947.7451  
10951.09855  
10955.73623  
10940.71294  
10958.64931  
10947.0849  
10936.46688  
10904.18863  
10897.28078  
10877.92936  
10942.15001  
10947.68148  
10944.7945  
10978.89238  
10912.50378  
10970.69277  
10947.77099  
10908.71243  
10987.01024  
10948.10112  
10991.7368  
10976.70214  
10987.53817  
11016.39373  
10972.5474  
11005.93485  
10993.57433  
11020.03457  
10990.35114  
10949.38336  
10987.80087  
10960.44281  
10976.71996  
10966.7077  
10935.38632  
10860.91604  
10837.70662  
10824.71036  
10835.5994  
10884.61402  
10953.07409  
10972.29476  
10990.05396  
10983.88517  
10960.58315  
10913.78011  
10921.22419  
10939.46883  
10989.20334  
10965.87678  
10987.64605  
10960.13397  
10972.4278  
10986.643  
10994.45414  
11023.42402  
10986.74945  
11133.40364  
11048.33992  
11022.46023  
11068.20151  
11010.95757  
11073.6135  
11070.69146  
11057.43734  
11048.51499  
11008.4177  
11006.2331  
11002.32351  
11007.50912  
11024.45328  
10988.36432  
10990.19092  
10996.00833  
11040.66146  
11037.78737  
11046.33837  
11034.31009  
11025.97591  
11067.36831  
11045.28127  
11057.89181  
11059.4658  
11010.94451  
11033.28125  
11005.05925  
11070.43816  
11007.13994  
11011.36622  
10989.5207  
10961.9495  
10997.88749  
10850.9797  
10857.63557  
10862.61035  
10878.72642  
10900.41733  
10921.51587  
10954.71656  
10993.73365  
10971.86768  
10981.53882  
10989.55879  
10934.09001  
10950.30765  
10874.72975  
10915.16363  
10967.84353  
10951.90353  
10990.89281  
10952.77824  
10974.23108  
10992.50119  
10996.01811  
11029.67736  
10974.24463  
11007.15444  
11038.46366  
11051.75974  
11041.49849  
11056.79296  
11086.32753  
11019.16167  
10991.95525  
10993.99967  
10976.7903  
10988.70028  
11009.954  
11046.19703  
10993.58  
11021.63659  
11022.71626  
10978.85264  
11012.76094  
10989.49842  
10883.73092  
10860.46241  
10920.2986  
11005.71184  
10978.19825  
10998.70381  
10986.37815  
11003.3954  
11027.36539  
10991.64001  
10967.0783  
10986.26301  
10955.79901  
10993.14841  
10962.50094  
10974.59201  
10985.65935  
11049.05936  
10980.03224  
10969.46282  
10996.03085  
10990.91403  
11035.95532  
11013.80755  
11003.28622  
11021.9158  
11001.44368  
10951.30172  
10979.47739  
11001.19554  
10997.28609  
10996.92955  
11015.08287  
10991.88479  
11028.39496  
11003.29388  
10992.55475  
10991.08697  
10972.01845  
11010.87497  
11024.62774  
10954.39773  
10958.86742  
10901.54558  
10901.5699  
10926.21652  
10969.11305  
11016.35311  
11002.80572  
11029.2698  
11016.45356  
11021.07984  
11035.8455  
11045.06453  
11024.61402  
10976.76474  
10985.60658  
10990.3877  
10976.58405  
10955.13085  
11001.53326  
10980.44628  
11034.09513  
11042.10409  
10997.05428  
11047.56082  
11050.47522  
11015.03311  
11028.49132  
11030.93855  
11023.60535  
11002.26633  
10990.18621  
11006.23763  
10965.99254  
10970.88754  
10967.02874  
10972.79816  
10974.14891  
11012.46184  
11016.90504  
10988.9229  
10978.07911  
11042.16242  
10973.90422  
10998.94149  
11020.02961  
10979.79178  
11017.81317  
10979.45012  
10976.88921  
10933.72173  
10954.45664  
10985.11539  
10962.41729  
10980.00653  
10991.641  
11008.10201  
10963.9769  
10953.06428  
10913.29831  
10952.77617  
10980.43717  
10959.47238  
11007.22007  
10927.08847  
10967.87417  
10945.36515  
10980.06026  
11002.75437  
10990.66895  
11071.18132  
10947.68159  
11017.98993  
10984.34473  
11018.58029  
10994.57185  
11001.39256  
11056.29007  
11030.30128  
10991.77522  
10988.38713  
11019.39082  
10993.62041  
10965.44727  
10968.58512  
10945.2117  
10985.91327  
10964.8349  
10998.62711  
11006.10935  
10964.48288  
10906.37279  
10880.53885  
10955.53049  
10968.35063  
10953.31533  
11005.96089  
11002.49264  
10973.44828  
11032.15379  
10997.9032  
11012.45764  
10972.0133  
10972.52659  
10979.92181  
10976.94518  
10989.59986  
10970.6831  
11002.29817  
11021.69685  
11041.02229  
11034.67714  
11062.6833  
11058.43777  
11035.32641  
11029.54047  
11023.20082  
11014.31845  
11042.42012  
10998.83922  
10983.10141  
11004.74717  
10939.28681  
10968.78522  
10947.94641  
10992.82053  
11000.13095  
11011.10601  
11045.57508  
11030.47412  
11053.37525  
10989.53367  
10964.3305  
10890.14292  
10906.0121  
10949.61719  
10958.40915  
10929.21387  
10963.3259  
10943.16689  
10935.97007  
10965.7914  
10957.37885  
10942.00043  
10963.93727  
10953.62715  
10988.24413  
10990.22747  
10996.91696  
10923.1693  
10968.24735  
10942.47349  
10942.86243  
10950.07861  
10945.42274  
10968.62523  
10986.01996  
11046.87455  
11014.7709  
11031.60562  
11018.02524  
10961.04102  
11017.1856  
10980.70144  
10940.54345  
10982.46062  
10918.99614  
10942.55788  
10939.81516  
10991.69426  
10971.5533  
10943.56368  
10992.86108  
10956.9347  
11017.61783  
11010.03198  
11026.42169  
11031.49386  
11010.24876  
11006.91913  
11003.44041  
10992.83878  
11023.27381  
11018.98536  
11020.31085  
11089.36949  
11035.96635  
11040.54746  
11039.41069  
10967.66358  
10945.9074  
10965.42552  
10982.6699  
10972.16989  
10996.93275  
11013.3981  
11027.55227  
10942.37437  
10944.54147  
10848.7607  
10796.03029  
10810.75884  
10826.8886  
10852.44793  
10853.8136  
10876.53128  
10911.54904  
10873.087  
10896.69234  
10884.04731  
10932.74743  
10925.36103  
10949.03351  
10963.96537  
10965.89854  
10995.83813  
10960.07326  
10975.37724  
11031.02447  
10954.47864  
11052.91931  
10999.29614  
10990.52317  
10967.08054  
10941.49949  
10972.98556  
11020.39262  
10989.7759  
10993.13831  
10990.91985  
10953.03341  
10952.91833  
10978.69689  
10984.3412  
10912.15727  
10939.54584  
10949.57989  
10933.88096  
11013.23718  
10986.38353  
11004.29761  
11013.7787  
11001.64225  
10991.66948  
11066.3046  
11067.21301  
11043.38918  
11034.03297  
11052.63148  
11024.01348  
11031.11058  
11031.93167  
11023.14793  
11016.22018  
10963.01127  
10962.74678  
10968.78326  
10981.71274  
10978.67811  
11013.9948  
10996.06828  
10991.43299  
10978.31664  
10970.47011  
11054.01742  
11043.51331  
10993.64384  
10956.4248  
10981.82828  
10865.20004  
10886.53634  
10962.88859  
10987.02363  
10978.33034  
11000.79112  
11035.78586  
11005.4642  
11011.10475  
10963.18829  
11027.95895  
11009.21615  
10971.37582  
10988.18779  
10957.02845  
10997.44031  
10975.09259  
10945.2125  
10979.96448  
10962.94895  
10982.52837  
10997.79044  
10990.81985  
11029.77636  
11033.24053  
11006.26363  
11002.10104  
10995.61091  
11048.08278  
11041.40443  
11026.45044  
11008.89174  
10943.17031  
11029.2651  
10987.96909  
11031.33026  
10958.76901  
10980.29652  
10999.87564  
10974.53106  
10993.30596  
10954.36713  
10987.69799  
10997.85761  
10993.94771  
10979.34664  
10970.16121  
11016.10569  
10946.81307  
10982.41881  
10966.86181  
10980.31344  
10986.8005  
10979.04736  
11004.24243  
10980.35494  
11039.38003  
11050.49251  
11037.40874  
11059.52293  
11030.46485  
11007.23622  
11032.28704  
10990.58536  
11010.21084  
11025.92105  
11005.75955  
11001.27703  
10978.81644  
10975.19342  
10976.91616  
11009.04957  
10966.37247  
11009.1559  
10966.86862  
10982.86248  
10974.93888  
10980.87326  
11001.95046  
11031.84333  
10974.30985  
11008.89733  
11020.65938  
11035.4201  
11080.65433  
11012.31959  
11059.2667  
11021.11597  
10987.837  
11001.86631  
10985.08523  
11023.76797  
10958.08151  
10986.36783  
11048.58931  
10995.721  
11039.83252  
11011.83238  
11047.3708  
11043.91225  
11000.81901  
11065.77568  
11009.90705  
11018.18717  
10998.57491  
10958.77335  
10967.50845  
10917.76019  
10955.57421  
10967.66905  
10995.24521  
10974.73643  
10983.78197  
10989.87644  
10918.96275  
10936.48958  
10905.52772  
11050.17206  
11017.56832  
10957.75207  
11034.55052  
11011.97527  
10995.57495  
10962.3033  
10996.86465  
10983.83596  
10995.09385  
10982.88458  
10968.48965  
10947.02142  
10955.22444  
10965.40977  
10925.69065  
10916.51797  
10964.70584  
10948.02481  
11016.39288  
10996.59266  
10961.42959  
11006.72731  
10983.43299  
11030.86227  
10988.58039  
10986.79588  
10993.77742  
11007.63776  
