9194.044422  
9129.415086  
9105.898682  
9101.890765  
9056.386172  
9054.267636  
9048.725202  
9024.225226  
9053.366711  
9057.80885  
9021.233666  
9028.066406  
9064.572684  
9073.254197  
9035.152018  
9018.584403  
9020.208554  
9017.89924  
9005.478644  
9006.89402  
8996.01881  
8995.442162  
9002.894985  
8978.800119  
9038.113188  
9031.642636  
9028.406343  
9024.022414  
9026.845087  
9071.208915  
9073.273286  
9045.678223  
9072.386044  
9075.344378  
9040.407424  
9053.78754  
9044.775042  
9064.63687  
9061.436024  
9055.380534  
9036.474295  
9054.840971  
9035.268229  
8987.088716  
9021.690034  
9025.242118  
9044.548514  
9031.062407  
9040.688511  
9070.841611  
9062.6737  
9020.187384  
9015.731085  
9028.459705  
9020.658401  
9005.512079  
8977.444371  
8985.603306  
9012.775751  
9024.584694  
9003.971331  
9034.990967  
9077.040039  
9069.869327  
9076.666051  
9078.749395  
9078.699021  
9094.338879  
9093.624314  
9108.716402  
9089.935291  
9099.835798  
9094.156552  
9081.75393  
9105.872745  
9115.433443  
9135.770682  
9090.436291  
9095.367094  
9088.844494  
9090.357143  
9101.114874  
9117.607015  
9098.031506  
9129.988793  
9070.104574  
9093.93035  
9128.253313  
9115.619629  
9117.821928  
9112.403878  
9149.289783  
9147.082903  
9143.334601  
9116.581438  
9144.308012  
9111.220412  
9117.14996  
9144.982561  
9147.228562  
9112.415411  
9114.268962  
9074.589309  
9094.237932  
9075.98241  
9058.350063  
9033.621745  
9024.482236  
8976.005383  
8986.552967  
9012.290504  
9025.421259  
9028.704706  
9059.60333  
9050.759312  
9013.330346  
8996.943743  
9011.422724  
9019.493211  
9034.336007  
9025.60369  
9030.109991  
9054.649995  
9078.95495  
9057.507022  
9053.565232  
9097.358189  
9056.621198  
9074.386161  
9068.43893  
9051.600005  
9039.790481  
8976.162016  
8958.596157  
8966.212193  
8967.77746  
8980.634452  
8964.514358  
8968.95588  
8948.744187  
8973.993059  
8984.659854  
9020.834333  
9018.716041  
9025.790864  
9024.214844  
9071.825742  
9064.286912  
9081.297979  
9070.859084  
9062.879418  
9065.173561  
9062.607364  
9057.995954  
9040.620408  
9041.952055  
9070.253209  
9079.190465  
9069.882952  
9073.141532  
9070.18614  
9043.091797  
9056.171619  
9015.974726  
9026.280878  
9050.759126  
9028.423747  
9042.457892  
9056.060872  
9080.854829  
9053.446336  
9078.654657  
9066.968959  
9071.633545  
9044.395798  
9051.117955  
9025.212391  
9066.670387  
9039.380418  
9025.025053  
9035.788063  
9041.169375  
9033.727818  
9045.272996  
9069.309687  
9031.627162  
9021.665353  
9011.951242  
8996.47061  
8973.446952  
8997.348865  
9018.98255  
9034.088588  
9041.577904  
9034.912342  
9003.518729  
9020.950253  
9016.445778  
9050.42291  
9062.879522  
9104.18557  
9115.650867  
9100.129023  
9103.313918  
9084.11778  
9083.772135  
9062.633208  
9068.314569  
9079.555211  
9032.424805  
9026.783947  
9019.714135  
9015.930629  
9020.43242  
8994.343971  
8999.820754  
8986.954741  
9003.833752  
9017.736642  
9008.302467  
9004.231573  
9003.195266  
8992.677293  
9032.260475  
9030.58889  
9071.717773  
9067.935547  
9096.644078  
9091.582903  
9076.588239  
9066.928816  
9037.476737  
9072.135579  
9038.85176  
9040.152181  
9045.803165  
9019.003941  
9033.570975  
9014.329346  
9025.56715  
9029.263451  
9016.129011  
9010.870454  
9010.957136  
9005.612874  
9031.374221  
9047.121594  
9029.848551  
9043.542794  
9053.796456  
9062.60176  
9043.527634  
9042.637916  
9020.837286  
9002.499605  
8987.064069  
9003.169538  
9014.330776  
8987.557966  
8972.347993  
9025.437523  
8990.936582  
9001.30435  
9014.280099  
8993.703253  
9022.197626  
9027.406285  
9035.798991  
9090.428176  
9088.502534  
9086.268869  
9094.825102  
9120.267543  
9096.969959  
9114.876546  
9081.617188  
9044.050618  
9027.018032  
8996.147635  
9011.419434  
9018.137544  
9001.943592  
8996.372721  
9014.858945  
9028.885312  
9033.25136  
9038.069766  
9063.115595  
9085.579404  
9071.543887  
9076.019171  
9072.322138  
9105.612688  
9086.081857  
9100.344727  
9106.428025  
9099.142601  
9093.577567  
9087.008603  
9074.807234  
9056.75579  
9058.872512  
9028.192836  
9028.918155  
9055.160761  
9040.764056  
9048.448475  
9052.537388  
9054.884777  
9041.445499  
9018.322219  
9057.253604  
9035.80528  
9064.214902  
9033.764056  
9023.015148  
9018.791795  
9021.549828  
9027.093494  
9004.061419  
9035.133115  
9042.555548  
9075.173293  
9063.49392  
9039.520089  
9057.213658  
9047.728399  
9087.589937  
9032.071696  
9013.004418  
9010.235851  
9008.77503  
9008.406866  
9030.479434  
9056.557989  
9078.515439  
9105.231957  
9087.762405  
9110.831183  
9075.932803  
9042.81908  
9001.683884  
9002.169259  
9021.890985  
9039.562302  
9031.643613  
9012.031424  
9045.884719  
9005.62157  
9026.865037  
9015.588937  
9007.167794  
9014.744536  
9019.108201  
9004.81729  
9036.874814  
9039.803269  
9057.997559  
9090.065627  
9091.011021  
9056.262823  
9095.509731  
9099.615851  
9072.639242  
9114.327532  
9092.265741  
9056.211333  
9071.002674  
9043.249686  
9060.776937  
9056.992176  
9014.66991  
9047.10855  
8990.862061  
8977.233526  
8991.624384  
8974.020508  
8978.611119  
9001.872896  
9033.355771  
9004.286633  
8984.946243  
8959.798503  
9007.909342  
8970.408564  
8999.589809  
9008.435221  
8988.75143  
9032.30728  
9059.585345  
9055.518927  
9028.543538  
9043.583054  
9045.836565  
9053.952114  
9053.638265  
9071.827276  
9052.384208  
9064.027169  
9070.20273  
9032.699521  
9095.456543  
9028.992722  
9076.000047  
9095.940767  
9077.227365  
9036.779657  
9015.979748  
9002.681571  
9000.229794  
9008.594854  
9005.006441  
9044.185884  
9053.760684  
9030.756452  
9046.415841  
9030.102365  
9009.483178  
9038.871384  
9048.804746  
9060.843262  
9032.298723  
9068.839344  
9079.759405  
9093.301188  
9079.339786  
9014.836228  
9070.259463  
9060.240513  
9029.038388  
9083.715878  
9063.923258  
9062.159703  
9076.77088  
9142.056431  
9103.186093  
9108.709659  
9080.19987  
9079.561314  
9082.817453  
9073.801374  
9082.438546  
9097.969203  
9051.815406  
9082.680385  
9047.604713  
9063.017671  
9064.53418  
9058.057257  
9100.098819  
9102.149286  
9122.71131  
9081.607899  
9067.733898  
9042.536389  
9061.611572  
9035.511312  
9052.695126  
9051.289028  
9037.891137  
9064.611293  
9087.929141  
9047.59103  
9092.576404  
9050.014672  
9088.108166  
9093.713158  
9062.795991  
9077.459635  
9067.016462  
9032.286296  
8997.698068  
9039.059652  
9038.685593  
8989.305048  
9031.652658  
8989.470587  
9014.777472  
8983.657878  
9009.646601  
9029.344982  
9037.584566  
9006.889753  
9030.007173  
9040.71589  
8999.736561  
9050.665748  
8999.416388  
9021.063883  
9053.248407  
9012.205439  
9081.969076  
9073.124163  
9053.759196  
9075.67556  
9053.575021  
9080.321022  
9044.941464  
9049.188209  
9054.582647  
9040.230957  
9032.083845  
8932.513056  
9071.855352  
9074.469389  
9093.000163  
9109.971761  
9077.157389  
9074.324416  
9057.60469  
9087.901786  
9083.612095  
9095.446475  
9041.302002  
9067.60312  
9078.727493  
9029.646484  
9011.101911  
9019.311861  
8996.926432  
9008.506278  
9087.869141  
9002.772101  
9077.452416  
9041.568534  
9052.380859  
9071.099179  
9043.951811  
9017.207508  
8997.400786  
8982.554443  
9043.828985  
9025.090495  
8995.349028  
8961.228237  
9010.64874  
9023.787865  
9022.372012  
9022.896508  
9034.680559  
9056.294759  
9048.302479  
9062.664121  
9074.764358  
9099.931536  
9085.361026  
9066.161435  
9052.053525  
9020.857817  
9063.82351  
9085.090483  
9067.202183  
9065.136765  
9042.399461  
9006.64717  
9006.633266  
9026.627639  
8986.186454  
9026.99278  
9027.683698  
9049.332427  
9047.652088  
9055.131394  
9091.309907  
9092.855992  
9055.942511  
9097.944778  
9098.766288  
9105.383103  
9108.090948  
9069.251511  
9088.063384  
9068.21961  
9044.410842  
9041.45831  
9050.814046  
9059.573242  
9016.118896  
9060.450021  
9040.06679  
9068.902344  
9066.361758  
9060.741583  
9043.700033  
9019.69508  
8981.918364  
9002.89016  
8975.72154  
8963.798991  
8996.508266  
9009.379023  
9029.528123  
9051.615013  
9039.803606  
9057.056478  
9047.111223  
9040.041481  
9083.430257  
9082.97068  
9062.501662  
9056.498152  
9054.659063  
9110.681885  
9082.623407  
9067.13351  
9062.813697  
9097.60269  
9089.203195  
9072.285133  
9072.78175  
9122.369373  
9093.487386  
9069.240339  
9042.119931  
9057.867094  
9022.645705  
9019.848261  
9004.814104  
9053.800979  
9049.658598  
9071.783215  
9082.901146  
9095.372314  
9100.046515  
9057.567569  
9066.487467  
9043.331066  
9060.931652  
9020.142287  
9034.047142  
9005.271368  
9019.171526  
8990.052839  
8982.809803  
9000.584101  
8958.636219  
8987.44401  
9006.119989  
8983.009103  
8986.451486  
9016.151042  
9000.785807  
9047.561175  
9090.360386  
9086.676316  
9111.297491  
9114.071475  
9093.786877  
9121.427537  
9108.209519  
9107.498059  
9125.511602  
9091.069894  
9111.826195  
9087.578416  
9108.126244  
9075.166876  
9024.337414  
9001.064755  
9002.712902  
9004.196091  
8999.831775  
8942.920271  
8965.812581  
8964.071812  
8923.256964  
8961.255673  
8957.506162  
9001.307978  
8983.42191  
9025.603004  
9019.659714  
8999.80885  
9016.9016  
9000.591774  
8997.773333  
9076.604446  
9064.774182  
9047.296236  
9047.864281  
9061.608933  
9061.429676  
9086.092704  
9093.427234  
9083.801735  
9092.834949  
9056.774972  
9046.023449  
9046.500477  
9059.457136  
9067.364595  
9085.129174  
9093.299293  
9073.010765  
9063.10612  
9069.549816  
9062.084821  
9049.864409  
9006.984724  
9030.518531  
9010.4498  
9042.141264  
9014.981724  
9037.411121  
9033.244222  
9008.067511  
9036.359817  
9052.367664  
9051.690825  
9082.442232  
9085.616874  
9078.547991  
9116.932699  
