10824.97509  
10778.51848  
10774.80005  
10823.7707  
10829.62121  
10870.31965  
10885.67475  
10881.06719  
10861.74702  
10850.454  
10847.86645  
10865.12715  
10885.76874  
10842.87586  
10866.66621  
10864.34971  
10836.97655  
10764.90735  
10744.33686  
10747.79537  
10753.1575  
10792.81146  
10783.83322  
10768.33427  
10766.59884  
10782.35279  
10769.48532  
10788.69495  
10820.38374  
10797.5356  
10834.3167  
10832.5106  
10831.13263  
10824.24349  
10801.70958  
10795.41113  
10812.86282  
10820.14802  
10850.97538  
10865.57868  
10848.66202  
10853.28071  
10831.74555  
10798.45261  
10804.68599  
10776.27559  
10731.127  
10787.94825  
10767.08671  
10757.26766  
10712.90602  
10646.55582  
10710.85256  
10719.63648  
10733.27709  
10709.78649  
10693.62503  
10692.47119  
10737.31068  
10765.75719  
10764.36143  
10773.57933  
10802.58649  
10788.0869  
10820.86957  
10793.91102  
10815.40151  
10838.48017  
10794.66851  
10826.1633  
10800.49278  
10781.02906  
10789.88554  
10802.57369  
10829.29656  
10821.07135  
10798.24485  
10817.22813  
10813.0609  
10856.7777  
10884.23108  
10869.28225  
10864.31091  
10929.60476  
10888.73802  
10801.51687  
10809.2463  
10845.73135  
10798.63836  
10782.99402  
10694.61886  
10703.67032  
10743.50604  
10804.22038  
10799.01178  
10846.87621  
10852.65077  
10835.65784  
10854.37906  
10866.95278  
10889.25115  
10869.29989  
10836.80435  
10759.6296  
10794.28682  
10773.63411  
10802.00882  
10813.31827  
10815.15132  
10830.30309  
10827.60726  
10811.08443  
10795.73757  
10796.37571  
10768.70466  
10765.644  
10758.11379  
10751.63501  
10768.92792  
10767.78072  
10771.40395  
10762.26894  
10775.16297  
10834.32543  
10841.51173  
10876.75759  
10888.50326  
10870.46554  
10863.17115  
10846.78716  
10836.93548  
10819.9783  
10772.52006  
10729.33294  
10755.19042  
10791.55092  
10772.29942  
10802.7713  
10800.2982  
10822.01466  
10856.56851  
10850.80962  
10879.44898  
10847.85959  
10891.57826  
10859.67995  
10818.69701  
10793.56355  
10812.17521  
10809.3775  
10858.87919  
10838.99527  
10870.5635  
10881.33828  
10829.64262  
10868.72499  
10817.64119  
10758.70596  
10785.36787  
10791.37988  
10805.08249  
10821.70902  
10806.58105  
10768.65853  
10778.91608  
10775.82807  
10737.14649  
10781.07361  
10777.57364  
10809.50627  
10841.99809  
10813.06194  
10814.72179  
10804.48928  
10767.48951  
10818.05871  
10838.48049  
10852.65345  
10891.37284  
10866.50465  
10821.55541  
10802.83222  
10772.37089  
10806.61846  
10840.46302  
10816.71676  
10848.56789  
10824.85463  
10850.97037  
10871.35761  
10859.64492  
10893.27615  
10883.28722  
10840.65338  
10833.0527  
10834.48649  
10856.90285  
10873.02887  
10848.18161  
10839.20681  
10859.0458  
10878.26306  
10912.07494  
10870.66687  
10899.95159  
10879.37858  
10836.93421  
10827.52239  
10825.12392  
10432.2614  
10943.62887  
10781.45211  
10643.52588  
10753.7242  
10795.82984  
10730.86507  
10732.23735  
10752.67346  
10765.56677  
10801.08553  
10825.96224  
10822.93064  
10880.27804  
10878.05557  
10824.19962  
10829.183  
10846.02626  
10843.43418  
10863.14123  
10826.39183  
10797.45993  
10753.0474  
10739.02487  
10751.12256  
10809.16907  
10788.92853  
10809.46327  
10829.01554  
10782.33286  
10729.25483  
10713.4327  
10676.96791  
10690.33815  
10646.25138  
10723.01722  
10712.70519  
10757.19646  
10721.8564  
10750.92732  
10751.52016  
10789.73945  
10797.95938  
10798.93096  
10822.7604  
10812.78212  
10831.74789  
10806.21892  
10828.2242  
10846.95568  
10863.66986  
10853.78611  
10863.71455  
10824.40517  
10814.57518  
10788.13767  
10727.69419  
10730.31198  
10740.35095  
10779.36449  
10787.88532  
10778.02864  
10819.31622  
10820.941  
10869.43381  
10845.03143  
10849.03999  
10831.00574  
10780.56116  
10803.86527  
10787.01072  
10823.09372  
10823.11051  
10849.05137  
10836.09252  
10794.8426  
10781.84593  
10766.36297  
10760.72625  
10769.46842  
10785.0746  
10809.09033  
10822.45497  
10865.04287  
10858.48271  
10855.13532  
10880.37165  
10842.67781  
10887.91239  
10885.82403  
10877.10331  
10866.59872  
10825.57032  
10815.62121  
10819.29941  
10814.85701  
10829.45842  
10813.67695  
10823.29628  
10829.42074  
10824.69804  
10828.55572  
10831.10715  
10833.93143  
10854.52863  
10848.47372  
10869.29243  
10835.7134  
10781.81243  
10794.41  
10804.87753  
10797.90219  
10823.61126  
10800.94696  
10800.97564  
10796.92695  
10821.0746  
10833.85262  
10804.50781  
10823.12973  
10809.13177  
10758.02274  
10742.85068  
10748.1902  
10733.70514  
10717.66738  
10713.5859  
10687.99089  
10728.31062  
10756.46742  
10762.50974  
10791.76116  
10785.67825  
10770.13262  
10808.69599  
10825.00416  
10848.9618  
10865.15955  
10849.37649  
10851.80545  
10816.85619  
10801.95857  
10815.82787  
10829.33016  
10832.51245  
10847.72399  
10862.12039  
10866.92754  
10867.62418  
10836.56973  
10845.73786  
10854.52726  
10850.04894  
10848.30881  
10876.31962  
10878.07749  
10857.46512  
10881.07351  
10839.45045  
10792.83128  
10807.14154  
10820.48219  
10843.99366  
10868.32008  
10874.50925  
10811.91013  
10814.89004  
10804.94717  
10791.70825  
10784.55068  
10807.17114  
10751.86016  
10733.75917  
10728.39858  
10725.12002  
10740.48045  
10761.71681  
10733.24411  
10726.32983  
10736.08095  
10735.68809  
10772.28743  
10822.99006  
10851.10301  
10825.0871  
10769.22079  
10765.64622  
10729.60038  
10710.39636  
10743.18767  
10778.92935  
10822.76542  
10823.09761  
10833.87678  
10845.04421  
10812.23535  
10826.45785  
10806.22584  
10771.13305  
10805.45437  
10769.75351  
10803.20763  
10816.32987  
10779.1708  
10779.7599  
10760.42733  
10759.73621  
10780.15214  
10770.25398  
10761.44112  
10790.4644  
10779.70215  
10823.84652  
10805.8247  
10829.34922  
10855.62832  
10865.58435  
10883.52153  
10864.05758  
10868.59773  
10898.06006  
10864.49957  
10886.70294  
10839.74528  
10801.87075  
10813.39495  
10789.07119  
10826.54964  
10841.21695  
10812.3136  
10850.14733  
10837.85572  
10835.28536  
10830.4029  
10813.36393  
10863.53015  
10850.35225  
10869.43065  
10871.22206  
10848.96287  
10851.17725  
10819.19346  
10838.01745  
10875.60253  
10843.04957  
10830.0483  
10798.87746  
10808.3589  
10818.06757  
10821.76715  
10841.3001  
10839.44285  
10800.64976  
10744.01013  
10709.74486  
10749.95357  
10742.59597  
10800.49563  
10850.33136  
10858.27222  
10842.78817  
10853.5999  
10853.80875  
10867.83055  
10835.35177  
10863.48334  
10860.35003  
10788.55889  
10819.23606  
10817.23287  
10847.73799  
10864.05481  
10823.62318  
10777.10293  
10794.84445  
10764.70406  
10766.60202  
10782.13378  
10792.9442  
10819.02031  
10814.28674  
10843.40241  
10839.24437  
10842.49424  
10849.64584  
10785.70892  
10751.71926  
10748.98801  
10755.25974  
10811.99319  
10838.43633  
10825.84536  
10846.2813  
10819.09389  
10836.39514  
10853.86407  
10835.75467  
10869.34692  
10840.1063  
10861.44461  
10838.41059  
10826.96232  
10804.60191  
10827.3428  
10869.63925  
10845.20512  
10806.84155  
10809.61643  
10758.84222  
10748.24849  
10750.40774  
10732.30555  
10763.01121  
10773.4552  
10761.19242  
10798.96041  
10820.09678  
10886.05663  
10914.62185  
10867.57693  
10898.45665  
10855.34185  
10802.37742  
10767.98961  
10702.91774  
10733.62853  
10756.06282  
10771.47567  
10834.66515  
10837.51176  
10860.96576  
10836.93272  
10812.42821  
10841.09552  
10838.9683  
10833.91561  
10854.781  
10855.77285  
10877.65674  
10879.51967  
10851.12123  
10807.34791  
10756.28734  
10724.94399  
10726.89481  
10722.86715  
10754.78903  
10711.51302  
10705.71739  
10669.77571  
10636.78693  
10673.44872  
10660.19539  
10682.71334  
10694.87672  
10708.75272  
10704.35627  
10677.66168  
10722.58074  
10762.52725  
10793.96528  
10854.5596  
10811.57773  
10820.86927  
10823.98568  
10824.04666  
10807.86099  
10858.91679  
10860.86474  
10869.02436  
10881.98387  
10883.89598  
10906.10153  
10885.81529  
10880.75742  
10885.95578  
10871.81723  
10864.85943  
10871.94144  
10882.9284  
10891.8202  
10890.49855  
10885.00777  
10870.581  
10862.23838  
10859.1376  
10809.26265  
10827.9552  
10848.96385  
10853.14315  
10869.54446  
10843.80385  
10864.84748  
10845.12623  
10821.09539  
10827.29675  
10821.77931  
10842.53326  
10824.2415  
10863.92104  
10889.51404  
10870.83873  
10857.59152  
10842.07287  
10852.31951  
10849.26095  
10819.731  
10801.88631  
10762.32374  
10793.22179  
10789.83433  
10816.89692  
10807.88796  
10776.75576  
10792.53977  
10799.16086  
10797.63959  
10831.37848  
10827.97019  
10824.69169  
10814.39088  
10826.70292  
10830.23286  
10826.1329  
10887.61148  
10892.04453  
10900.33743  
10887.26957  
10883.8778  
10855.68575  
10831.83828  
10810.02299  
10795.37802  
10771.79715  
10798.4958  
10781.8351  
10829.0285  
10855.61801  
10856.44463  
10823.22113  
10767.87449  
10738.79441  
10743.72289  
10753.08709  
10804.53597  
10798.13131  
10693.70246  
10793.98393  
10749.80075  
10709.25267  
10811.43278  
10791.54073  
10772.62891  
10765.96222  
10760.44362  
10770.44937  
10780.42605  
10828.05187  
10796.58951  
10816.11316  
10832.57138  
10822.85721  
10790.30432  
10778.13822  
10779.69161  
10814.94534  
10800.30443  
10812.51042  
10806.58138  
10802.953  
10782.3237  
10801.88871  
10803.14555  
10798.27672  
10809.04795  
10799.27751  
10813.44872  
10770.19889  
10821.9306  
10823.6102  
10847.26747  
10836.51461  
10817.97808  
10790.57757  
10774.04671  
10713.82954  
10714.42328  
10711.6941  
10691.8289  
10722.40773  
10743.18671  
10757.60435  
10759.07939  
10776.67544  
10776.56945  
10827.12883  
10848.9369  
10854.07514  
10870.89683  
10868.7874  
10858.17548  
10843.26541  
10841.44292  
10841.61804  
10829.85163  
10845.26311  
10862.69793  
10848.72089  
10822.92498  
10791.98352  
10806.79806  
10785.13455  
10757.49333  
10778.96447  
10789.38869  
10806.18418  
10789.05225  
10831.92936  
10825.07888  
10814.39527  
10834.95392  
10856.13624  
10876.43721  
10853.99465  
10847.47798  
