10698.72082  
10626.88672  
10608.61223  
10519.41051  
10534.26636  
10500.0328  
10339.33429  
10437.90125  
10430.68869  
10479.54888  
10493.03444  
10485.5525  
10525.35192  
10552.22673  
10522.71723  
10534.94586  
10532.08163  
10601.76074  
10567.29704  
10632.78859  
10532.78456  
10561.66404  
10542.36716  
10530.78154  
10511.27873  
10512.87538  
10469.5207  
10510.04699  
10503.32291  
10473.69388  
10537.40916  
10490.15313  
10583.21649  
10544.91047  
10608.91904  
10629.28194  
10569.85556  
10587.67914  
10578.83441  
10574.66575  
10546.14198  
10573.28725  
10401.61431  
10471.97097  
10491.95725  
10523.43757  
10493.24521  
10515.3704  
10497.47201  
10499.48576  
10520.27577  
10486.07246  
10519.94069  
10487.6955  
10563.87452  
10589.92554  
10614.61242  
10636.302  
10602.14517  
10579.04835  
10583.83337  
10602.90456  
10571.89508  
10566.40585  
10567.99162  
10517.38496  
10483.07908  
10284.52077  
10540.37929  
10570.3887  
10538.45937  
10559.93671  
10574.70937  
10564.49852  
10616.5589  
10561.61955  
10582.76613  
10541.96399  
10600.19962  
10606.32291  
10458.50896  
10539.3942  
10530.12331  
10530.50112  
10545.41147  
10516.75331  
10537.13236  
10541.94989  
10491.04204  
10592.44  
10526.995  
10529.37224  
10137.47835  
10552.37691  
10502.32236  
10512.84339  
10481.38086  
10536.93114  
10546.06829  
10533.16073  
10513.45158  
10466.59546  
10511.03149  
10520.8286  
10514.72725  
10604.7636  
10327.06893  
10551.45296  
10369.69858  
10582.3796  
10499.37224  
10519.46091  
10473.93288  
10503.23811  
10453.83708  
10190.52656  
10661.08841  
10607.82743  
10593.80554  
10610.36945  
10579.81067  
10570.69796  
10562.29587  
10570.78318  
10590.1538  
10569.47821  
10563.72497  
10564.19098  
10566.30969  
10512.9905  
10504.15463  
10493.07443  
10498.36726  
10513.18286  
10524.72625  
10541.18405  
10551.95848  
10545.45315  
10491.29735  
10494.90873  
10597.62938  
10582.12991  
10599.54735  
10595.52306  
10608.28742  
10566.11931  
10542.12309  
10561.87317  
10553.25291  
10566.4042  
10532.47135  
10528.40089  
10352.01043  
10771.56631  
10674.8129  
10729.22947  
10624.88912  
10700.79366  
10666.00293  
10604.59577  
10563.17964  
10532.11014  
10508.90361  
10481.7753  
10498.95486  
10474.17533  
10489.30485  
10479.21039  
10528.05895  
10514.73052  
10567.97825  
10573.46377  
10501.44981  
10500.0791  
10538.11557  
10560.01593  
10546.42526  
10535.84456  
10503.25069  
10540.90211  
10544.66251  
10552.16937  
10576.30281  
10429.65877  
9754.464248  
10693.64184  
10178.35478  
10732.03944  
10625.66744  
10636.14651  
10570.7773  
10610.67733  
10514.83389  
10474.20393  
10428.92938  
10438.69369  
10457.46894  
10531.05454  
10525.4732  
10545.66814  
10549.32727  
10525.93836  
10521.64879  
10509.31788  
10520.49567  
10474.04761  
10518.00236  
10515.43855  
10502.78356  
10500.85911  
10518.92428  
10332.63774  
10365.27372  
10556.27227  
10613.8423  
10620.65551  
10612.68602  
10555.68721  
10547.80995  
10530.63036  
10526.91161  
10495.89639  
10557.4717  
10548.60873  
10534.74035  
10562.27332  
10551.33606  
10536.4158  
10549.66747  
10513.69846  
10520.69686  
10452.66521  
10442.79556  
10453.76613  
10496.2753  
10492.47585  
10526.88303  
10533.60085  
10559.07941  
10603.68238  
10642.75252  
10630.54161  
10507.02613  
10420.04618  
10557.04378  
10478.63469  
10490.81676  
10497.56088  
10489.77675  
10472.33082  
10464.46927  
10479.14706  
10530.24026  
10539.73147  
10563.30645  
10620.48295  
10583.51293  
10575.70017  
10665.19572  
10656.97913  
10596.7879  
10536.58239  
10605.83313  
10354.2207  
10576.14913  
10581.10232  
10622.8292  
10624.0569  
10646.46527  
10629.14991  
10615.18133  
10579.28158  
10541.5147  
10511.30371  
10537.59156  
10577.03054  
10541.98342  
10529.70691  
10536.17176  
10485.59847  
10478.45148  
10527.16354  
10279.80042  
10597.35213  
10552.32843  
10662.32941  
10699.33877  
10657.54611  
10632.92226  
10686.38398  
10642.63438  
10553.09261  
10566.00114  
10577.2526  
10550.19462  
10577.73304  
10554.73538  
10489.95806  
10474.20031  
10461.24128  
10407.00693  
10390.34813  
10441.68121  
10481.11209  
10508.25886  
10530.84644  
10532.77892  
10555.7808  
10543.40034  
10517.82157  
10519.64391  
10540.45482  
10561.94419  
10551.41649  
10538.82727  
10553.65944  
10569.22161  
10554.06529  
10519.93178  
10528.26062  
10517.16332  
10429.01146  
10521.33758  
10578.56598  
10568.97368  
10533.07117  
10528.54833  
10580.34025  
10657.7465  
10648.9385  
10672.566  
10632.05781  
10606.24069  
10540.87369  
10489.01674  
10425.32186  
10457.44045  
10415.77899  
10479.46701  
10503.60483  
10470.26096  
10510.41361  
10495.28668  
10470.32605  
10312.04271  
10447.72466  
10577.20846  
10521.97725  
10570.55135  
10567.11683  
10584.49831  
10561.64877  
10566.29218  
10540.77608  
10627.95117  
10616.72849  
10624.49195  
10573.46125  
10634.12355  
10577.08548  
10562.01451  
10495.95277  
10490.69179  
10488.0817  
10509.90761  
10495.44781  
10533.56607  
10513.9475  
10523.27942  
10567.93393  
10544.50517  
10560.7877  
10235.35261  
10579.65911  
10577.47732  
10616.67361  
10628.02079  
10597.932  
10605.28666  
10514.22025  
10448.48438  
10471.97149  
10433.46289  
10478.26169  
10508.58977  
10554.24007  
10567.73733  
10593.17869  
10586.66575  
10559.74664  
10551.91914  
10528.86824  
10521.79683  
10524.12529  
10475.64279  
10394.17688  
10435.38174  
10448.94093  
10441.2076  
10457.99695  
10426.51148  
10452.53609  
10532.20956  
10487.47175  
10487.78249  
10529.78909  
10510.17812  
10573.2627  
10536.43831  
10554.08525  
10569.19939  
10614.84554  
10607.07974  
10626.39929  
10655.13558  
10621.1123  
10567.86478  
10536.33725  
10452.51308  
10470.37662  
10493.89365  
10512.85902  
10585.9017  
10559.41035  
10574.54556  
10553.70103  
10491.26055  
10468.51098  
10512.38224  
10505.06976  
10556.05057  
10507.59694  
10594.48478  
10573.12964  
10587.48426  
10630.3382  
10598.67714  
10646.99833  
10569.22199  
10545.15551  
10546.10078  
10496.8892  
10491.21158  
10540.86357  
10525.04838  
10542.13331  
10547.5569  
10490.62183  
10506.64632  
10448.60121  
10536.97204  
10533.7807  
10536.39551  
10546.17974  
10573.36142  
10573.81052  
10590.1402  
10597.83384  
10584.22339  
10595.60887  
10609.9774  
10547.38367  
10585.71632  
10549.38217  
10524.33132  
10448.40549  
10451.3805  
10450.42621  
10435.5055  
10440.98852  
10461.06948  
10485.85966  
10560.14184  
10548.65889  
10540.08196  
10578.66868  
10572.08518  
10555.91594  
10572.06491  
10428.02422  
10550.06059  
10591.08937  
10547.81002  
10590.6769  
10595.28275  
10582.14713  
10568.78087  
10527.9451  
10537.8675  
10560.04066  
10537.44076  
10513.22239  
10519.08115  
10567.88377  
10584.08044  
10572.37664  
10583.61893  
10599.07932  
10520.21079  
10530.63348  
10531.68521  
10490.21179  
10504.29802  
10467.98878  
10451.45172  
10515.88693  
10395.47385  
10517.70653  
10491.64201  
10390.83448  
10504.34499  
10519.67116  
10549.9899  
10583.1629  
10545.53673  
10569.16018  
10545.89425  
10545.46587  
10575.31445  
10507.92776  
10575.93609  
10647.16875  
10631.38677  
10508.21499  
10551.4213  
10482.89756  
10430.20274  
10478.76189  
10489.73049  
10509.57505  
10532.21413  
10527.50407  
10508.19908  
10533.84861  
10426.17581  
10418.02175  
10478.34239  
10500.94762  
10501.70017  
10349.53382  
10639.37888  
10694.62493  
10669.32596  
10692.08148  
10652.9068  
10637.43629  
10631.8044  
10542.45027  
10463.69057  
10474.99643  
10413.2409  
10458.73002  
10426.14958  
10408.34151  
10436.24169  
10367.27291  
10446.75269  
10447.84839  
10413.71789  
10472.14096  
10468.28701  
10505.556  
10508.65206  
10536.54799  
10590.19886  
10597.33625  
10616.11045  
10619.14922  
10660.1375  
10655.07712  
10657.59942  
10671.05495  
10622.3069  
10623.56898  
10573.25417  
10586.2259  
10590.51991  
10551.45367  
10609.37209  
10558.73778  
10589.57751  
10569.91492  
10560.90489  
10578.97166  
10540.96008  
10544.44124  
10513.7182  
10489.34063  
10504.67819  
10516.67466  
10461.71989  
10437.16756  
10494.03713  
10497.16933  
10369.66587  
10501.26548  
10550.53711  
10637.4209  
10666.55788  
10637.79707  
10631.59828  
10567.1629  
10504.88138  
10463.92026  
10477.50595  
10418.40387  
10419.45372  
10431.98826  
10484.1709  
10514.3588  
10451.70024  
10521.19045  
10509.39841  
10529.2237  
10551.54809  
10509.6194  
10564.95029  
10514.92509  
10523.19717  
10522.56655  
10491.76979  
10539.81124  
10402.03575  
10480.40642  
10527.89217  
10549.52177  
10551.65161  
10605.23328  
10583.55312  
10504.51515  
10398.27487  
10421.86535  
10425.37276  
10504.90473  
10507.79792  
10488.02384  
10540.59477  
10554.92421  
10556.17495  
10588.64401  
10560.63322  
10582.51674  
10582.45317  
10598.12953  
10614.59125  
10635.96954  
10625.38572  
10619.31633  
10600.95096  
10572.3135  
10539.88336  
10531.9517  
10485.56731  
10525.02627  
10524.81617  
10457.17428  
10503.43738  
10522.53218  
10514.42954  
10591.01565  
10572.36014  
10520.04409  
10609.2591  
10639.3835  
10620.80069  
10546.44684  
10588.40125  
10629.80836  
10654.55867  
10574.3336  
10506.77144  
10520.34246  
10474.37245  
10498.02496  
10469.65954  
10537.28039  
10545.63319  
10525.80574  
10545.45448  
10520.82403  
10526.573  
10537.28327  
10486.81514  
10440.43695  
10588.08244  
10556.31569  
10576.87071  
10561.66625  
10550.53906  
10580.65068  
10473.13977  
10472.62972  
10432.65546  
10364.35042  
10450.51381  
10461.61383  
10518.06626  
10539.41452  
10647.09287  
10623.15239  
10755.65203  
10665.43662  
10321.43264  
10690.65635  
10654.77015  
10704.55323  
10680.58558  
10671.38665  
10615.65439  
10585.44391  
10533.82489  
10508.10456  
10554.10683  
10545.94808  
10549.17159  
10502.39839  
10484.31698  
10552.7087  
10552.92245  
10470.11183  
10528.9788  
10567.52117  
10562.95122  
10554.89267  
10580.08303  
10532.26246  
10521.52882  
10506.13624  
10285.42559  
10109.29292  
