7249.029014  
7213.204212  
7221.587634  
7172.541416  
7202.363383  
7228.020045  
7193.034953  
7177.379847  
7216.42029  
7166.37563  
7217.718668  
7194.248406  
7223.728701  
7231.791833  
7275.048041  
7241.097997  
7241.450729  
7279.0936  
7260.351577  
7242.429696  
7252.937705  
7318.799586  
7242.653683  
7278.915049  
7255.934708  
7221.871155  
7233.492519  
7250.323869  
7220.927273  
7239.344934  
7293.992025  
7212.014877  
7189.59356  
7205.415529  
7221.825921  
7218.933324  
7230.841626  
7244.695125  
7184.540166  
7172.539279  
7183.926639  
7169.412952  
7196.827827  
7205.866858  
7185.464144  
7180.409298  
7221.864904  
7192.280403  
7196.938074  
7229.254838  
7197.855703  
7229.400202  
7205.028985  
7225.003146  
7223.228058  
7217.524398  
7248.363703  
7213.294691  
7244.306388  
7260.7747  
7199.970151  
7223.89825  
7224.486289  
7249.098984  
7232.343447  
7251.579592  
7252.787196  
7253.117121  
7249.917348  
7275.826496  
7200.44698  
7217.718643  
7275.121438  
7226.917462  
7223.321785  
7238.611548  
7242.030913  
7245.516448  
7229.324909  
7248.082517  
7218.981506  
7245.452787  
7272.478012  
7229.619242  
7270.94756  
7268.903596  
7217.368822  
7234.389014  
7225.243733  
7204.80673  
7206.795382  
7230.288862  
7211.811957  
7200.779822  
7205.2204  
7202.793605  
7178.820846  
7242.355282  
7273.336415  
7227.060202  
7228.507156  
7220.168717  
7202.572402  
7190.25726  
7197.806626  
7173.778342  
7185.640156  
7206.100717  
7197.161386  
7179.960896  
7193.324055  
7228.004482  
7203.188784  
7214.201463  
7235.515438  
7217.71099  
7223.875422  
7233.145923  
7190.339937  
7177.632557  
7187.670342  
7212.179425  
7199.942465  
7237.071797  
7233.143912  
7238.678879  
7247.724624  
7244.994774  
7210.808933  
7225.773704  
7215.576724  
7207.056889  
7189.219943  
7222.150524  
7209.229997  
7221.107671  
7241.690864  
7263.624493  
7239.709902  
7250.60226  
7253.979702  
7198.292192  
7224.572644  
7255.604101  
7216.225471  
7248.497044  
7278.302643  
7231.376483  
7250.838141  
7261.293273  
7220.193243  
7216.179713  
7254.06912  
7257.63099  
7220.810199  
7241.509501  
7257.026082  
7196.004536  
7183.923712  
7201.193732  
7196.486673  
7177.373196  
7201.544815  
7184.903483  
7177.951837  
7186.76359  
7195.74673  
7186.259385  
7211.569566  
7262.021533  
7239.77284  
7258.096221  
7293.027603  
7260.117995  
7230.652855  
7221.649372  
7202.29672  
7156.8693  
7178.256728  
7212.079857  
7170.483484  
7175.447153  
7217.214067  
7178.503473  
7219.376164  
7249.91437  
7222.465095  
7236.261121  
7229.713607  
7203.00491  
7199.907947  
7182.423208  
7201.524076  
7152.252548  
7172.876891  
7227.944172  
7189.552463  
7225.157111  
7252.544931  
7217.403593  
7192.775761  
7210.668934  
7231.156088  
7176.833212  
7202.937531  
7229.828103  
7175.509524  
7170.708734  
7215.695186  
7185.063389  
7187.067002  
7225.802549  
7196.209476  
7196.15797  
7221.22969  
7199.732611  
7167.730349  
7192.577014  
7198.491319  
7166.745803  
7187.922747  
7188.019097  
7150.075351  
7167.884648  
7156.398953  
7141.24928  
7105.98083  
7132.688045  
7094.66977  
7100.045674  
7237.143601  
7226.654516  
7223.380499  
7217.517499  
7236.241698  
7233.681676  
7252.261672  
7269.433866  
7213.899179  
7253.672492  
7246.705301  
7208.56129  
7195.840308  
7218.087986  
7154.455056  
7278.151215  
7252.02247  
7230.474814  
7283.404945  
7289.670076  
7277.579495  
7270.887669  
7279.978408  
7278.72534  
7252.765291  
7231.758851  
7222.247886  
7216.762993  
7217.388561  
7282.564876  
7260.311105  
7245.74742  
7273.500542  
7274.588865  
7235.421732  
7253.646068  
7250.543097  
7247.489958  
7238.782097  
7244.421138  
7255.330562  
7247.698093  
7235.420603  
7252.693844  
7235.196369  
7213.275358  
7264.49884  
7255.661088  
7254.029586  
7256.305649  
7256.796614  
7254.297764  
7216.712261  
7242.145956  
7260.518553  
7252.54961  
7251.805535  
7269.795582  
7276.677574  
7251.83998  
7258.435354  
7268.752326  
7225.421618  
7228.351997  
7256.79928  
7234.336002  
7233.911598  
7275.244411  
7237.765051  
7272.116957  
7270.033919  
7250.876788  
7232.640312  
7239.784293  
7222.496859  
7238.105875  
7268.598248  
7259.055869  
7247.60176  
7264.399344  
7273.833827  
7262.332571  
7269.247085  
7265.576013  
7261.321962  
7256.634521  
7253.550619  
7264.891858  
7230.480221  
7229.3974  
7241.083849  
7250.628128  
7240.895687  
7255.593009  
7241.663745  
7212.678173  
7263.084557  
7276.245088  
7245.38069  
7258.068806  
7264.314014  
7213.454232  
7211.814429  
7209.850439  
7205.207837  
7194.251904  
7206.93477  
7219.784519  
7202.365392  
7197.775248  
7224.17938  
7242.614956  
7213.423215  
7222.018431  
7233.727887  
7181.919068  
7173.413394  
7201.736852  
7185.179472  
7194.022622  
7228.53965  
7221.205813  
7211.531611  
7221.969486  
7247.532706  
7203.617835  
7181.086538  
7210.155073  
7225.858957  
7183.275011  
7230.356962  
7215.260619  
7190.273379  
7200.766438  
7194.892866  
7183.241656  
7164.884775  
7198.226579  
7194.919342  
7161.138788  
7197.732311  
7195.588972  
7195.379145  
7216.437632  
7222.700532  
7236.765827  
7210.399954  
7235.905967  
7267.97078  
7200.81423  
7228.393674  
7231.091118  
7198.544949  
7229.93016  
7230.154897  
7225.943698  
7215.324324  
7213.842434  
7219.122896  
7227.379136  
7210.667898  
7247.521952  
7198.853903  
7199.063642  
7229.609789  
7223.680059  
7204.767886  
7208.962312  
7204.527341  
7205.388  
7202.957186  
7205.23508  
7198.863485  
7210.28188  
7195.650713  
7224.438945  
7229.508229  
7250.673682  
7253.183481  
7227.746459  
7249.206422  
7290.180991  
7247.811849  
7243.697048  
7249.63328  
7245.428226  
7246.489632  
7247.151632  
7249.841361  
7235.535492  
7239.314056  
7238.929767  
7242.53414  
7208.13913  
7256.673489  
7239.650812  
7211.340989  
7233.66651  
7236.351995  
7208.087089  
7237.652885  
7243.291956  
7273.994671  
7237.496039  
7222.143359  
7255.010563  
7227.582227  
7198.192858  
7210.235707  
7254.304744  
7223.739085  
7280.275472  
7283.9143  
7261.732637  
7262.387004  
7267.953498  
7217.205192  
7215.135652  
7211.564616  
7214.143191  
7202.175486  
7229.711482  
7204.127618  
7215.890306  
7204.254118  
7228.913551  
7230.858778  
7201.923085  
7216.99425  
7240.06231  
7215.699228  
7228.797273  
7266.252037  
7234.385494  
7236.2033  
7212.17575  
7187.171959  
7200.431157  
7201.338469  
7198.492593  
7216.995839  
7206.995069  
7194.729118  
7226.384687  
7244.596457  
7243.795601  
7232.415701  
7246.62056  
7235.222192  
7223.00848  
7244.502179  
7234.430219  
7230.59966  
7195.295341  
7228.580282  
7238.015915  
7209.034742  
7234.060582  
7251.176698  
7245.860919  
7253.717884  
7269.2791  
7254.714745  
7226.892785  
7254.74284  
7244.077561  
7252.93234  
7249.411967  
7266.631338  
7237.697834  
7224.2674  
7226.501207  
7221.634631  
7187.37163  
7232.009637  
7221.449478  
7213.100297  
7241.737996  
7257.327925  
7245.183915  
7249.317884  
7285.940516  
7281.219091  
7244.54194  
7252.79569  
7259.118311  
7210.277474  
7225.374766  
7264.878832  
7240.110539  
7237.025976  
7239.394381  
7203.402136  
7197.533876  
7189.525093  
7193.879107  
7191.673439  
7209.563427  
7234.710492  
7220.598293  
7181.151088  
7219.544891  
7249.14633  
7247.969659  
7230.684512  
7201.005179  
7214.764081  
7218.637968  
7183.121585  
7174.227768  
7178.696293  
7193.019229  
7197.515383  
7201.443788  
7214.389914  
7213.008433  
7210.342696  
7239.570245  
7216.157859  
7221.921656  
7255.821803  
7221.131553  
7225.514166  
7237.54715  
7232.523662  
7221.613488  
7265.333747  
7248.917962  
7266.236347  
7299.56015  
7287.151141  
7280.677517  
7300.490201  
7286.558012  
7258.688662  
7250.743234  
7271.779288  
7259.455687  
7273.616349  
7288.54198  
7269.623364  
7281.220575  
7313.887598  
7298.519686  
7297.131189  
7317.750424  
7302.476565  
7278.63803  
7298.468121  
7290.478479  
7265.400837  
7303.000685  
7331.364526  
7312.008501  
7339.093698  
7115.18427  
7171.861816  
7136.332955  
7134.047031  
7138.798682  
7159.357296  
7164.878159  
7131.890103  
7128.870521  
7147.615032  
7123.629537  
7121.343603  
7131.444938  
7121.996964  
7161.233035  
7133.232509  
7167.46623  
7191.455846  
7196.908681  
7220.603213  
7204.341419  
7224.157122  
7229.488802  
7230.615208  
7224.098669  
7221.014125  
7238.250717  
7188.427825  
7204.118706  
7225.306505  
7187.130609  
7216.034211  
7209.927711  
7219.345805  
7253.577982  
7255.657117  
7247.616277  
7245.528535  
7264.4373  
7252.428712  
7255.138135  
7240.389353  
7204.300795  
7243.868326  
7217.106018  
7213.520138  
7276.91858  
7157.510334  
7133.672862  
7203.37886  
7186.651574  
7193.843248  
7178.406646  
7135.186596  
7135.849525  
7153.909536  
7189.765323  
7191.132636  
7206.843614  
7257.270393  
7234.111294  
7229.80086  
7258.031929  
7239.707107  
7198.385458  
7239.673676  
7244.479721  
7215.642156  
7236.134911  
7240.696888  
7227.895997  
7230.944772  
7219.603663  
7196.463339  
7203.359583  
7226.79349  
7196.671511  
7227.265168  
7227.350712  
7200.570643  
7206.265277  
7222.684654  
7196.610783  
7206.878964  
7223.685377  
7203.542724  
7199.670271  
7213.508407  
7253.178598  
7232.638951  
7274.372193  
7269.723967  
7232.9315  
7276.802605  
7268.317782  
7237.512802  
7236.308816  
7215.32426  
7196.4776  
7182.177846  
7197.935567  
7210.294232  
7195.703325  
7210.995524  
7174.576951  
7179.984011  
7197.755509  
7207.097358  
7183.619247  
7195.27284  
7199.214216  
7191.936066  
7210.733474  
7233.5255  
7186.43866  
7191.195807  
7198.314629  
7197.422967  
7210.396554  
7213.006401  
7239.365457  
7239.36707  
7232.086643  
7270.039541  
7232.975044  
7250.616359  
7245.714709  
7223.887984  
7192.608996  
7215.722733  
7209.83362  
7196.892697  
7207.760764  
7239.744866  
7202.917636  
7222.969276  
7258.037016  
7219.539533  
7237.462971  
7257.672533  
7239.811959  
7225.100902  
7211.178378  
7220.007503  
7219.692921  
7256.534674  
7248.576152  
7229.181665  
7257.232322  
7261.257398  
7239.199563  
7268.958867  
7267.56762  
7231.115199  
7217.879003  
7245.75413  
7211.313271  
7227.652447  
7230.605305  
7180.605963  
7207.962137  
7155.673034  
7180.996304  
7165.833519  
7216.210589  
7195.892809  
7184.776577  
7222.552169  
7246.856712  
7223.475382  
7242.590992  
7255.486683  
7230.546864  
7226.731938  
7233.616136  
7222.022105  
7195.581223  
7202.19198  
7236.0232  
7212.617411  
7226.351452  
7254.429856  
7213.515498  
7231.772596  
7260.309999  
7233.056643  
7222.139015  
7245.572639  
7244.514734  
7228.542828  
7250.728157  
7260.594656  
7217.629875  
7210.738024  
7232.12359  
7211.808425  
7209.137442  
7208.078553  
7225.963642  
7192.580693  
7215.051966  
7254.949888  
7218.851902  
