10611.2513  
10569.0765  
10357.65876  
10397.13025  
10413.12442  
10438.09624  
10270.48307  
10341.73368  
10340.34568  
10274.11389  
10192.66176  
10344.79178  
10136.80685  
10369.77683  
10291.78004  
10317.481  
10165.48544  
10232.42799  
10220.00444  
10101.09526  
10122.05036  
10079.25005  
10237.77407  
10298.78683  
10226.55666  
10178.61091  
10243.99872  
10209.99679  
10202.37377  
10168.87753  
10154.31666  
10109.72784  
10100.51395  
10210.89316  
10176.1174  
10167.57975  
10210.1825  
10226.08464  
10209.4249  
10244.91006  
10247.14374  
10189.80199  
10257.28785  
10287.13753  
10311.46129  
10311.42522  
10334.49635  
10406.42892  
10382.81908  
10396.21677  
10390.1908  
10360.56882  
10421.42294  
10328.23098  
10424.225  
10432.25997  
10385.77923  
10367.08547  
10462.15558  
10436.37846  
10366.78276  
10341.02327  
10373.59652  
10395.46075  
10460.09833  
10361.53911  
10325.9002  
10415.97026  
10303.46817  
10338.68069  
10311.92834  
10211.27702  
10275.35333  
10286.97238  
10306.57559  
10370.44108  
10270.39602  
10323.28764  
10125.69089  
10261.1752  
10270.46322  
10234.61695  
10344.13428  
10250.01607  
10338.16295  
10235.80611  
10330.14395  
10250.09508  
10208.37323  
10244.97956  
10266.2853  
10252.30097  
10234.24519  
10294.30445  
10258.61014  
10245.84547  
10256.23819  
10262.98433  
10322.506  
10245.30248  
10337.108  
10249.91674  
10289.78278  
10244.90788  
10297.39  
10236.67906  
10336.05457  
10228.25072  
10244.6054  
10242.84654  
10291.66646  
10209.91216  
10223.64774  
10235.03223  
10217.00053  
10271.17569  
10142.64946  
10256.12574  
10221.86816  
10263.82747  
10220.65971  
10359.52197  
10306.07906  
10310.7995  
10349.86007  
10307.85712  
10308.23493  
10271.54781  
10337.30794  
10281.54309  
10316.01028  
10246.53843  
10342.52788  
10287.86751  
10307.63425  
10259.88216  
10337.64276  
10219.45805  
10276.37265  
10251.75346  
10236.60642  
10232.59517  
10273.58477  
10212.00956  
10250.96038  
10232.21454  
10307.09687  
10229.11382  
10329.73935  
10219.74237  
10301.0588  
10214.12514  
10261.16792  
10300.88532  
10378.66753  
10352.25088  
10389.69896  
10354.16915  
10253.98033  
10301.149  
10179.23742  
10226.66002  
10135.66385  
10209.6935  
10156.46698  
10142.44043  
10112.88667  
10152.47445  
10078.81227  
10163.79757  
10187.49242  
10302.14342  
10225.36761  
10304.20854  
10174.8265  
10376.22003  
10261.07261  
10333.97686  
10246.88946  
10348.76693  
10312.41792  
10417.89953  
10330.37956  
10446.76132  
10315.60156  
10337.81508  
10258.70399  
10400.8394  
10388.13358  
10403.76249  
10401.66767  
10341.92278  
10378.75251  
10335.67081  
10385.50686  
10337.22387  
10365.89169  
10355.30369  
10346.53895  
10310.33366  
10338.07394  
10414.54467  
10453.3717  
10380.25802  
10349.50735  
10285.94489  
10247.68748  
10225.50428  
10226.55704  
10208.90441  
10277.27193  
10267.44531  
10341.08759  
10275.11754  
10298.02455  
10297.60619  
10310.50735  
10304.1406  
10393.47926  
10334.01565  
10313.87005  
10304.63853  
10374.19329  
10320.74823  
10343.79599  
10237.54848  
10313.73479  
10280.09787  
10291.08803  
10397.38458  
10405.28697  
10369.12367  
10333.60861  
10301.9435  
10332.7115  
10298.41976  
10351.89858  
10278.82457  
10359.09324  
10261.41427  
10331.83201  
10320.53167  
10382.86656  
10283.31434  
10311.83131  
10270.45952  
10342.01679  
10198.26058  
10293.31652  
10309.77316  
10395.86165  
10314.37905  
10348.77465  
10316.10305  
10339.28025  
10307.69234  
10286.63949  
10245.79097  
10302.10484  
10253.06741  
10312.74877  
10275.21994  
10344.64111  
10277.04385  
10281.93201  
10268.18273  
10258.96233  
10290.12521  
10308.28162  
10321.36128  
10322.70896  
10413.70564  
10322.486  
10392.80029  
10375.15888  
10313.40439  
10330.94308  
10337.64467  
10379.92427  
10302.55234  
10422.28492  
10334.02665  
10394.16646  
10305.47647  
10332.86172  
10292.06364  
10290.36305  
10316.63553  
10338.85077  
10333.42269  
10264.23863  
10304.86668  
10300.40544  
10304.522  
10346.21359  
10255.49688  
10316.58531  
10229.56396  
10252.85096  
10217.43271  
10182.01858  
10228.32168  
10146.42787  
10242.60372  
10236.7799  
10245.57754  
10192.55139  
10242.91613  
10198.41948  
10159.9954  
10232.54225  
10171.72933  
10169.00886  
10128.79174  
10297.03992  
10213.51611  
10303.76674  
10201.14581  
10219.35168  
10191.89446  
10314.31117  
10319.01476  
10295.34396  
10269.23379  
10381.76553  
10369.68025  
10329.12521  
10354.49928  
10394.29162  
10290.94687  
10261.83064  
10280.10386  
10308.28309  
10342.19668  
10241.1396  
10320.85056  
10266.28344  
10340.00381  
10286.82352  
10293.32829  
10167.78978  
10063.2443  
10082.39374  
10193.15741  
10165.94224  
10213.22963  
10231.3567  
10192.75216  
10289.6666  
10177.00444  
10295.41048  
10276.68524  
10340.76544  
10237.75367  
10249.53504  
10266.00618  
10302.88637  
10330.10459  
10269.43566  
10286.48975  
10220.94257  
10250.08968  
10243.50937  
10190.97872  
10296.55862  
10233.24784  
10245.27818  
10203.2962  
10271.33977  
10212.82901  
10264.24375  
10213.16025  
10156.45031  
10285.02997  
10304.44152  
10324.64734  
10315.46105  
10338.50904  
10352.31845  
10291.41034  
10316.09652  
10240.1785  
10213.07182  
10297.19145  
10260.84496  
10282.69203  
10259.55104  
10299.74747  
10218.29643  
10287.19738  
10261.99347  
10303.86693  
10352.30978  
10261.27969  
10466.1456  
10366.42164  
10361.20838  
10329.31941  
10247.07603  
10215.07371  
10259.92799  
10293.37849  
10282.61379  
10231.18713  
10272.56434  
10300.71473  
10342.62563  
10356.82933  
10318.80662  
10314.85624  
10228.5877  
10274.8225  
10236.84926  
10265.78788  
10285.33901  
10274.61647  
10296.88981  
10270.15955  
10190.36902  
10191.11863  
10297.25625  
10287.74263  
10368.9086  
10332.40051  
10365.41692  
10318.41609  
10365.62805  
10343.80785  
10246.44943  
10266.22959  
10244.76607  
10243.62667  
10266.22633  
10229.45698  
10312.82487  
10263.31017  
10334.56378  
10262.24698  
10331.53409  
10237.92797  
10318.76414  
10310.91162  
10341.33673  
10357.13888  
10385.71043  
10436.05648  
10384.22812  
10327.67634  
10331.73796  
10238.79181  
10196.65358  
10233.91695  
10247.64772  
10276.19913  
10228.24254  
10230.16597  
10238.21633  
10361.57692  
10312.78099  
10422.87165  
10300.55769  
10430.67622  
10322.80225  
10338.60177  
10294.53613  
10204.31778  
10118.3281  
10230.5844  
10079.58161  
10148.7178  
10174.58668  
10239.56331  
10217.5  
10252.29278  
10282.20747  
10276.19106  
10267.20278  
10268.66267  
10278.41643  
10273.13467  
10214.56775  
10289.31197  
10296.27846  
10324.39365  
10287.63546  
10263.32796  
10199.30171  
10307.10654  
10284.63263  
10264.59335  
10325.2427  
10273.62453  
10319.47756  
10264.61077  
10273.60196  
10293.38553  
10244.58854  
10306.80592  
10200.10205  
10291.13211  
10201.64676  
10266.20959  
10265.96547  
10258.87498  
10254.09435  
10205.13065  
10286.45773  
10242.9246  
10317.67315  
10287.18987  
10296.11856  
10239.60547  
10300.85998  
10226.38595  
10438.773  
10343.00374  
10346.91809  
10215.77432  
10304.97824  
10279.52023  
10299.70524  
10270.86981  
10229.51874  
10351.02813  
10267.30255  
10293.47159  
10313.22489  
10265.05113  
10334.96926  
10269.77609  
10357.98556  
10336.34196  
10289.02116  
10321.98786  
10279.7919  
10399.62405  
10309.9688  
10327.22219  
10389.25811  
10306.6695  
10392.39755  
10347.21984  
10368.15783  
10364.79553  
10295.92755  
10349.64683  
10305.25577  
10303.59328  
10352.24047  
10224.12651  
10343.97745  
10260.21896  
10318.03723  
10231.31271  
10307.4149  
10307.70894  
10225.56769  
10304.66181  
10272.15279  
10264.48742  
10259.19243  
10339.20819  
10347.06864  
10320.74621  
10281.33305  
10175.52681  
10168.20238  
10198.47031  
10207.27318  
10259.06736  
10232.46315  
10326.15369  
10276.13114  
10237.09466  
10306.25863  
10207.72405  
10304.80994  
10195.47161  
10206.81485  
10220.07538  
10208.64302  
10266.64123  
10305.87405  
10331.25849  
10264.85498  
10284.71224  
10170.73579  
10194.8039  
10139.27834  
10269.52481  
10243.3654  
10349.40453  
10322.104  
10361.79885  
10291.13074  
10310.12898  
10300.11189  
10315.51081  
10397.62051  
10364.90409  
10378.52337  
10412.18657  
10364.59224  
10400.09326  
10357.19792  
10366.3743  
10415.29102  
10332.16146  
10359.71791  
10264.28702  
10268.13421  
10347.89393  
10267.27567  
10332.53253  
10269.27418  
10344.68357  
10248.44306  
10288.2653  
10312.80978  
10267.09473  
10268.86149  
10217.86454  
10292.0366  
10227.02837  
10317.75532  
10287.93964  
10275.14916  
10327.12558  
10258.92945  
10331.51821  
10288.37302  
10245.77632  
10221.30271  
10265.96359  
10205.82501  
10309.39  
10299.77248  
10329.96975  
10253.18178  
10362.02318  
10279.8527  
10343.25751  
10335.83066  
10281.81329  
10359.97703  
10281.48251  
10325.5283  
10229.7929  
10281.11882  
10195.91044  
10285.42432  
10279.22552  
10298.32117  
10342.27262  
10299.01007  
10366.59349  
10266.65618  
10240.42994  
10231.56855  
10185.14467  
10169.85284  
10241.64576  
10276.37572  
10204.54143  
10280.14716  
10375.03895  
10300.49577  
10335.33743  
10263.44989  
10341.03269  
10275.69957  
10214.33517  
10312.26446  
10285.71338  
10334.47214  
10287.45831  
10320.6898  
10261.10345  
10210.766  
10252.08926  
10249.36147  
10275.67332  
10265.2999  
10273.02502  
10331.09452  
10294.9864  
10307.32915  
10322.91767  
10286.76356  
10266.86228  
10195.85305  
10221.9864  
10249.00279  
10218.77904  
10290.50665  
10325.23496  
10276.20215  
10321.12823  
10312.16237  
10368.21735  
10334.40109  
10366.41557  
10318.56638  
10293.50939  
10267.45652  
10268.97593  
10231.02623  
10338.40379  
10317.96515  
10352.53041  
10397.76646  
10297.15232  
10310.38523  
10256.48547  
10304.42894  
10252.13602  
10263.43369  
10333.87328  
10245.74216  
10327.78344  
10309.01095  
10330.19457  
10219.99891  
10321.87023  
10341.99121  
10284.20889  
10327.94185  
10322.61737  
10314.05762  
10255.12158  
10263.74028  
10265.68194  
10279.91018  
10257.8956  
10254.59328  
10349.25972  
10264.23984  
10285.26077  
10295.41927  
10277.73135  
10244.44373  
10231.92048  
10209.38363  
10248.34082  
10217.81662  
10224.57436  
10259.19366  
10265.09277  
10279.41216  
10244.63411  
10285.24847  
10269.77513  
10311.78809  
10350.36868  
10402.85858  
