9138.806334  
9255.131129  
9219.395575  
9234.910281  
9187.23918  
9170.157476  
9150.738967  
9140.956507  
9113.064583  
9072.678649  
9029.054786  
9023.197375  
9007.12686  
8978.906967  
8986.112076  
8947.011184  
8939.716049  
8926.492307  
8854.82599  
8872.424727  
8854.024289  
8855.600155  
8851.166738  
8844.339605  
8844.637851  
8809.414987  
8836.033577  
8841.514887  
8811.333823  
8820.017152  
8812.56784  
8792.248343  
8829.769521  
8785.247595  
8807.700974  
8798.268175  
8741.11259  
8790.347599  
8765.71795  
8765.827252  
8763.449385  
8795.909419  
8772.369281  
8727.0868  
8746.785084  
8749.166182  
8785.346758  
8730.445577  
8752.425968  
8758.305337  
8741.622096  
8775.46808  
8772.707561  
8784.689235  
8764.694798  
8769.19111  
8782.340457  
8797.581086  
8745.333221  
8790.385233  
8789.02818  
8808.95031  
8864.749309  
8799.493502  
8850.311321  
8802.852155  
8839.377249  
8817.935588  
8724.219332  
8815.895612  
8766.930404  
8733.450912  
8799.854077  
8780.501366  
8767.494852  
8819.539042  
8857.423683  
8830.733559  
8890.751086  
8900.091948  
8890.766305  
8915.227482  
8903.347173  
8889.466688  
8944.444487  
8946.613749  
8930.161761  
8930.474464  
8997.692165  
8968.584208  
8983.310734  
9021.059274  
8997.65505  
9027.687884  
9008.888287  
8983.073149  
9068.009376  
8997.880039  
8997.337896  
9037.11779  
9030.743834  
9006.3404  
9060.425797  
9070.942492  
8974.27966  
9047.10336  
9012.961914  
8991.69778  
9007.792366  
8962.809887  
8928.36939  
8934.852809  
8865.564869  
8899.724298  
8890.382761  
8874.482952  
8871.871405  
8930.101168  
8886.546917  
8897.0215  
8922.095838  
8904.637098  
8944.447894  
8943.08508  
8927.800558  
8972.077621  
8930.224672  
8931.271022  
8975.164156  
8959.757475  
8904.267568  
8962.084031  
8950.271791  
8924.49974  
8955.143804  
8974.76389  
8919.437536  
8909.902401  
8981.649565  
8924.70338  
8907.812443  
8937.59148  
8954.329689  
8993.886386  
8989.323175  
9066.883046  
9076.674254  
9052.504239  
9083.187261  
9061.442591  
9059.714267  
9023.607406  
9052.519173  
9040.736915  
9059.935027  
9048.954237  
8995.447557  
8957.286917  
8990.569533  
8912.593755  
8908.68751  
8902.155149  
8914.955712  
8873.268996  
8883.93936  
8956.101651  
8944.005194  
8917.282273  
8968.467877  
8983.288927  
8961.411408  
8953.402827  
8989.808251  
8946.300553  
8964.644931  
8947.831211  
8927.955182  
8926.21594  
8899.982604  
8938.472672  
8882.672971  
8863.812957  
8909.687942  
8912.91614  
8850.740577  
8891.203104  
8909.503532  
8922.767142  
8901.723789  
8921.285935  
8897.14838  
8906.605573  
8929.900806  
8979.104108  
8938.660187  
8945.603542  
8936.688217  
8963.990479  
8974.002452  
8971.15224  
9031.639887  
9026.440253  
9053.068578  
9050.198071  
9015.890376  
9033.851261  
9031.352321  
9042.245979  
9023.151549  
9005.079122  
8976.996094  
8966.39449  
8975.85057  
9006.641098  
9029.610102  
9003.961763  
8989.075263  
9008.361224  
8980.973461  
8981.020118  
8967.909039  
9020.483082  
8993.178945  
8993.562858  
9011.452393  
8970.811461  
8958.88487  
8925.553311  
8933.867499  
8951.847204  
8970.603396  
8911.873971  
8932.317918  
8897.241201  
8920.172348  
8881.798465  
8860.016155  
8879.679298  
8887.964953  
8875.506119  
8916.271822  
8926.513147  
8917.885254  
8894.370076  
8878.995424  
8927.267007  
8926.86966  
8916.853568  
8983.775011  
8945.192456  
8935.832623  
8959.6055  
8988.958107  
9013.602627  
8973.500187  
8968.102892  
8941.206185  
8937.171828  
8916.118372  
8972.093594  
8975.304584  
8912.694346  
8900.106217  
8896.747766  
8887.480697  
8869.845355  
8850.043488  
8934.216709  
8924.17588  
8935.676483  
8969.315918  
9002.838052  
8939.650572  
8953.418639  
8926.305898  
8915.241252  
8851.577533  
8887.83828  
8900.318032  
8954.947723  
8952.581522  
8951.108762  
8938.474604  
8932.480936  
8899.024726  
8959.047181  
8937.742629  
8915.681776  
8893.734848  
8904.918774  
8934.89956  
8926.050288  
8912.805623  
8914.133311  
8906.675916  
8883.52084  
8882.838711  
8869.86245  
8899.286793  
8883.150765  
8880.301716  
8881.863499  
8912.036289  
8842.201354  
8886.539431  
8893.98385  
8838.486448  
8886.306298  
8905.479996  
8852.483497  
8889.911528  
8893.956974  
8873.157258  
8847.844706  
8861.001101  
8878.329102  
8844.575834  
8833.27671  
8887.514394  
8835.708756  
8879.757075  
8902.03299  
8889.710657  
8916.355687  
8933.625706  
8957.830805  
8931.720537  
8933.699416  
8897.23824  
8899.99733  
8877.33052  
8906.202481  
8945.295504  
8923.484183  
8934.464979  
8963.11098  
9036.487398  
9014.867832  
9032.99012  
8996.50681  
8955.940861  
8949.210969  
8963.572183  
8950.447982  
8984.276455  
9027.383898  
9027.266113  
9004.313887  
8994.940025  
8998.533182  
8987.723363  
8954.96554  
8941.653907  
8995.266009  
8990.791629  
8977.200169  
8990.008789  
8974.040003  
8933.208164  
8889.961691  
8917.150926  
8971.922623  
8937.970984  
8940.700974  
8908.245569  
8891.699229  
8916.705338  
8911.124725  
8885.319907  
8913.045415  
8930.358752  
8899.946445  
8923.359567  
8914.796153  
8936.083132  
8896.296319  
8897.308469  
8923.461987  
8908.661133  
8905.776461  
8896.890802  
8946.068162  
8897.471139  
8906.564879  
8924.890308  
8933.327881  
8907.076213  
8952.790865  
8959.020336  
8939.040844  
8961.652245  
8997.437895  
9024.168228  
8987.736276  
9003.033987  
8994.685968  
8951.524809  
8940.399518  
8938.230713  
8981.112398  
8989.981814  
8968.830618  
8994.181028  
8954.930228  
8979.690539  
8897.62245  
8900.856217  
8949.965332  
8944.240411  
8917.158089  
8920.683838  
8938.072234  
8939.308531  
8915.519459  
8920.029271  
8947.876366  
8957.692746  
8933.717893  
8958.628865  
8979.448284  
9005.265822  
9013.339288  
9004.503153  
9027.680877  
9007.280834  
8946.933526  
8973.427142  
8929.071305  
8885.177958  
8924.910084  
8918.40518  
8928.774035  
8909.60391  
8897.788476  
8914.072868  
8918.403362  
8870.177937  
8905.969415  
8873.95994  
8882.532725  
8881.381561  
8869.191614  
8916.214117  
8848.448528  
8845.446273  
8893.612585  
8906.214267  
8863.681703  
8884.906556  
8935.971659  
8931.837527  
8881.29621  
8893.643373  
8913.479305  
8889.265365  
8879.886532  
8886.197437  
8896.953535  
8927.577912  
8906.716361  
8933.932394  
8989.613411  
8974.726469  
8963.411959  
8983.604414  
9013.500493  
9018.135088  
8950.679532  
8968.512404  
8976.107173  
8938.972443  
8953.584249  
8965.102212  
8962.385742  
8939.804506  
8944.854767  
8952.110326  
8943.070905  
8958.71421  
8942.467768  
8929.660016  
8911.654567  
8915.213852  
8885.714174  
8889.066734  
8909.97811  
8928.024222  
8925.070858  
8914.242712  
8918.110502  
8915.336171  
8968.255911  
9000.812422  
8952.712875  
8957.65572  
8983.220563  
8978.982131  
8953.291909  
8947.792397  
8926.207582  
8924.216059  
8876.515843  
8897.103074  
8936.773365  
8913.012997  
8906.182773  
8945.468059  
8933.589314  
8900.45286  
8911.541691  
8932.904951  
8942.978271  
8963.451671  
8992.864154  
9012.736785  
9029.539275  
9042.639254  
9012.77966  
8945.809565  
8956.693952  
8994.952663  
8947.510659  
8911.997881  
8889.263173  
8873.571637  
8866.510721  
8860.167122  
8878.614575  
8909.16039  
8870.321003  
8895.265126  
8878.77819  
8908.364024  
8893.140506  
8881.107115  
8919.080883  
8873.514622  
8902.855183  
8962.611738  
8938.358518  
8957.61271  
9009.680498  
8973.850929  
8964.1799  
8890.849121  
8912.52216  
8930.698741  
8935.571616  
8943.230069  
8972.280299  
8990.719353  
8933.558485  
8952.986827  
8953.24733  
8964.802199  
8923.457218  
8913.010368  
8912.684331  
8894.376304  
8869.483466  
8900.618138  
8921.057477  
8929.787431  
8930.25614  
8989.503444  
8961.419241  
8969.508207  
8989.116429  
9000.145643  
9011.91065  
9014.443365  
8998.214683  
9012.088789  
9001.642381  
9009.272596  
8974.849656  
8970.464137  
8946.34202  
8946.570115  
8926.78779  
8892.271214  
8897.277536  
8928.623696  
8908.496052  
8897.709935  
8920.529873  
8975.31409  
8996.959551  
9035.793462  
9049.972085  
9012.871811  
8981.836924  
8966.053041  
8974.676571  
8996.413174  
8943.716937  
8956.162431  
8985.006519  
8955.387056  
8951.829029  
8946.911616  
8918.979783  
8900.998925  
8910.296563  
8909.776549  
8930.73531  
8911.005807  
8892.038688  
8922.001621  
8884.620455  
8864.959119  
8866.800064  
8863.694201  
8859.574089  
8849.897357  
8824.564988  
8823.133488  
8848.413346  
8827.514134  
8820.103651  
8822.376283  
8903.173252  
8920.717747  
8958.110653  
8880.701613  
8917.162644  
8842.056578  
8883.393991  
8889.187349  
8927.661112  
8958.168317  
8957.197411  
8973.005324  
8989.364679  
9019.44151  
9010.189412  
8992.698637  
8976.147149  
8995.374252  
8980.845952  
8946.339891  
8971.690663  
8934.84816  
8910.174488  
8870.476822  
8900.306573  
8893.289951  
8840.133633  
8878.145269  
8913.564645  
8921.403616  
8935.02965  
8909.644864  
8903.785219  
8918.015438  
8936.157632  
8933.892937  
8938.811601  
8924.121333  
8926.563274  
8923.242458  
8958.773422  
8969.34722  
8943.767163  
8909.836514  
8929.378273  
8959.543862  
8961.787759  
8934.430804  
8955.22168  
8935.413605  
8938.16252  
8923.995289  
8901.303181  
8900.443754  
8924.515646  
8941.722667  
8913.384573  
8932.554713  
8939.559981  
8923.157575  
8942.278383  
8928.649331  
8903.664987  
8857.854383  
8869.78072  
8925.107967  
8965.955187  
8935.491377  
8914.315404  
8918.03538  
8931.307508  
8920.638423  
8901.784424  
8865.62352  
8860.127914  
8913.100217  
8873.916281  
8885.586031  
8951.061222  
9011.384122  
9002.216059  
8929.436471  
8971.006036  
8971.345901  
8961.00708  
8933.326084  
8916.98116  
8931.995003  
8935.660224  
8908.238801  
8885.692476  
8888.846139  
8885.968605  
8872.362211  
8868.929449  
8880.694777  
8915.362663  
8934.315767  
8877.139072  
8890.899674  
8885.346737  
8914.937443  
8830.18818  
8885.6258  
8921.155881  
8950.742084  
8981.404422  
8971.710325  
8951.362159  
8966.59601  
9035.462013  
8930.691074  
8941.991476  
8943.887669  
8975.293306  
8946.764815  
8973.902141  
9017.432015  
