5769.628155  
5536.920509  
5477.797129  
5653.749723  
5413.668384  
5569.359039  
5485.989878  
5495.812181  
5533.328428  
5505.267367  
5481.684375  
5539.853422  
5540.338919  
5493.268536  
5477.964175  
5573.158677  
5593.302842  
5388.676185  
5428.057237  
5540.769994  
5477.662433  
5493.727614  
5549.727483  
5434.292262  
5622.684606  
5063.708555  
5535.594593  
5525.293246  
5464.297056  
5540.880219  
5468.557049  
5489.875815  
5394.31743  
5544.018745  
5436.243138  
5381.133385  
5513.448979  
5452.48573  
5397.979436  
5440.58752  
5589.29148  
5389.027212  
5481.210078  
5437.118342  
5448.11011  
5439.164112  
5405.461092  
5563.5869  
5438.494044  
5484.093999  
5490.015435  
5457.481858  
5460.003627  
5423.691341  
5486.851445  
5498.006411  
5491.990223  
5468.324029  
5423.760376  
5452.020513  
5517.507561  
5504.350302  
5501.758197  
5525.035231  
5492.799833  
5563.528637  
5358.714191  
5409.131672  
5570.740309  
5555.761583  
5470.811293  
5534.468788  
5467.382099  
5483.058589  
5532.322801  
5540.33389  
5559.73796  
5356.165145  
5590.954757  
5446.680122  
5553.882219  
5570.790098  
5546.126031  
5523.669908  
5466.94589  
5392.135214  
5521.008197  
5552.739631  
5428.758146  
5506.944082  
5524.003294  
5562.645369  
5371.994141  
5455.581867  
5547.100499  
5581.389501  
5389.095006  
5495.750164  
5473.666048  
5510.249925  
5559.316972  
5556.549011  
5392.739436  
5507.126906  
5423.467619  
5561.406891  
5490.318277  
5510.104201  
5450.519743  
5565.643034  
5528.204576  
5587.569  
5667.829149  
5455.293222  
5533.499934  
5571.126742  
5538.890231  
5482.468311  
5507.033856  
5543.99796  
5464.959639  
5398.62008  
5549.201308  
5474.523191  
5475.189568  
5517.878448  
4660.113894  
5815.222522  
5684.937394  
5482.687357  
5473.295751  
5505.50866  
5345.860739  
5512.883531  
5470.595471  
5457.740021  
5674.053009  
5542.61545  
5492.948308  
5700.273369  
5516.362396  
5592.197721  
5604.44219  
5538.69173  
5488.110683  
5551.473642  
5644.868617  
5584.664518  
5469.66287  
5639.937117  
5479.476497  
5485.345328  
5561.894308  
5581.130007  
5565.504909  
5552.22852  
5627.360143  
5521.750765  
5493.991155  
5433.010472  
5681.623366  
5474.391104  
5505.14459  
5589.646977  
5565.033872  
5491.411788  
5501.331975  
5371.780428  
5562.073155  
5414.942953  
5498.450637  
5505.450651  
5497.570155  
5517.268029  
5480.644301  
5544.839534  
5585.086421  
5615.637977  
5472.334121  
5400.911811  
5499.325275  
5534.754172  
5495.471821  
5515.864194  
5546.502728  
5489.276952  
5532.467832  
5503.030424  
5530.363643  
5559.310427  
5553.302075  
5567.356675  
5616.029454  
5511.171058  
5537.947716  
5097.948456  
5115.726389  
5830.188549  
5632.239467  
5299.477945  
5331.049784  
5295.003061  
5433.303709  
5420.809411  
5485.075597  
5448.266001  
5353.625812  
5474.376495  
5453.846525  
5487.470912  
5536.270968  
5476.067258  
5474.629453  
5501.972013  
5378.81089  
5416.224069  
5484.466656  
5400.394545  
5427.284255  
5471.159752  
5500.775705  
5461.228743  
5443.549234  
5452.956902  
5458.600673  
5452.96221  
5537.14247  
5481.235708  
5450.412006  
5400.729429  
5454.635606  
5427.561995  
5343.726102  
5409.836686  
5340.968222  
5433.490568  
5392.69731  
5468.654147  
5482.076479  
5346.784736  
5531.219473  
5486.285905  
5487.622394  
5471.823273  
5590.748913  
5440.482037  
5423.896095  
5470.294387  
5541.271839  
5396.293938  
5480.714372  
5612.760498  
5583.219013  
5565.938674  
5610.208052  
5465.213067  
5449.34625  
5500.835628  
5447.273703  
5514.812685  
5588.60133  
5548.142792  
5531.146639  
5581.211273  
5557.211348  
5552.203968  
5572.520041  
5573.533907  
5467.109621  
5490.25828  
5546.245566  
5498.076916  
5502.652147  
5445.168553  
5562.36169  
5596.673812  
5504.324277  
5518.670795  
5468.859063  
5525.447745  
5583.560007  
5554.548457  
5475.105455  
5504.296354  
5578.969663  
5500.462205  
5556.350023  
5537.322148  
5451.715964  
5511.24646  
5496.659454  
5098.846555  
5539.075733  
5416.376941  
5463.043793  
5433.668581  
5481.077332  
5337.152682  
5549.149184  
5437.493211  
5430.059394  
5453.146606  
5434.044666  
5395.643444  
5667.051251  
5546.896238  
5488.788403  
5439.720259  
5551.769541  
5499.146092  
5465.227992  
5398.624453  
5441.492342  
5573.339419  
5458.807932  
5536.592421  
5414.972231  
5513.309462  
5472.346682  
5391.606147  
5442.295363  
5477.563343  
5518.247716  
5425.425908  
5380.800244  
5493.361347  
5727.181669  
5472.619007  
5385.004451  
5526.540579  
5510.441284  
5444.82505  
5414.992967  
4744.172783  
5847.745709  
5913.800777  
5453.478222  
5519.053448  
5376.501275  
5441.017559  
5408.023111  
5446.89462  
5409.514538  
5345.773853  
5455.00789  
5558.871249  
5469.200759  
5444.951667  
5633.410389  
5474.246054  
5554.354236  
5543.339313  
5467.071808  
5480.279973  
5507.871221  
5522.306561  
5511.290523  
5564.06604  
5518.857537  
5596.084531  
5464.148541  
5458.152269  
5499.801439  
5413.398628  
5413.041837  
5514.861295  
5435.30092  
5412.012435  
5458.461081  
5582.072221  
5469.955149  
5620.301523  
5516.696439  
5637.07466  
5789.749685  
5879.317794  
5745.81158  
5751.211388  
5702.298983  
5641.807969  
5699.887057  
5779.327733  
5615.959679  
5762.61488  
5780.996486  
5840.070383  
5158.372009  
5534.540283  
5481.35045  
5434.09379  
5425.436559  
5324.816646  
5509.970736  
5410.144996  
5376.815225  
5439.824083  
5453.923337  
5395.324442  
5400.017724  
5322.004958  
5400.465304  
5400.837773  
5454.912055  
5436.699984  
5416.556371  
5421.528529  
5441.122422  
5385.565747  
5428.249892  
5434.104534  
5449.912577  
5359.542612  
5441.184415  
5363.242486  
5511.192019  
5181.435523  
5485.836003  
5436.178845  
5402.840964  
5418.409673  
5378.720365  
5369.793032  
5373.221551  
5411.787429  
5325.908372  
5454.995671  
5442.030353  
5471.606699  
5252.565862  
5425.096544  
5357.984638  
5348.599724  
5361.93253  
5352.768949  
5371.043734  
5268.395022  
5447.15582  
5404.375491  
5346.131636  
5529.868514  
5684.349837  
5558.618906  
5511.786159  
5508.990321  
5753.427591  
5554.769574  
5510.448033  
5352.861748  
5348.089226  
5557.917473  
5311.298044  
5619.550389  
5348.736152  
5648.60876  
5502.194486  
5501.742983  
5435.898179  
5510.291126  
5412.437948  
5552.645653  
5511.254195  
5466.737462  
5484.577278  
5474.821068  
5512.177779  
5478.340724  
5506.99619  
5591.303828  
5394.790009  
5632.241131  
5532.949693  
5505.385923  
5528.944385  
5577.688021  
5778.566817  
5485.756209  
5501.447564  
5712.645914  
5540.032271  
5477.848717  
5478.961785  
5524.279196  
5309.871251  
5484.110614  
5496.693186  
5463.149726  
5586.452033  
5625.707895  
5590.111751  
5582.370343  
5566.545164  
5399.890583  
5374.939941  
5724.759554  
5592.21686  
5707.15414  
5627.749369  
5731.156025  
5276.872113  
5206.521729  
5330.647729  
5384.359654  
4935.664786  
5163.915159  
5244.369814  
5454.231178  
5396.094759  
5423.587468  
5448.270273  
5436.948881  
5544.902886  
5550.372998  
5574.232452  
5539.869124  
5539.946632  
5506.355558  
5401.021949  
5465.823519  
5431.861511  
5558.438681  
5398.1225  
5367.061646  
5383.400297  
5399.099858  
5599.299248  
5558.162865  
5513.776656  
5451.34063  
5425.661579  
5474.119068  
5512.030468  
5554.172941  
5439.017303  
5413.04195  
5458.087536  
5375.638371  
5467.859373  
5364.273482  
5375.202968  
5501.866713  
5498.588902  
5408.001554  
5406.827822  
5450.856239  
5439.051136  
5541.899283  
5492.854645  
5314.264975  
5341.091738  
5466.654942  
5431.466435  
5300.620512  
5495.475182  
5490.978851  
5488.548065  
5379.892383  
5494.168732  
5525.629204  
5512.129139  
5475.155736  
5405.157041  
5535.439261  
5755.326848  
5117.520844  
5383.507118  
5153.842919  
5341.326524  
5454.38193  
5708.111976  
5649.761216  
5659.050866  
5680.669154  
5660.79653  
5605.890139  
5613.564732  
5648.672413  
5566.053788  
5623.787001  
5657.063582  
5585.531886  
5560.755481  
5746.541295  
5538.393958  
5591.513916  
5574.920577  
5564.721121  
5587.414365  
5653.831975  
5631.480614  
5609.89521  
5667.809631  
5705.149607  
5629.00874  
5666.329644  
5666.521726  
5620.210489  
5575.079294  
5436.257547  
5534.993962  
5622.23707  
5543.824146  
5661.867237  
5567.668316  
5640.437859  
5631.133536  
5547.630488  
5602.447068  
5562.516801  
5528.348997  
5657.041851  
5579.423154  
5584.593982  
5553.477757  
5455.67157  
5472.860413  
5544.797082  
5534.3762  
5466.59409  
5492.935629  
5553.157391  
5472.39251  
5629.828606  
5493.303756  
5583.135827  
5569.343236  
5622.599314  
5543.762644  
5476.199975  
5508.320324  
5396.708501  
5482.668588  
5526.271287  
5465.237685  
5466.536715  
5443.378479  
5583.293011  
5623.348112  
5346.715344  
5467.221278  
5541.333977  
5455.673706  
5555.295725  
5533.813669  
5563.912253  
5500.487795  
5451.145728  
5478.045513  
5345.2271  
5502.225586  
5462.147346  
5432.214067  
5453.956771  
5452.362964  
5496.787992  
5383.26154  
5437.408703  
5482.869868  
5462.971783  
5445.363568  
5316.387454  
