10355.16708  
10310.47416  
10317.92699  
10390.68043  
10470.0523  
10461.25866  
10420.61907  
10385.44784  
10388.00638  
10374.24884  
10393.3788  
10394.82404  
10379.96124  
10389.99183  
10367.24504  
10365.332  
10350.5893  
10342.97542  
10370.8348  
10367.54749  
10406.84482  
10414.20139  
10406.87741  
10429.81865  
10329.01042  
10343.23329  
10315.73783  
10338.41433  
10414.75911  
10416.19513  
10439.53942  
10460.38294  
10391.24626  
10416.2077  
10356.7755  
10399.83603  
10394.20535  
10383.91694  
10410.89003  
10410.41319  
10402.20414  
10404.06478  
10416.69721  
10430.51179  
10421.3907  
10409.97967  
10389.78346  
10374.97786  
10402.40421  
10425.02452  
10449.51306  
10401.42488  
10376.6439  
10353.71591  
10379.19217  
10376.98412  
10380.08903  
10363.37442  
10350.34021  
10377.44226  
10371.04259  
10384.05536  
10367.16242  
10379.31042  
10359.41517  
10359.08876  
10361.41479  
10339.86675  
10362.5648  
10362.82755  
10335.66806  
10335.89337  
10362.81311  
10375.78096  
10328.85672  
10322.31859  
10368.71007  
10350.39663  
10359.82433  
10323.5955  
10396.65858  
10352.83822  
10416.12424  
10374.06046  
10356.10026  
10325.49951  
10331.13392  
10352.84652  
10348.2451  
10374.70879  
10387.99441  
10384.91531  
10428.13178  
10396.19027  
10383.40247  
10376.73022  
10360.92061  
10380.77295  
10429.79903  
10419.40565  
10388.44354  
10380.48521  
10365.17508  
10347.47537  
10346.17746  
10328.81196  
10387.44249  
10394.88323  
10484.73226  
10485.5566  
10476.30845  
10468.20464  
10437.55156  
10419.23014  
10407.12033  
10409.85746  
10426.75425  
10413.52181  
10377.34742  
10361.66381  
10359.07507  
10401.37071  
10392.68898  
10385.03257  
10374.31997  
10387.23703  
10380.83596  
10415.733  
10401.91853  
10444.74347  
10450.41424  
10439.75217  
10428.57807  
10386.88071  
10349.84163  
10393.97774  
10390.97971  
10382.44869  
10365.51344  
10429.35451  
10396.90587  
10423.62945  
10398.88444  
10380.01414  
10341.98834  
10338.96237  
10358.81163  
10375.94698  
10360.63399  
10419.02271  
10354.07648  
10340.29921  
10390.59719  
10310.66338  
10334.16072  
10369.37088  
10394.26736  
10357.47653  
10371.55335  
10348.30027  
10383.03064  
10320.65066  
10387.49948  
10406.04716  
10419.38724  
10440.16594  
10410.95054  
10416.56845  
10359.381  
10396.42148  
10380.23839  
10405.65457  
10390.41256  
10416.9945  
10356.50705  
10374.25013  
10355.34529  
10365.43618  
10392.95271  
10420.56436  
10425.02284  
10363.05116  
10392.8034  
10397.03751  
10399.21477  
10397.09464  
10337.03074  
10306.77058  
10326.84672  
10369.3718  
10388.67213  
10393.61174  
10357.88733  
10296.91791  
10309.89712  
10349.54141  
10366.20341  
10375.74588  
10357.40334  
10337.92101  
10327.39764  
10340.78447  
10383.4473  
10388.45942  
10344.79214  
10366.23447  
10336.98846  
10373.07941  
10344.93132  
10358.46181  
10385.87428  
10426.9728  
10380.18056  
10442.11145  
10305.20105  
10328.69086  
10326.76279  
10411.42131  
10426.016  
10411.83301  
10380.41766  
10402.57802  
10340.43716  
10385.68168  
10372.21638  
10401.97544  
10353.19557  
10381.34995  
10380.90565  
10396.81038  
10428.56691  
10438.80027  
10435.01928  
10399.98752  
10395.38889  
10424.0304  
10408.04769  
10395.62831  
10437.77275  
10388.04702  
10392.61567  
10387.57697  
10454.32509  
10426.35666  
10415.48906  
10356.75179  
10321.58389  
10327.12513  
10354.21414  
10443.21101  
10415.6888  
10452.56436  
10369.17942  
10382.86424  
10419.08769  
10400.42683  
10428.1866  
10383.69712  
10394.56357  
10401.47186  
10389.50362  
10403.7545  
10401.68066  
10404.00693  
10399.69862  
10412.72117  
10381.48562  
10373.3253  
10363.82785  
10328.83641  
10347.44256  
10338.14234  
10342.87948  
10367.7294  
10380.13619  
10356.6346  
10358.18971  
10335.69658  
10346.58923  
10310.06561  
10336.33454  
10372.7024  
10374.20005  
10365.11876  
10390.23327  
10353.09986  
10345.4201  
10418.63135  
10391.3019  
10354.81977  
10344.95175  
10386.31993  
10420.73687  
10371.74588  
10432.59766  
10415.22843  
10395.92884  
10434.43665  
10403.91493  
10451.23787  
10411.4832  
10445.75333  
10428.39372  
10389.66399  
10379.06849  
10341.7717  
10392.48707  
10389.2948  
10409.82489  
10379.82328  
10397.99599  
10402.81642  
10380.4031  
10338.91495  
10335.72154  
10393.77053  
10349.13477  
10398.29102  
10462.92571  
10423.71403  
10420.05982  
10417.53499  
10441.08737  
10409.15676  
10423.13401  
10460.92573  
10433.56346  
10414.75092  
10422.18215  
10402.31427  
10424.27387  
10317.90354  
10345.13786  
10389.73881  
10418.75722  
10338.07129  
10363.65292  
10289.74468  
10289.7966  
10290.19077  
10349.15137  
10409.9517  
10374.53362  
10382.16419  
10417.26024  
10382.49729  
10400.07709  
10381.27704  
10359.75363  
10396.86809  
10367.02912  
10373.25452  
10394.35422  
10417.9794  
10433.14873  
10412.10113  
10411.87245  
10359.98353  
10390.84389  
10413.90739  
10461.56787  
10441.53892  
10382.87363  
10295.91198  
10363.02917  
10339.46971  
10358.82568  
10384.61473  
10406.9028  
10376.34341  
10333.84849  
10330.89609  
10311.75074  
10337.4775  
10334.11001  
10378.4535  
10348.29861  
10335.37375  
10367.55776  
10381.85247  
10407.46908  
10448.88842  
10432.99778  
10427.0599  
10444.15963  
10423.82133  
10411.90656  
10396.66779  
10388.12712  
10435.09852  
10409.85196  
10433.57371  
10358.70101  
10383.15415  
10377.6986  
10380.55136  
10416.2523  
10380.13864  
10423.38502  
10360.89563  
10399.65296  
10429.88176  
10407.35554  
10404.57765  
10355.23354  
10362.52389  
10392.23846  
10389.81445  
10335.28429  
10402.29725  
10384.86122  
10366.62853  
10377.7606  
10382.97832  
10360.82163  
10420.33624  
10463.66104  
10457.03575  
10498.23566  
10446.81431  
10451.09348  
10411.48389  
10425.75251  
10435.80677  
10410.66593  
10401.43374  
10394.18244  
10394.42933  
10418.67079  
10407.80073  
10401.52373  
10399.4821  
10369.87037  
10361.52295  
10346.27  
10319.80971  
10372.6664  
10345.66263  
10393.93244  
10396.55724  
10349.00007  
10362.98407  
10336.23539  
10385.95302  
10354.62241  
10358.72911  
10344.65562  
10340.11845  
10324.06565  
10347.53418  
10369.62346  
10388.26917  
10355.73018  
10373.42242  
10361.85207  
10390.07706  
10361.93493  
10372.49698  
10340.81988  
10357.46936  
10368.57726  
10351.44007  
10390.50982  
10363.10746  
10382.9685  
10440.79445  
10410.34243  
10488.9366  
10417.34487  
10386.67122  
10383.35536  
10358.02324  
10380.61907  
10440.60487  
10464.04555  
10495.92395  
10427.50854  
10387.17383  
10403.20832  
10400.3006  
10412.45213  
10405.27783  
10385.20311  
10413.78076  
10400.06263  
10374.59713  
10410.02396  
10377.42224  
10417.90028  
10412.29841  
10368.53436  
10365.18126  
10369.95255  
10358.75116  
10370.00864  
10384.78286  
10423.0765  
10432.29008  
10403.58773  
10440.90701  
10463.99555  
10391.49383  
10366.493  
10363.05167  
10344.97  
10284.68942  
10207.65383  
10251.75483  
10291.90846  
10307.73579  
10380.14949  
10362.05923  
10369.14638  
10378.09965  
10353.09981  
10374.80791  
10356.5576  
10347.65263  
10419.57668  
10436.93056  
10492.44578  
10450.44651  
10411.30418  
10391.08163  
10390.16339  
10410.18307  
10431.9955  
10386.06926  
10395.19168  
10421.67097  
10402.61046  
10423.18971  
10406.68585  
10399.06147  
10407.81829  
10437.82505  
10424.11579  
10411.1828  
10382.09091  
10376.26687  
10370.74816  
10441.83738  
10399.05451  
10326.47114  
10376.53425  
10371.09214  
10372.72598  
10331.02725  
10334.54423  
10408.38075  
10380.8746  
10412.04684  
10364.22352  
10353.87788  
10339.0212  
10320.21457  
10326.84901  
10311.74297  
10358.45853  
10362.91911  
10348.43643  
10319.44707  
10350.30116  
10384.35836  
10359.50834  
10434.23519  
10427.34963  
10399.61592  
10375.45114  
10346.93857  
10357.05398  
10405.12037  
10399.11438  
10463.55758  
10441.36332  
10435.56494  
10439.49674  
10392.91627  
10425.62773  
10426.36838  
10427.75002  
10420.1971  
10454.4885  
10417.61162  
10461.43976  
10403.00732  
10462.24875  
10474.1716  
10424.24929  
10400.61784  
10399.82165  
10335.71495  
10404.10583  
10410.17627  
10418.38265  
10405.35643  
10388.57082  
10421.64714  
10453.54838  
10423.04062  
10468.37844  
10386.18585  
10378.86238  
10383.14572  
10386.37869  
10416.41907  
10371.22287  
10385.94982  
10383.12312  
10343.78673  
10364.13339  
10383.31612  
10324.23904  
10350.92455  
10303.96414  
10324.71833  
10370.79599  
10357.41998  
10332.56644  
10346.45958  
10345.61317  
10382.69727  
10380.62149  
10397.91253  
10412.70766  
10388.45303  
10394.27481  
10446.63171  
10417.90491  
10432.09957  
10400.89775  
10387.97492  
10366.68336  
10321.74304  
10333.77369  
10399.53691  
10476.91318  
10417.37223  
10400.04704  
10338.17271  
10307.56351  
10335.14366  
10396.37775  
10386.62359  
10339.06755  
10338.80377  
10331.0546  
10252.13883  
10262.66007  
10276.20473  
10278.41359  
10287.24253  
10355.15605  
10344.50546  
10370.73383  
10375.21181  
10346.47184  
10359.72794  
10331.82655  
10379.57722  
10389.03206  
10398.52747  
10352.36999  
10353.38596  
10350.38408  
10328.14466  
10430.2024  
10401.63695  
10435.63026  
10455.04608  
10443.70428  
10370.20748  
10427.14115  
10412.29163  
10417.5504  
10404.15352  
10385.78906  
10358.30279  
10370.98541  
10368.85862  
10390.3053  
10407.50982  
10432.98808  
10404.54366  
10356.5789  
10389.09261  
10390.03038  
10431.59762  
10408.8144  
10389.30539  
10401.07624  
10394.91862  
10368.7398  
10392.68124  
10405.74002  
10421.68768  
10464.53762  
10411.64348  
10446.74926  
10408.73465  
10397.263  
10388.48819  
10379.59125  
10355.39337  
10391.00069  
10347.83418  
10370.48626  
10304.2423  
10324.59395  
10339.69973  
10301.97826  
10343.94969  
10328.60681  
10297.13605  
10328.44846  
10363.66341  
10356.05483  
10382.06004  
10413.63247  
10413.65629  
10410.22729  
10484.80207  
10501.68426  
10456.39927  
