10979.61278  
10927.68722  
10865.04247  
10853.51489  
10807.23332  
10826.00413  
10771.30686  
10729.3404  
10726.53589  
10690.70055  
10711.31732  
10686.70785  
10686.01855  
10647.62729  
10670.45364  
10641.11498  
10651.59955  
10699.36615  
10778.81224  
10776.08606  
10704.30501  
10699.50084  
10715.74837  
10722.14804  
10682.75975  
10767.9142  
10731.56607  
10732.25138  
10697.92911  
10687.56999  
10725.33351  
10701.50536  
10705.38124  
10723.4535  
10707.99928  
10683.93072  
10732.83375  
10718.7659  
10732.19127  
10708.24442  
10726.14927  
10721.61543  
10722.48645  
10775.72363  
10760.07994  
10763.38949  
10778.10278  
10792.88042  
10743.47373  
10711.05598  
10738.12193  
10757.05489  
10743.67092  
10712.95311  
10720.57579  
10689.99229  
10714.33275  
10732.81242  
10748.99027  
10785.57687  
10753.39072  
10755.79719  
10755.66546  
10797.87143  
10827.78821  
10828.25086  
10846.26698  
10792.18943  
10771.67472  
10722.23786  
10743.3307  
10739.26078  
10741.42478  
10749.3398  
10737.37004  
10730.08129  
10752.5571  
10747.54247  
10767.73336  
10745.24454  
10753.609  
10779.78524  
10744.83147  
10730.56457  
10716.24261  
10740.85678  
10764.58171  
10782.44081  
10759.45651  
10752.33835  
10750.02681  
10759.60369  
10733.55686  
10739.79189  
10752.01272  
10762.48188  
10771.42781  
10756.68658  
10746.66081  
10718.40864  
10747.30072  
10675.22648  
10713.57858  
10741.93009  
10767.47184  
10770.7437  
10793.60081  
10778.1413  
10784.28982  
10826.97369  
10726.6024  
10733.13008  
10732.50933  
10680.32695  
10721.64332  
10714.69948  
10734.91323  
10732.49874  
10746.22798  
10692.48874  
10676.66761  
10720.58592  
10768.71132  
10805.30473  
10802.28498  
10787.49071  
10797.24633  
10804.36629  
10787.30457  
10809.08793  
10835.53603  
10746.63008  
10731.41627  
10709.01052  
10688.15262  
10644.73043  
10673.81405  
10703.10557  
10694.51188  
10739.71949  
10749.91317  
10761.86621  
10739.12327  
10750.25939  
10764.3459  
10754.03237  
10752.83197  
10793.13144  
10738.1919  
10746.23543  
10756.62988  
10720.23709  
10741.52591  
10704.69033  
10698.19495  
10659.31322  
10677.62223  
10666.11567  
10656.16952  
10683.84805  
10691.15633  
10668.5287  
10695.82555  
10710.46227  
10715.31587  
10756.06631  
10762.46219  
10772.28807  
10790.82832  
10790.47445  
10801.25265  
10807.59018  
10785.05108  
10820.23258  
10810.93363  
10820.46443  
10826.5803  
10817.44364  
10844.33301  
10848.04638  
10824.61946  
10793.49476  
10746.11332  
10767.13991  
10711.95576  
10713.22935  
10708.9546  
10696.66765  
10768.92628  
10761.38012  
10778.07452  
10807.85383  
10842.16807  
10805.83671  
10839.26947  
10852.38267  
10826.40001  
10790.9136  
10772.39623  
10748.6692  
10732.09068  
10739.82264  
10757.10186  
10753.23236  
10767.17835  
10766.68411  
10761.55712  
10744.29157  
10773.89692  
10793.67558  
10774.03434  
10790.96271  
10774.2498  
10786.84233  
10779.57083  
10757.75979  
10762.97385  
10760.817  
10768.33197  
10767.82942  
10764.12012  
10780.48176  
10761.5388  
10755.35828  
10713.41129  
10696.27316  
10671.81164  
10657.23685  
10673.89371  
10671.10274  
10692.52856  
10707.27105  
10730.3115  
10754.87751  
10783.1655  
10804.84716  
10817.91729  
10794.25733  
10742.72417  
10719.18407  
10693.19932  
10718.28346  
10678.21327  
10703.48487  
10740.37797  
10764.29076  
10724.80339  
10767.02146  
10820.49267  
10800.61703  
10818.1652  
10826.09957  
10739.16787  
10723.67973  
10712.89768  
10691.50809  
10708.59056  
10696.69448  
10704.63867  
10691.59263  
10695.31782  
10672.33747  
10694.52581  
10695.76158  
10731.61824  
10707.49813  
10682.92367  
10712.91374  
10726.00267  
10749.18925  
10746.19312  
10780.01658  
10779.6473  
10757.22945  
10751.01955  
10734.42219  
10794.47144  
10778.99235  
10800.37113  
10778.51824  
10760.72256  
10803.94641  
10759.55885  
10777.03821  
10747.28496  
10802.39959  
10750.12582  
10777.60419  
10822.57286  
10768.12643  
10769.5051  
10775.59939  
10786.69075  
10832.6601  
10802.6316  
10784.90753  
10779.58099  
10710.1019  
10679.11619  
10711.17612  
10738.54534  
10739.36474  
10741.12811  
10740.97309  
10742.69485  
10767.69264  
10788.58373  
10800.14212  
10822.87163  
10815.88873  
10730.56531  
10700.0108  
10675.36557  
10626.76523  
10634.39049  
10617.87719  
10629.86798  
10643.53984  
10628.14595  
10590.15039  
10592.35441  
10611.41942  
10603.97513  
10663.08767  
10676.26915  
10709.7906  
10699.68324  
10732.29693  
10721.15631  
10727.0691  
10779.48591  
10782.0739  
10837.94587  
10824.50395  
10826.95434  
10838.04002  
10809.07071  
10819.58972  
10807.78265  
10823.72656  
10791.49002  
10794.7215  
10844.37137  
10857.32747  
10856.19452  
10842.12358  
10849.54432  
10832.20045  
10821.59526  
10796.13899  
10789.16042  
10787.12781  
10783.66534  
10758.7209  
10740.98465  
10727.04514  
10702.0237  
10663.89676  
10655.06316  
10648.21108  
10629.84361  
10649.113  
10682.50789  
10683.67267  
10691.62769  
10704.59136  
10699.90597  
10763.35369  
10732.56635  
10758.48551  
10718.08498  
10751.65942  
10764.38196  
10717.0333  
10688.69065  
10697.96237  
10713.17883  
10676.22407  
10737.1749  
10715.67028  
10740.99231  
10722.28647  
10730.16261  
10741.58281  
10733.56621  
10687.83173  
10703.83739  
10734.36314  
10731.23268  
10725.09309  
10772.2512  
10812.67871  
10783.19549  
10816.51254  
10812.08911  
10855.26718  
10816.25476  
10800.07035  
10803.03679  
10788.95968  
10789.78177  
10794.88893  
10804.14001  
10800.18104  
10830.12867  
10826.75889  
10839.76194  
10840.21343  
10799.33438  
10811.71397  
10819.12195  
10780.37307  
10735.12986  
10745.86165  
10774.91978  
10756.79773  
10726.23782  
10743.07775  
10745.79446  
10732.57739  
10712.77764  
10676.15735  
10662.08056  
10621.04167  
10643.79399  
10646.35041  
10656.64716  
10666.51148  
10644.69039  
10641.08462  
10660.307  
10660.07856  
10674.66087  
10678.52453  
10710.12749  
10703.77997  
10692.12516  
10715.66566  
10734.97612  
10736.0124  
10749.04909  
10787.35501  
10816.13622  
10789.1138  
10761.28681  
10745.78534  
10715.75708  
10735.897  
10742.32358  
10712.75861  
10756.76216  
10796.56356  
10753.86238  
10721.9136  
10772.17152  
10790.2042  
10739.1202  
10749.9932  
10808.75702  
10760.85106  
10764.01176  
10763.30058  
10783.74721  
10755.97788  
10775.17688  
10761.61896  
10739.32135  
10730.84602  
10753.02993  
10754.79496  
10784.55662  
10788.27214  
10771.87008  
10778.7738  
10794.42596  
10773.73079  
10757.49161  
10719.20392  
10680.82117  
10697.12701  
10694.53779  
10700.26152  
10679.18557  
10704.48109  
10661.0959  
10676.87  
10656.70438  
10659.67945  
10685.47533  
10717.15185  
10721.86541  
10716.16093  
10720.52802  
10715.81503  
10755.71439  
10732.82561  
10798.28111  
10800.66715  
10727.15505  
10739.79026  
10708.66916  
10711.02481  
10706.00464  
10750.92415  
10748.3982  
10740.66978  
10713.54707  
10719.00369  
10733.11842  
10728.59441  
10725.28657  
10752.21895  
10752.92638  
10778.21303  
10779.5217  
10791.43397  
10788.72487  
10735.73406  
10791.00231  
10834.16677  
10820.31605  
10768.37482  
10818.93178  
10829.02188  
10802.4997  
10845.32621  
10811.84778  
10751.09823  
10750.86215  
10798.42642  
10785.89469  
10731.34341  
10749.31928  
10745.49729  
10690.19569  
10652.58012  
10688.77856  
10646.19202  
10630.4423  
10644.5508  
10659.83444  
10675.90924  
10693.53115  
10702.64716  
10717.54141  
10729.61533  
10766.68965  
10724.47489  
10757.78422  
10751.19007  
10717.88793  
10728.04933  
10724.34734  
10710.06403  
10701.52744  
10697.98141  
10690.39864  
10719.4606  
10771.27641  
10805.60272  
10830.12673  
10846.55228  
10808.47319  
10884.37871  
10877.5107  
10830.27766  
10834.296  
10858.06324  
10782.97985  
10712.83628  
10743.98567  
10745.47511  
10732.19561  
10731.66307  
10734.12988  
10718.99858  
10709.48681  
10700.35031  
10656.24785  
10657.15495  
10650.44374  
10643.98449  
10681.07643  
10687.1756  
10667.64336  
10696.7264  
10728.37839  
10675.68519  
10719.77274  
10727.70705  
10748.10439  
10725.44549  
10743.3647  
10708.4646  
10760.67957  
10810.9769  
10775.32079  
10818.73621  
10824.7167  
10844.40768  
10800.34907  
10792.95667  
10778.98772  
10810.20155  
10791.75136  
10842.66893  
10823.22945  
10843.25506  
10842.35643  
10879.07177  
10856.34327  
10841.10152  
10817.66436  
10802.49281  
10805.98683  
10774.80694  
10749.29345  
10745.64214  
10720.89824  
10766.93132  
10797.57555  
10746.75165  
10732.58092  
10682.18941  
10660.27252  
10594.48182  
10621.88016  
10616.96203  
10601.12773  
10619.75  
10604.41835  
10602.59232  
10617.32011  
10653.084  
10654.71897  
10704.47979  
10703.19519  
10734.70305  
10743.02954  
10776.87588  
10761.65529  
10728.00269  
10694.61031  
10710.15426  
10768.25265  
10729.90757  
10774.70647  
10790.94826  
10799.38263  
10814.97728  
10761.20059  
10774.98864  
10747.03286  
10765.74962  
10753.28061  
10797.75522  
10814.51674  
10770.39391  
10793.43798  
10843.60409  
10846.40015  
10844.31647  
10805.75098  
10716.63116  
10700.34509  
10668.09829  
10650.87534  
10616.85236  
10630.47768  
10665.7943  
10674.21769  
10629.76204  
10684.89591  
10673.98424  
10706.19846  
10715.07659  
10686.76559  
10705.93999  
10693.74135  
10637.17036  
10649.60708  
10639.68318  
10690.75949  
10675.25277  
10700.54197  
10661.29943  
10682.14342  
10719.86968  
10703.42092  
10730.96488  
10728.41619  
10782.48039  
10795.28966  
10809.0336  
10768.83964  
10823.261  
10816.89062  
10787.16099  
10727.33129  
10781.00419  
10754.82896  
10753.71732  
10787.44752  
10763.80206  
10803.36478  
10838.7  
10742.44258  
10793.82478  
10793.44025  
10792.81597  
10721.81665  
10768.03181  
10890.21793  
10859.47505  
10763.06099  
10861.17841  
10887.65812  
10878.48384  
10755.41904  
10751.18114  
10765.05204  
10693.14003  
10742.16785  
10752.31437  
10744.86201  
10721.32063  
10790.0732  
10802.45677  
10816.37357  
10795.84973  
10777.03532  
10835.59479  
10805.45494  
10820.71526  
10803.81764  
10810.05539  
10826.68415  
10768.88865  
10781.01317  
10787.87634  
10756.68543  
10795.5668  
10731.07322  
10685.39441  
10717.49002  
10708.52623  
10726.3248  
10751.6691  
10760.64854  
10754.50213  
10783.66354  
10786.97375  
10736.37006  
10769.6701  
10764.43511  
10747.16038  
10704.31888  
10709.85316  
10741.01112  
10696.94388  
10696.85451  
10686.90629  
10671.02479  
10645.9669  
10678.46004  
10704.64278  
10665.49932  
10655.38239  
10665.75875  
10696.01764  
10676.39365  
10701.41143  
10745.75038  
10734.77778  
10743.39011  
10810.27505  
10819.56224  
10798.91619  
10871.78534  
