9689.591984  
9702.449089  
9617.554271  
9660.92209  
9652.680879  
9619.33881  
9666.70864  
9555.638011  
9537.500718  
9533.293687  
9493.849451  
9590.387035  
9502.817124  
9559.09003  
9550.479248  
9531.801097  
9557.54383  
9459.364287  
9496.269704  
9528.710435  
9482.769258  
9516.642822  
9483.993896  
9541.241096  
9540.953685  
9565.572021  
9545.840906  
9487.750661  
9506.109231  
9471.969152  
9520.252528  
9576.31003  
9612.627844  
9656.375933  
9581.250302  
9599.407169  
9534.506936  
9452.333597  
9548.144345  
9595.183335  
9600.492144  
9591.60195  
9478.647073  
9576.467874  
9530.26867  
9565.292035  
9554.186911  
9542.764936  
9531.006822  
9566.390524  
9578.516587  
9622.343233  
9553.354937  
9592.950095  
9535.743121  
9590.034366  
9538.83891  
9605.402329  
9638.246927  
9674.423699  
9518.659754  
9553.388614  
9600.717572  
9549.922737  
9540.673053  
9517.077723  
9517.394029  
9513.318661  
9507.707476  
9580.201789  
9525.430276  
9558.432316  
9557.389304  
9546.754323  
9536.237247  
9497.7283  
9491.029369  
9610.983154  
9613.837445  
9660.7337  
9542.379294  
9544.205049  
9533.9809  
9535.321634  
9571.633373  
9580.181081  
9564.665628  
9565.1006  
9486.959099  
9476.411477  
9474.821605  
9487.247415  
9538.962675  
9490.711411  
9517.579403  
9517.583367  
9543.497329  
9544.584386  
9489.122803  
9520.33947  
9514.986974  
9479.311552  
9525.442254  
9579.775204  
9577.520106  
9645.562773  
9628.643368  
9644.350399  
9570.310044  
9595.066923  
9501.086742  
9604.015381  
9549.959544  
9521.52249  
9625.065243  
9649.195255  
9595.517535  
9544.437601  
9563.112736  
9570.876896  
9494.975256  
9514.222154  
9562.034984  
9644.133631  
9515.839011  
9492.519976  
9546.574836  
9513.857192  
9469.55835  
9493.430564  
9527.939941  
9573.658131  
9588.028665  
9595.662569  
9562.486299  
9546.777918  
9557.953139  
9613.759837  
9571.347829  
9588.889232  
9560.36703  
9548.855971  
9542.528191  
9580.240349  
9570.656738  
9594.573486  
9616.113956  
9560.624856  
9566.523595  
9538.976936  
9546.58756  
9568.124741  
9547.481172  
9534.079518  
9524.01821  
9562.660286  
9613.776683  
9640.971981  
9663.166174  
9569.68717  
9537.123478  
9526.116627  
9564.304214  
9579.124713  
9573.023639  
9573.223733  
9538.642176  
9585.21335  
9596.004366  
9612.681684  
9546.609863  
9554.313534  
9576.938046  
9578.501048  
9558.504768  
9500.460736  
9537.676485  
9514.277574  
9518.144215  
9570.896168  
9534.151425  
9575.734892  
9554.075281  
9569.05025  
9571.733542  
9631.959602  
9660.722513  
9509.924187  
9551.852999  
9569.01248  
9611.673397  
9582.669735  
9514.702105  
9562.196763  
9483.984346  
9505.87658  
9537.970157  
9539.259507  
9563.038388  
9558.71628  
9530.982422  
9492.207161  
9552.068517  
9578.180765  
9556.485696  
9588.402875  
9587.0816  
9591.445901  
9603.803711  
9584.889792  
9529.004021  
9508.687888  
9572.450511  
9532.896226  
9514.720358  
9499.168974  
9521.006233  
9480.816765  
9517.027473  
9490.789852  
9462.335679  
9510.356646  
9532.768727  
9468.637006  
9548.726491  
9516.009565  
9556.735668  
9600.28474  
9552.009392  
9551.376336  
9538.92222  
9562.83453  
9570.793558  
9683.91715  
9668.871754  
9736.658447  
9694.561897  
9657.854176  
9629.662239  
9541.483183  
9573.085535  
9558.328613  
9549.364516  
9628.616326  
9710.247717  
9616.463494  
9595.963695  
9645.01821  
9568.594454  
9546.829188  
9559.35679  
9539.951919  
9590.191636  
9501.826  
9545.62747  
9577.617891  
9509.847541  
9567.818115  
9510.076258  
9424.693661  
9429.986903  
9409.706213  
9437.945298  
9390.52888  
9426.612017  
9472.120548  
9480.579748  
9502.855497  
9536.112506  
9504.831457  
9445.074635  
9409.753346  
9453.228788  
9443.00619  
9478.874885  
9469.08565  
9485.276884  
9472.255587  
9520.059125  
9466.378361  
9497.511274  
9484.563778  
9496.345933  
9568.750732  
9558.499842  
9569.250302  
9622.965978  
9573.103042  
9611.240392  
9511.055836  
9549.052634  
9582.613152  
9551.109562  
9601.444594  
9610.793342  
9599.53642  
9584.567268  
9595.756376  
9531.875488  
9556.833898  
9590.075339  
9637.599566  
9779.656968  
9769.15052  
9780.569235  
9768.483111  
9736.089284  
9798.860265  
9744.679501  
9692.697783  
9745.542279  
9647.659208  
9692.889088  
9571.698716  
9629.673124  
9633.005199  
9597.256506  
9618.059053  
9525.421042  
9612.137121  
9545.009062  
9590.596349  
9581.9049  
9542.009019  
9578.09747  
9501.862147  
9493.165829  
9482.638844  
9479.546229  
9534.195384  
9487.462029  
9455.149443  
9581.816679  
9559.964528  
9565.025506  
9593.160429  
9534.70021  
9502.48933  
9548.117776  
9575.493753  
9522.583855  
9535.735725  
9569.316162  
9483.149716  
9483.244471  
9511.189094  
9536.613841  
9642.418026  
9601.563821  
9547.472771  
9602.376206  
9577.489646  
9537.454461  
9553.907815  
9579.239717  
9611.221838  
9595.938965  
9591.052246  
9657.190056  
9661.913201  
9630.111544  
9607.833439  
9641.571174  
9560.536334  
9638.376135  
9633.888543  
9578.024084  
9597.284366  
9496.965174  
9636.439841  
9546.505946  
9578.017693  
9568.587747  
9565.95156  
9594.520134  
9584.175034  
9593.892995  
9564.821418  
9509.272518  
9538.738109  
9493.775635  
9432.062486  
9444.610596  
9490.410142  
9558.94942  
9612.833008  
9555.579058  
9614.828039  
9587.355038  
9544.123033  
9556.467931  
9576.514778  
9625.109892  
9700.992661  
9735.771614  
9667.135096  
9665.960148  
9643.161233  
9671.70133  
9720.534682  
9708.278751  
9706.567929  
9669.652128  
9682.90467  
9664.771168  
9649.933105  
9691.187615  
9658.095875  
9633.803941  
9568.888011  
9525.269531  
9542.159869  
9451.291734  
9544.015036  
9527.527732  
9490.641803  
9455.187385  
9456.345229  
9382.831572  
9464.67031  
9457.67209  
9432.087359  
9476.787253  
9471.944149  
9454.433206  
9441.159467  
9446.072237  
9422.392348  
9391.120936  
9433.176112  
9457.63893  
9490.876494  
9512.851993  
9447.597814  
9497.449075  
9491.946576  
9408.604435  
9486.260871  
9487.84421  
9467.448328  
9466.692311  
9499.842903  
9492.174  
9468.037038  
9510.169347  
9536.53474  
9491.188635  
9565.913115  
9549.627614  
9510.844353  
9567.847699  
9571.522561  
9524.752556  
9538.965476  
9617.285788  
9635.76732  
9655.691349  
9657.985308  
9729.533131  
9893.120505  
9758.932488  
9746.663344  
9810.371812  
9744.347628  
9728.257511  
9712.355052  
9676.30239  
9681.458439  
9729.225227  
9607.030087  
9642.636173  
9584.723848  
9574.798311  
9562.791604  
9492.39703  
9505.512954  
9485.290053  
9529.447926  
9575.689597  
9588.92884  
9596.697941  
9607.159855  
9548.842271  
9572.133042  
9499.627915  
9511.257655  
9510.774414  
9487.634995  
9511.748679  
9550.435389  
9513.265481  
9461.188017  
9341.55845  
9431.041547  
9411.645278  
9413.708094  
9420.376795  
9395.568589  
9509.145953  
9410.424058  
9387.053467  
9471.480124  
9418.027214  
9455.057517  
9449.809312  
9382.038344  
9407.608844  
9439.103142  
9395.499555  
9487.233111  
9469.157528  
9353.452421  
9392.368236  
9481.692814  
9460.890453  
9522.477625  
9485.458554  
9496.343922  
9530.418787  
9412.747989  
9489.54452  
9665.847943  
9797.397389  
9730.096077  
9807.769057  
9702.215059  
9710.361141  
9742.660501  
9666.757123  
9751.723489  
9696.142564  
9670.205825  
9712.221349  
9771.67739  
9739.613411  
9744.488023  
9739.132655  
9479.029455  
9651.617173  
9608.626149  
9611.50181  
9687.377312  
9602.447524  
9644.437543  
9529.582577  
9441.117475  
9534.169118  
9601.119256  
9582.937672  
9487.94695  
9518.534022  
9495.32452  
9482.354305  
9543.12612  
9548.293658  
9525.782945  
9550.341998  
9559.558809  
9590.779627  
9581.25698  
9580.17209  
9605.031552  
9583.459329  
9573.862003  
9623.314381  
9566.807545  
9568.951646  
9558.23976  
9525.479334  
9565.426916  
9609.92716  
9679.409094  
9757.048771  
9779.018153  
9738.86252  
9789.972613  
9785.238813  
9796.470516  
9801.413186  
9747.435561  
9820.31991  
9746.255744  
9697.572998  
9601.202206  
9606.915412  
9632.248234  
9609.871654  
9620.920554  
9628.890568  
9571.895608  
9470.420511  
9538.942081  
9566.394215  
9513.792035  
9575.589312  
9456.661492  
9442.308206  
9395.717615  
9350.422047  
9342.614918  
9266.665527  
9291.806526  
9354.883861  
9452.909697  
9454.805506  
9578.49022  
9585.471278  
9524.42693  
9523.717213  
9533.840547  
9481.629538  
9552.014318  
9523.575698  
9484.46651  
9573.938591  
9625.055851  
9642.5979  
9577.941794  
9587.441593  
9477.182287  
9661.212287  
9605.124469  
9508.650534  
9635.455739  
9623.191823  
9553.713867  
9652.021513  
9604.43536  
9591.771384  
9666.677031  
9596.243724  
9662.102568  
9668.946074  
9555.518397  
9613.814712  
9544.270867  
9544.416978  
9590.25955  
9516.040211  
9586.694695  
9641.435432  
9581.553668  
9676.246151  
9708.60521  
9607.767406  
9623.909883  
9598.042423  
9502.821476  
9536.029254  
9587.089427  
9589.760771  
9563.004883  
9633.815616  
9613.658864  
9616.351519  
9553.335607  
9360.871309  
9515.029627  
9543.722383  
9532.961857  
9594.004251  
9728.50438  
9645.871295  
9655.741498  
9677.177677  
9574.83206  
9605.657643  
9550.791777  
9546.951646  
9637.70301  
9556.278651  
9634.568489  
9619.290858  
9590.582649  
9594.038833  
9542.788732  
9587.891903  
9520.598145  
9491.634823  
9491.162052  
9464.833281  
9443.399428  
9513.000259  
9447.998119  
9438.434542  
9559.80361  
9486.885053  
9568.305477  
