10618.93951  
10582.32034  
10593.68691  
10587.13331  
10548.63859  
10571.56314  
10524.7541  
10519.5257  
10535.67422  
10560.12676  
10520.78504  
10514.69746  
10530.78619  
10557.31493  
10560.89475  
10536.56306  
10479.10678  
10501.62701  
10506.88298  
10558.70321  
10561.20441  
10576.15349  
10554.28482  
10533.58401  
10504.13513  
10473.26512  
10528.36482  
10527.63223  
10498.33557  
10516.76763  
10503.57528  
10543.83217  
10542.6161  
10561.65017  
10494.43295  
10437.29688  
10480.36476  
10520.64051  
10518.56417  
10482.38661  
10472.93714  
10524.68585  
10509.01289  
10545.77333  
10578.13744  
10529.47734  
10524.83477  
10555.33192  
10583.26811  
10566.86297  
10497.90778  
10516.8284  
10519.55181  
10544.25957  
10562.33393  
10573.29512  
10592.87232  
10579.04417  
10577.64749  
10572.41906  
10544.89269  
10545.06052  
10494.67905  
10522.05059  
10480.77575  
10518.23884  
10522.22098  
10479.06482  
10480.29897  
10476.85159  
10505.19626  
10565.48541  
10539.29643  
10541.34835  
10523.8442  
10536.13382  
10549.05497  
10539.58775  
10533.43251  
10546.8055  
10540.07506  
10526.96998  
10474.45765  
10491.75544  
10490.51426  
10483.00569  
10530.97932  
10519.56431  
10517.37927  
10515.79481  
10525.237  
10526.75416  
10517.91975  
10546.48878  
10533.57776  
10575.50954  
10579.9274  
10594.00223  
10553.13164  
10541.1257  
10516.1514  
10543.81091  
10516.96917  
10526.70474  
10530.33987  
10540.93089  
10568.94975  
10576.76897  
10596.32522  
10630.98557  
10589.23103  
10555.92573  
10530.90633  
10494.73892  
10507.07871  
10520.79741  
10500.49961  
10528.52508  
10553.03379  
10573.44704  
10611.65767  
10594.37405  
10585.8642  
10552.86401  
10536.26002  
10519.42966  
10576.14068  
10563.29487  
10549.38292  
10521.65338  
10485.34182  
10495.66925  
10544.71741  
10528.28583  
10510.04386  
10525.27665  
10528.93334  
10546.2144  
10542.47854  
10528.41571  
10527.86663  
10516.37123  
10493.29849  
10479.87458  
10499.60446  
10505.30946  
10497.94397  
10500.41643  
10479.39046  
10494.2476  
10527.17729  
10527.91233  
10526.6695  
10514.92146  
10535.94375  
10556.20304  
10572.39169  
10534.66272  
10541.71892  
10521.32425  
10537.47327  
10539.60597  
10520.8877  
10522.48666  
10516.75795  
10522.84032  
10542.78881  
10506.5411  
10540.60592  
10518.29646  
10502.90405  
10505.19263  
10520.97012  
10516.61749  
10549.21867  
10540.5709  
10523.23817  
10552.72651  
10565.80829  
10549.34986  
10561.10519  
10543.67871  
10527.52397  
10549.25999  
10514.48856  
10543.6094  
10492.84847  
10522.04375  
10548.55642  
10531.35731  
10551.81041  
10551.37807  
10585.70672  
10583.29509  
10588.54526  
10603.20089  
10587.41752  
10586.85857  
10589.14961  
10602.9752  
10622.07972  
10577.16621  
10586.3543  
10488.53697  
10509.18842  
10491.20446  
10526.21688  
10518.90575  
10515.12603  
10512.5591  
10515.28083  
10507.98206  
10482.66624  
10457.95491  
10526.4226  
10467.02595  
10496.85483  
10481.14874  
10530.6803  
10556.44062  
10538.02782  
10506.24517  
10506.72609  
10541.17617  
10576.26652  
10559.72665  
10510.48273  
10495.19171  
10520.93613  
10536.67679  
10537.85815  
10558.8894  
10531.29135  
10541.19598  
10586.75075  
10559.82863  
10510.76041  
10521.25276  
10503.35047  
10567.85128  
10582.15181  
10584.12815  
10586.52182  
10558.34936  
10579.65075  
10604.10586  
10595.95123  
10578.33892  
10541.89196  
10556.59269  
10535.76883  
10505.45918  
10473.2296  
10483.48814  
10504.51504  
10561.37796  
10580.97868  
10558.55765  
10558.78002  
10506.67924  
10531.60642  
10520.09821  
10499.77034  
10519.29727  
10533.43468  
10478.57902  
10477.70988  
10501.37927  
10513.61038  
10527.037  
10515.49261  
10498.11663  
10519.87257  
10538.3329  
10538.08622  
10544.35159  
10575.95539  
10556.71004  
10538.67294  
10497.02363  
10456.32433  
10474.48945  
10478.69129  
10479.71685  
10484.44495  
10480.826  
10486.79983  
10504.59035  
10531.43278  
10483.66953  
10493.22176  
10522.56378  
10526.65368  
10503.2137  
10532.13585  
10501.36819  
10529.0916  
10521.39718  
10538.66384  
10524.61381  
10494.59054  
10479.84911  
10527.50106  
10528.67171  
10613.33253  
10633.02762  
10610.98962  
10631.79835  
10554.5303  
10528.90446  
10518.74018  
10529.36975  
10538.47143  
10521.22508  
10548.55558  
10530.15156  
10531.52065  
10558.05756  
10504.13756  
10527.22405  
10628.77464  
10585.03248  
10587.54855  
10581.78552  
10557.84548  
10570.71292  
10554.25477  
10601.46752  
10624.51599  
10608.50572  
10611.15851  
10592.77363  
10584.41381  
10597.37637  
10633.16504  
10650.81789  
10609.33265  
10557.41867  
10539.31113  
10548.02737  
10553.98066  
10565.95804  
10530.80695  
10510.66451  
10496.45159  
10525.05296  
10526.91222  
10472.01512  
10504.67031  
10546.05017  
10581.71336  
10576.40123  
10546.20804  
10528.90792  
10484.52397  
10502.10954  
10523.57871  
10525.47935  
10514.76113  
10564.03856  
10495.81493  
10531.00912  
10528.37182  
10475.77751  
10497.10787  
10495.63912  
10516.05499  
10543.99308  
10576.67383  
10547.49001  
10513.6502  
10516.09389  
10520.29953  
10548.2793  
10511.09598  
10504.12447  
10543.03504  
10504.21942  
10520.46069  
10493.29741  
10498.89947  
10512.66828  
10508.37765  
10495.4558  
10521.74099  
10525.00921  
10526.90474  
10560.81384  
10548.95516  
10557.49883  
10556.82905  
10542.86557  
10559.13284  
10580.11066  
10570.3719  
10561.64316  
10527.90343  
10539.46175  
10562.35296  
10559.94785  
10575.725  
10573.53396  
10576.1435  
10530.16588  
10504.56627  
10538.13797  
10508.36258  
10515.30871  
10481.42282  
10515.41786  
10515.30949  
10505.65293  
10520.2998  
10537.39953  
10534.27676  
10537.74615  
10522.47494  
10522.33892  
10534.81504  
10534.98421  
10553.49888  
10549.67818  
10568.76403  
10556.26186  
10578.74397  
10553.3478  
10533.32941  
10494.45854  
10480.39693  
10498.68923  
10538.34146  
10530.25921  
10529.00519  
10527.5315  
10554.34741  
10560.99816  
10532.92877  
10534.68591  
10523.13248  
10530.50731  
10555.44199  
10541.72316  
10558.67151  
10597.19752  
10549.75109  
10523.69448  
10522.66699  
10524.25159  
10483.41376  
10550.58848  
10559.91722  
10526.49515  
10548.95974  
10514.6041  
10527.14235  
10518.44693  
10509.88061  
10485.77302  
10480.41769  
10481.67408  
10514.83744  
10539.21431  
10511.81381  
10548.43934  
10558.6947  
10584.74958  
10603.12818  
10548.97397  
10543.76604  
10566.14718  
10547.30711  
10561.13917  
10542.31044  
10527.82628  
10507.8466  
10501.66462  
10528.2798  
10511.94322  
10522.73781  
10549.87553  
10573.7748  
10516.19741  
10524.89032  
10526.24032  
10517.15949  
10485.19277  
10523.95388  
10530.04805  
10545.83717  
10547.15419  
10599.65112  
10599.2315  
10588.26627  
10563.83315  
10529.11853  
10533.66565  
10526.1959  
10537.21886  
10592.02589  
10562.35017  
10595.12693  
10580.11501  
10598.76161  
10611.84199  
10602.31493  
10595.75008  
10567.55229  
10550.99102  
10550.60603  
10561.83862  
10566.49713  
10559.69021  
10563.37503  
10569.53956  
10572.67729  
10516.7248  
10503.74908  
10494.1889  
10500.25438  
10532.0752  
10543.35505  
10513.07757  
10516.91194  
10528.76895  
10518.60148  
10512.16532  
10536.65728  
10546.13931  
10519.15578  
10479.09068  
10536.5618  
10535.4832  
10535.93937  
10518.64283  
10556.5978  
10562.9877  
10529.63797  
10558.52422  
10507.76663  
10533.49696  
10560.30784  
10574.76071  
10564.48114  
10542.71085  
10480.26496  
10507.48078  
10519.76217  
10555.9  
10585.91805  
10590.97017  
10547.5661  
10563.35865  
10562.55112  
10606.66867  
10643.52341  
10597.32358  
10578.11448  
10508.20424  
10466.60165  
10447.92104  
10463.84286  
10456.08828  
10458.51925  
10451.73164  
10429.21373  
10465.51602  
10438.95589  
10514.91783  
10482.99947  
10491.96699  
10470.21596  
10472.24353  
10472.19955  
10469.85137  
10511.9502  
10501.55285  
10515.76203  
10498.75829  
10520.27832  
10503.85084  
10552.58945  
10574.03463  
10566.26222  
10555.36264  
10547.30675  
10514.12081  
10522.42383  
10486.06415  
10512.0192  
10549.8269  
10600.87065  
10557.12478  
10599.61124  
10587.6385  
10543.45706  
10556.49983  
10565.51013  
10554.64235  
10563.29434  
10546.36964  
10580.63895  
10564.30951  
10578.43184  
10604.0476  
10545.18853  
10551.8185  
10520.31554  
10506.46152  
10547.85452  
10546.6286  
10556.28474  
10570.70787  
10520.92028  
10493.46749  
10465.00636  
10506.11565  
10537.81881  
10531.38945  
10523.80371  
10532.47294  
10553.33532  
10544.70943  
10543.93214  
10554.69858  
10531.86286  
10504.55804  
10513.93873  
10529.91869  
10532.11057  
10567.21041  
10562.2714  
10537.6541  
10529.50943  
10513.72782  
10526.41671  
10498.01066  
10531.79328  
10542.41021  
10532.01532  
10515.57095  
10478.95706  
10474.54107  
10515.59182  
10548.62927  
10537.67776  
10543.61853  
10546.77673  
10530.81013  
10555.45748  
10520.47154  
10517.95474  
10521.54174  
10536.6272  
10543.20201  
10569.17154  
10570.97949  
10593.93661  
10571.91755  
10546.93479  
10554.99537  
10517.75539  
10529.5793  
10546.74297  
10569.37285  
10590.14788  
10573.82084  
10592.64835  
10570.62324  
10573.25452  
10590.48047  
10565.1966  
10543.3861  
10504.65658  
10517.58728  
10514.14612  
10539.23585  
10506.38915  
10498.59542  
10531.06314  
10549.09983  
10553.22969  
10542.5478  
10578.47307  
10584.63259  
10531.69671  
10580.39919  
10517.71722  
10519.56917  
10546.28429  
10499.36217  
10490.38075  
10486.07609  
10516.3351  
10525.9065  
10517.40519  
10527.70357  
10491.49941  
10488.80056  
10495.66671  
10533.01459  
10542.55519  
10506.58055  
10532.63909  
10539.45586  
10583.07852  
10539.99367  
10592.95589  
10538.13195  
10533.57486  
10562.27232  
10560.36456  
10533.98845  
10536.92941  
10499.64807  
10515.42843  
10535.01808  
10525.60508  
10585.89289  
