9951.21799  
9929.018555  
9798.416088  
9922.185167  
9968.054579  
9900.841761  
9901.949219  
9864.852033  
9863.583641  
9881.168312  
9851.519007  
9822.449508  
9858.885272  
9820.514341  
9810.151729  
9815.604782  
9836.074454  
9837.689417  
9868.102376  
9842.161567  
9835.370425  
9853.18023  
9837.565014  
9891.37793  
9827.212764  
9860.04277  
9894.71412  
9886.576172  
9869.203668  
9857.682671  
9815.772859  
9852.607241  
9870.451461  
9819.442907  
9842.21224  
9840.923358  
9862.869466  
9847.35536  
9888.687536  
9867.970161  
9863.51293  
9865.152054  
9897.76964  
9870.773184  
9851.349429  
9843.259784  
9868.777398  
9838.524884  
9878.812862  
9894.461118  
9861.242603  
9893.443613  
9873.426197  
9852.136158  
9854.076063  
9852.104908  
9848.339301  
9878.982331  
9889.111654  
9876.72725  
9871.620352  
9874.555592  
9852.072591  
9843.599609  
9877.175637  
9824.41985  
9821.618562  
9824.690936  
9848.056062  
9877.845305  
9867.097096  
9934.698025  
9902.688079  
9869.30561  
9830.531991  
9820.852015  
9781.062156  
9816.053476  
9814.517307  
9849.362901  
9870.637786  
9881.223542  
9896.622938  
9861.333605  
9820.710558  
9798.675311  
9787.714663  
9795.307057  
9837.888618  
9833.546351  
9875.216779  
9875.031594  
9839.607802  
9843.660102  
9848.358724  
9845.808341  
9837.5878  
9862.248716  
9892.157552  
9859.532317  
9842.628147  
9868.646105  
9846.255462  
9840.405509  
9855.984068  
9844.690701  
9856.878382  
9842.847584  
9849.530726  
9855.470613  
9855.105089  
9864.782661  
9872.05013  
9892.332465  
9893.24009  
9873.809426  
9828.988118  
9846.807473  
9876.800203  
9867.1639  
9881.887695  
9880.092575  
9881.383934  
9848.152651  
9879.426577  
9889.844166  
9890.401168  
9903.43287  
9872.536151  
9857.282281  
9834.497233  
9851.94184  
9841.21488  
9870.215658  
9858.582935  
9889.51208  
9856.129141  
9836.047327  
9858.408728  
9842.224465  
9837.939146  
9856.235695  
9886.26067  
9867.762189  
9919.284776  
9941.275752  
9896.766602  
9889.613137  
9880.702257  
9850.863987  
9881.67032  
9854.06552  
9853.506058  
9814.552282  
9839.046224  
9863.884512  
9867.198333  
9894.687193  
9934.616392  
9931.004575  
9978.343207  
9947.775843  
9952.229999  
9891.464374  
9891.799353  
9931.335196  
9896.573893  
9888.548792  
9895.449617  
9889.231789  
9875.322808  
9902.988516  
9893.82288  
9918.549642  
9952.469419  
9944.969871  
9870.867007  
9861.949617  
9843.668059  
9829.672526  
9797.963053  
9839.173756  
9900.825087  
9839.859773  
9833.14209  
9822.898365  
9813.537525  
9791.133572  
9830.83082  
9839.269947  
9856.789099  
9868.285156  
9864.290166  
9835.186976  
9819.80476  
9842.38831  
9839.341435  
9826.49962  
9866.25472  
9853.572103  
9845.998445  
9861.726834  
9864.423322  
9906.480668  
9900.536386  
9860.199816  
9874.979637  
9859.349193  
9878.171712  
9878.874584  
9859.583134  
9859.766511  
9841.298231  
9800.050311  
9826.143302  
9819.62406  
9841.368146  
9866.128508  
9855.527217  
9883.326714  
9886.912164  
9874.224212  
9868.659433  
9863.128382  
9891.783673  
9892.15587  
9893.679272  
9902.391457  
9871.355451  
9881.877604  
9889.480559  
9863.586317  
9873.844564  
9843.536151  
9892.100821  
9851.989167  
9869.538321  
9878.567582  
9862.461281  
9840.570747  
9825.400354  
9846.333478  
9829.832248  
9860.296351  
9845.032986  
9873.679724  
9889.415871  
9861.685041  
9863.915111  
9829.92759  
9806.417426  
9849.359773  
9844.071795  
9847.88444  
9837.961227  
9876.630823  
9876.258066  
9859.059498  
9861.737576  
9857.845106  
9872.236437  
9849.629395  
9883.914189  
9850.264413  
9860.864457  
9858.4594  
9823.197465  
9850.55646  
9822.181478  
9856.593298  
9847.710702  
9870.513111  
9853.697682  
9858.822519  
9855.334599  
9836.087185  
9832.184281  
9827.242097  
9820.118851  
9821.440846  
9840.142325  
9829.05646  
9872.818106  
9905.180375  
9901.121365  
9889.555284  
9881.15578  
9833.126483  
9855.716309  
9842.129431  
9817.390191  
9805.582791  
9886.790328  
9893.94439  
9885.116464  
9865.19996  
9864.920338  
9824.519405  
9872.869231  
9928.499078  
9911.889793  
9893.22385  
9944.339952  
9912.553494  
9825.50038  
9818.037959  
9819.4815  
9815.94949  
9812.114782  
9847.834002  
9852.418095  
9865.275264  
9855.213361  
9876.083351  
9837.590025  
9863.167028  
9820.011104  
9845.903212  
9793.719618  
9840.856644  
9863.436867  
9827.190936  
9846.311722  
9833.3835  
9840.080114  
9839.629883  
9865.062844  
9878.486129  
9851.6114  
9795.523745  
9799.488878  
9800.805791  
9768.834979  
9792.932653  
9834.181098  
9828.343533  
9839.42117  
9806.918113  
9800.074996  
9802.467936  
9826.539912  
9836.881384  
9834.955838  
9864.070728  
9865.480722  
9876.345468  
9878.220124  
9862.538827  
9892.702745  
9856.900391  
9882.078288  
9886.199924  
9854.364421  
9944.021936  
9945.331308  
9910.619737  
9917.730632  
9917.230414  
9923.720088  
9933.98461  
9895.694589  
9941.985587  
9935.048322  
9891.320439  
9889.239041  
9879.233724  
9877.799714  
9896.349193  
9907.510163  
9927.848579  
9957.591851  
9988.561487  
9964.931424  
9946.932382  
9911.264287  
9871.162218  
9845.296387  
9824.216146  
9852.976273  
9870.900879  
9873.508355  
9866.508988  
9909.820077  
9943.227955  
9921.969817  
9980.440195  
9980.92296  
9992.954246  
9954.487612  
9970.55693  
9973.299172  
9941.275807  
9945.256673  
9911.641385  
9848.62632  
9815.665889  
9855.480161  
9851.890516  
9838.620533  
9873.653067  
9874.277904  
9834.46658  
9817.572175  
9811.097041  
9837.0355  
9843.619014  
9853.665781  
9868.612341  
9825.712945  
9835.775119  
9824.263147  
9844.343822  
9830.693667  
9867.755335  
9894.882342  
9902.73083  
9897.269459  
9890.332067  
9931.959057  
9931.903935  
9923.500036  
9920.942256  
9887.109899  
9865.195584  
9886.567654  
9908.824653  
9893.837004  
9879.366627  
9861.292951  
9909.933431  
9925.92712  
9901.21309  
9954.175854  
9931.110496  
9879.173611  
9887.576859  
9902.764648  
9826.773329  
9643.566424  
9882.546387  
9850.479709  
9833.793909  
9846.907462  
9843.661332  
9819.497739  
9815.585485  
9828.609719  
9828.582682  
9816.708406  
9834.400788  
9832.293005  
9806.787308  
9852.772732  
9838.301541  
9837.26624  
9821.185692  
9825.240542  
9867.647172  
9856.670772  
9869.417318  
9891.106753  
9889.797074  
9847.132415  
9852.407082  
9833.314128  
9857.131384  
9860.649703  
9875.926559  
9852.282606  
9875.192057  
9896.831326  
9891.8463  
9877.661422  
9859.786314  
9833.718406  
9820.938856  
9819.777199  
9812.914388  
9824.037507  
9789.894983  
9808.327528  
9834.981156  
9838.35565  
9810.446741  
9827.550817  
9826.926902  
9800.630733  
9844.891312  
9862.974157  
9826.126971  
9855.984013  
9853.082809  
9828.117368  
9816.524504  
9829.385326  
9819.43032  
9842.59715  
9858.618906  
9874.325647  
9846.13482  
9866.98763  
9879.0457  
9862.259133  
9843.948857  
9843.02946  
9857.933576  
9823.294036  
9867.004557  
9832.123445  
9833.176957  
9858.054669  
9849.348434  
9832.196072  
9826.233272  
9839.002966  
9831.744575  
9817.666016  
9865.317148  
9858.060294  
9886.28644  
9925.223181  
9903.977485  
9901.648058  
9919.732169  
9904.484285  
9888.734013  
9858.364837  
9841.696723  
9848.0912  
9823.835793  
9848.178458  
9859.997703  
9831.931731  
9822.333351  
9820.069264  
9845.473777  
9796.342339  
9822.391023  
9866.912164  
9846.303295  
9861.788954  
9867.675293  
9856.932201  
9857.624783  
9890.984737  
9884.459129  
9884.964536  
9884.558142  
9862.153501  
9852.68372  
9883.326208  
9913.384946  
9896.600839  
9931.654333  
9962.370009  
9960.76152  
9947.564507  
9936.939815  
9938.747794  
9947.339337  
9921.115542  
9973.993345  
9960.638021  
9929.809028  
9911.408673  
9921.134693  
9864.194571  
9845.825792  
9872.605849  
9834.741356  
9823.71497  
9826.05617  
9836.19213  
9822.57695  
9812.946687  
9863.884458  
9832.043186  
9847.310999  
9838.464753  
9879.844238  
9848.89889  
9828.56986  
9825.471408  
9827.175456  
9841.994647  
9879.388636  
9896.886303  
9868.531738  
9880.016149  
9873.270218  
9821.260652  
9819.79163  
9839.746691  
9811.768482  
9872.435348  
9842.873969  
9820.665039  
9843.255751  
9869.639052  
9865.543349  
9927.016529  
9924.453848  
9938.711787  
9894.182418  
9906.082013  
9853.490596  
9805.938531  
9799.992169  
9819.783836  
9814.459654  
9816.548376  
9841.658619  
9810.815592  
9826.01501  
9824.207104  
9834.620334  
9804.877224  
9822.661115  
9816.482928  
9823.624132  
9865.401494  
9864.731047  
9846.594998  
9828.353118  
9852.75425  
9839.787905  
9814.582303  
9860.496437  
9873.53257  
9817.360677  
9876.921423  
9900.599103  
9839.643121  
9852.679434  
9889.425004  
9875.999946  
9868.681695  
9909.676559  
9903.818034  
9879.207954  
9839.950846  
9860.556207  
9825.413538  
9865.308449  
9930.224103  
9932.832067  
9897.733055  
9909.523546  
9860.653736  
9811.278483  
9807.375398  
9858.454644  
9830.301577  
9827.333876  
9887.561759  
9862.728642  
9864.839355  
9862.283981  
9851.157407  
9823.612992  
9840.217647  
9834.120624  
9833.253129  
9838.639214  
9894.98792  
9915.168963  
9888.799624  
9912.348163  
9895.600532  
9891.470034  
9924.271611  
9902.697718  
9921.028664  
9918.363082  
9913.785391  
9850.174117  
9831.021882  
9808.679344  
9827.538466  
9833.709925  
9876.769965  
9911.017036  
9857.065665  
9900.677445  
9887.911133  
9834.617712  
9848.679905  
9859.005462  
9868.911169  
9866.053422  
9892.694354  
9880.710341  
9856.573351  
9929.086263  
9940.421351  
9909.104601  
9921.569191  
9847.421224  
9958.571325  
9889.003852  
9907.689562  
9904.405075  
9880.579572  
9854.494231  
9897.489764  
9863.944101  
9902.154405  
9882.205729  
9851.619267  
9858.400336  
9856.406105  
9874.614891  
9875.02105  
9868.767506  
9874.299931  
9878.926975  
9842.538737  
9870.794452  
9875.587348  
9852.682563  
9820.013111  
9857.622161  
9847.484393  
9841.363281  
9869.410102  
9846.135634  
9847.9358  
9853.472747  
9822.156196  
9869.054416  
9880.406015  
9835.934715  
9840.977648  
9890.840531  
9827.486419  
9845.036277  
9882.359429  
9853.377279  
9874.480776  
9897.151874  
9841.829915  
9832.490741  
9896.899667  
9860.779785  
9809.022479  
