9558.003895  
9536.214317  
9486.904221  
9566.814682  
9606.066921  
9637.890137  
9640.26012  
9596.458023  
9573.675041  
9535.242229  
9519.057285  
9515.693802  
9472.493553  
9506.308994  
9516.287582  
9528.457108  
9570.822983  
9484.143951  
9453.978321  
9427.75095  
9397.377171  
9408.690941  
9402.25803  
9400.628544  
9386.697628  
9394.820404  
9422.977074  
9431.610592  
9464.066242  
9429.304352  
9456.803391  
9493.559929  
9458.628674  
9425.720631  
9477.834949  
9463.79287  
9423.908852  
9437.164791  
9475.158688  
9450.368603  
9426.81218  
9455.412231  
9538.648422  
9549.197491  
9547.066002  
9543.80352  
9506.838974  
9500.251316  
9542.362415  
9533.085629  
9560.256126  
9490.286793  
9503.30064  
9505.378136  
9416.353695  
9456.876141  
9398.738689  
9385.850986  
9416.603806  
9472.528614  
9465.234982  
9466.753315  
9463.841507  
9448.164864  
9462.630096  
9477.370796  
9471.63834  
9482.925499  
9479.83926  
9465.813911  
9510.641876  
9520.710999  
9533.81015  
9632.85582  
9634.811687  
9602.084351  
9586.685104  
9479.833881  
9488.870625  
9500.176525  
9451.156887  
9453.035294  
9477.043182  
9494.924026  
9461.448681  
9440.705006  
9394.370895  
9482.758007  
9478.652157  
9525.790516  
9531.924713  
9519.416908  
9507.525101  
9463.112202  
9422.929012  
9415.084915  
9398.97163  
9391.712509  
9388.136486  
9387.708599  
9411.802563  
9494.16925  
9523.560814  
9482.568611  
9409.990479  
9462.88179  
9451.939697  
9433.895088  
9475.687786  
9548.457348  
9587.883022  
9544.35062  
9523.797901  
9508.977291  
9508.066601  
9497.313667  
9448.867218  
9456.880997  
9476.358162  
9460.907787  
9477.183804  
9468.99509  
9455.544243  
9460.229477  
9458.522438  
9489.284859  
9544.851078  
9497.995392  
9518.46344  
9477.373318  
9475.513653  
9487.121555  
9508.402802  
9434.698467  
9451.607887  
9480.230671  
9475.543118  
9451.63274  
9519.685726  
9566.569664  
9589.625824  
9609.050011  
9594.931183  
9510.411758  
9526.580261  
9490.384605  
9439.054153  
9478.018681  
9466.573128  
9531.703163  
9609.544239  
9601.601673  
9630.199593  
9597.41058  
9540.63937  
9547.579102  
9521.196835  
9480.188568  
9460.573318  
9424.293697  
9444.217625  
9451.912014  
9431.873833  
9484.243469  
9501.862465  
9470.484291  
9521.50259  
9534.236568  
9562.854141  
9562.632439  
9575.19112  
9582.645348  
9631.242493  
9566.409008  
9541.829437  
9633.393116  
9667.63644  
9645.51239  
9726.599667  
9663.169895  
9638.67889  
9597.776375  
9595.618187  
9597.90073  
9574.928688  
9602.474716  
9635.873077  
9613.712898  
9651.334091  
9616.199139  
9569.7108  
9568.437145  
9559.924728  
9533.462864  
9502.598045  
9524.942741  
9527.563797  
9570.60741  
9540.320236  
9469.323082  
9485.019066  
9476.402264  
9441.535942  
9443.436264  
9389.198647  
9335.305893  
9392.427124  
9347.181648  
9368.375637  
9408.791969  
9464.406658  
9505.013062  
9551.119301  
9511.727203  
9444.903114  
9522.931351  
9502.240372  
9467.006897  
9483.416309  
9490.180801  
9461.371597  
9469.653702  
9477.476933  
9390.775314  
9462.306843  
9480.400414  
9458.934135  
9510.119808  
9504.798683  
9469.783924  
9475.744991  
9466.010113  
9493.60297  
9498.863907  
9499.498917  
9531.260246  
9499.452793  
9497.584274  
9444.191151  
9502.968689  
9544.07531  
9527.776314  
9525.490788  
9519.676178  
9563.040657  
9583.675941  
9549.123566  
9559.964634  
9497.972336  
9554.980309  
9560.750862  
9498.097034  
9530.237446  
9508.815212  
9468.834976  
9456.476696  
9493.512638  
9433.51461  
9496.407589  
9522.16235  
9449.054535  
9494.593407  
9508.396194  
9474.875214  
9539.970387  
9631.181072  
9666.488838  
9706.197361  
9638.979408  
9540.671658  
9502.505653  
9452.084305  
9437.522015  
9410.396194  
9365.357265  
9422.902775  
9412.134621  
9456.482201  
9465.959869  
9397.167469  
9479.09174  
9406.803627  
9459.461811  
9431.598858  
9467.249298  
9397.714478  
9338.720379  
9360.56004  
9404.148697  
9414.184555  
9412.553226  
9442.549076  
9385.800827  
9394.820332  
9416.675243  
9424.361004  
9370.977158  
9392.26075  
9428.490829  
9413.357548  
9458.059937  
9455.798359  
9515.408035  
9610.79385  
9571.493698  
9514.587486  
9540.606472  
9538.283371  
9568.008568  
9566.423393  
9536.703659  
9564.33284  
9540.219101  
9476.885658  
9491.372662  
9530.795937  
9499.693584  
9504.787827  
9553.677887  
9572.602623  
9559.487244  
9558.352554  
9443.905167  
9485.932056  
9478.529453  
9425.731007  
9506.085251  
9499.323536  
9509.303257  
9527.233692  
9483.175232  
9412.301331  
9434.98568  
9488.913498  
9500.070599  
9565.147121  
9554.467041  
9545.574062  
9526.421864  
9556.828934  
9562.110176  
9522.228497  
9547.179226  
9475.933277  
9440.255676  
9450.477699  
9458.237247  
9386.311512  
9441.215984  
9467.723171  
9453.542133  
9518.028008  
9498.718357  
9554.07666  
9500.399281  
9496.527847  
9482.963943  
9507.552635  
9453.720692  
9499.778732  
9479.437733  
9416.32777  
9448.621525  
9466.605682  
9452.745155  
9457.866627  
9419.593048  
9409.2099  
9470.483334  
9485.35162  
9456.998501  
9472.304871  
9556.148384  
9581.405476  
9620.852776  
9584.932129  
9573.728916  
9615.46006  
9551.630974  
9621.853981  
9602.850643  
9566.215599  
9581.918633  
9619.809696  
9619.671001  
9644.099003  
9621.447254  
9574.953388  
9574.525711  
9603.114021  
9570.402519  
9558.723289  
9553.531029  
9511.645523  
9452.482136  
9460.290569  
9470.87244  
9434.326382  
9427.859135  
9400.790504  
9380.612961  
9349.024818  
9361.513165  
9327.132645  
9404.195744  
9403.629349  
9415.266705  
9434.806625  
9417.813274  
9315.145535  
9511.602802  
9456.201149  
9425.650352  
9477.48872  
9510.194687  
9515.360943  
9518.363041  
9533.46344  
9517.698406  
9540.506386  
9489.050686  
9541.701275  
9519.544907  
9465.960739  
9512.86515  
9547.525532  
9547.72414  
9540.435131  
9465.935055  
9486.91291  
9448.242489  
9379.146114  
9393.193428  
9384.289539  
9336.286457  
9407.485809  
9427.102844  
9402.182114  
9387.437668  
9515.712681  
9547.470276  
9566.064796  
9514.73999  
9442.916679  
9485.651581  
9449.719769  
9389.493206  
9438.674381  
9391.766457  
9401.994007  
9466.526112  
9497.580612  
9492.263142  
9471.85099  
9376.756001  
9361.092728  
9351.202255  
9310.933357  
9352.767311  
9393.616737  
9394.75853  
9402.318714  
9396.173592  
9428.024685  
9422.537231  
9442.974815  
9433.681492  
9462.259968  
9485.489052  
9514.039822  
9559.712276  
9625.03743  
9614.188  
9610.033951  
9586.968983  
9582.346485  
9575.507469  
9568.492943  
9568.214458  
9530.419281  
9526.11467  
9483.633755  
9539.033062  
9558.459263  
9527.749306  
9508.247475  
9596.8465  
9595.826038  
9596.71846  
9590.941792  
9581.543762  
9615.709583  
9606.63578  
9550.158276  
9592.104179  
9577.819389  
9539.037125  
9518.329277  
9597.202641  
9542.678177  
9536.422516  
9529.170753  
9450.770805  
9450.362469  
9475.047657  
9437.635654  
9514.459522  
9562.398666  
9498.334171  
9491.252605  
9519.329903  
9478.765472  
9478.186649  
9442.277111  
9388.194916  
9428.826855  
9422.157589  
9432.951992  
9475.434097  
9453.508057  
9455.799202  
9537.717342  
9526.001873  
9513.190899  
9515.830849  
9490.202534  
9460.515503  
9478.01062  
9428.260387  
9492.694218  
9540.214367  
9621.542271  
9623.594063  
9597.619045  
9630.841423  
9602.142963  
9639.297054  
9649.894325  
9617.985138  
9606.781326  
9603.420994  
9607.578323  
9638.704201  
9582.672249  
9498.812729  
9466.877926  
9539.426327  
9585.23547  
9570.400597  
9619.335766  
9604.239365  
9524.835526  
9524.08614  
9448.334297  
9496.523525  
9478.063137  
9433.150108  
9457.026009  
9486.988972  
9534.158745  
9622.400627  
9711.532463  
9708.751072  
9599.799274  
9569.701324  
9493.437801  
9507.572052  
9508.055031  
9488.915794  
9479.175655  
9448.328289  
9356.756306  
9414.037918  
9409.012527  
9387.323486  
9497.356285  
9473.239342  
9486.153854  
9487.960373  
9457.186722  
9389.461369  
9313.347591  
9359.077858  
9343.558521  
9363.40094  
9397.990387  
9482.346378  
9491.90699  
9522.962173  
9493.862877  
9416.357647  
9458.254879  
9431.177471  
9394.865417  
9433.616989  
9450.046093  
9459.78289  
9494.803364  
9482.051582  
9451.237453  
9486.937836  
9468.453072  
9502.660244  
9499.615097  
9475.310349  
9478.881676  
9489.354218  
9458.939541  
9415.122417  
9529.375851  
9545.223846  
9522.315979  
9501.423862  
9482.309288  
9391.078259  
9482.905148  
9515.372562  
9496.221722  
9514.587585  
9555.935493  
9552.125774  
9526.604996  
9511.102554  
9493.064907  
9442.762268  
9486.368286  
9469.75988  
9472.438309  
9582.624302  
9591.785713  
9619.349133  
9604.834244  
9549.684151  
9483.341724  
9477.693283  
9446.499786  
9377.88781  
9379.984585  
9423.792149  
9399.57785  
9400.929333  
9425.976116  
9369.07616  
9423.58007  
9449.42104  
9459.480957  
9496.113728  
9504.41114  
9582.303146  
9535.873188  
9555.351982  
9518.376118  
9475.207371  
9488.593227  
9465.710026  
9392.469303  
9402.9366  
9568.252598  
9635.175308  
9603.228939  
9611.638042  
9614.754295  
9521.153465  
9555.54007  
9536.051117  
9471.975586  
9507.896233  
9496.40617  
9500.601097  
9538.573757  
9474.425381  
9464.563568  
9489.933064  
9442.470531  
9485.730652  
9458.25935  
9410.652748  
9465.162895  
9456.64275  
9428.842529  
9434.89003  
9534.882877  
9591.90221  
9620.467583  
9657.692429  
9557.600494  
9554.735996  
9565.924236  
9524.865391  
9484.258217  
9500.006508  
9521.070271  
9539.404472  
9570.5261  
9543.110588  
9582.266121  
9545.521461  
9539.613609  
9545.021534  
9600.099529  
9548.074234  
9528.294289  
9451.874508  
9398.376358  
9391.010273  
9411.866413  
9362.960262  
9391.571438  
9429.267166  
9399.895931  
9443.32576  
9403.963318  
9406.703835  
9470.543125  
9495.07449  
9529.209454  
9528.368855  
9485.952106  
9435.113976  
9486.177368  
9475.452625  
9442.420403  
9521.854233  
9531.813744  
9549.657433  
9575.228878  
9527.532455  
9538.686104  
9531.406063  
9507.379044  
