9669.589704  
9612.266273  
9565.052156  
9561.922433  
9568.876555  
9617.532366  
9581.062251  
9569.972288  
9596.416653  
9582.195024  
9559.551509  
9525.86364  
9484.803193  
9495.368174  
9499.23007  
9519.979014  
9596.467056  
9590.456782  
9559.084821  
9500.349948  
9489.26407  
9521.482282  
9549.418298  
9557.447933  
9549.383939  
9506.879693  
9518.306222  
9521.088648  
9550.759297  
9536.324468  
9595.284987  
9598.550512  
9588.568329  
9570.15057  
9564.276168  
9507.552555  
9555.910774  
9559.473603  
9586.689931  
9571.833915  
9541.38929  
9539.37222  
9487.811763  
9521.347786  
9592.010493  
9578.452278  
9598.023149  
9590.452936  
9614.292152  
9578.044513  
9538.742995  
9510.505311  
9514.68753  
9533.417351  
9600.155373  
9579.956463  
9595.737763  
9613.921187  
9621.918357  
9575.339714  
9557.711436  
9573.689055  
9593.62209  
9544.779695  
9515.810945  
9528.258231  
9539.064802  
9566.042391  
9545.066904  
9553.161641  
9556.772242  
9579.780612  
9601.660704  
9599.969846  
9587.150989  
9602.408671  
9623.349261  
9662.981156  
9648.530423  
9638.206862  
9631.806322  
9582.224211  
9597.820193  
9614.345065  
9556.014459  
9500.845833  
9461.486507  
9479.574697  
9532.890336  
9589.49998  
9588.102738  
9618.471152  
9591.995207  
9592.327089  
9559.305714  
9532.16763  
9579.841299  
9645.515575  
9599.425941  
9585.104662  
9532.952268  
9550.012297  
9535.682717  
9583.19324  
9572.400171  
9577.363929  
9530.98572  
9533.622559  
9565.999641  
9538.05669  
9505.868333  
9519.430644  
9511.845055  
9553.104074  
9546.859495  
9546.315529  
9540.798768  
9553.539023  
9528.532346  
9507.405772  
9509.842863  
9483.475656  
9513.878797  
9522.694376  
9555.006706  
9554.259218  
9562.337343  
9552.952079  
9554.540019  
9580.262087  
9581.009357  
9590.979353  
9540.011739  
9537.472118  
9541.705756  
9520.693529  
9580.985959  
9591.571937  
9611.951022  
9592.378677  
9604.234564  
9551.446957  
9577.621672  
9503.120018  
9519.557826  
9544.433315  
9578.601363  
9595.757264  
9572.248794  
9544.029536  
9558.19325  
9540.768316  
9533.780752  
9563.545041  
9494.67906  
9521.361597  
9539.896733  
9541.287508  
9555.068379  
9530.347168  
9503.453823  
9544.673888  
9540.500608  
9560.425393  
9530.157675  
9512.404247  
9567.86377  
9604.072146  
9617.493563  
9601.365603  
9569.291972  
9564.904506  
9540.502053  
9602.792431  
9584.390306  
9560.215591  
9526.818748  
9568.015446  
9569.524364  
9577.142558  
9567.402354  
9569.850626  
9571.12789  
9617.547951  
9616.841189  
9627.970205  
9627.21019  
9590.559929  
9586.936683  
9608.339943  
9609.866908  
9586.099998  
9531.269322  
9516.209891  
9533.661322  
9520.003538  
9510.328504  
9487.715691  
9501.199049  
9482.699129  
9549.365583  
9510.16754  
9521.901656  
9566.103326  
9599.379464  
9614.598892  
9633.379145  
9631.4658  
9604.547742  
9565.856226  
9595.023418  
9637.181192  
9602.468431  
9617.001814  
9575.972905  
9572.116012  
9630.242765  
9656.02561  
9594.317353  
9537.972128  
9545.036392  
9602.011888  
9558.089515  
9534.26426  
9548.621403  
9552.138961  
9557.778799  
9503.716259  
9502.398338  
9458.049695  
9490.865075  
9549.342435  
9615.764449  
9605.205816  
9589.669434  
9553.080317  
9521.064224  
9527.979901  
9547.47725  
9551.170201  
9504.20443  
9521.194774  
9488.11919  
9531.549934  
9569.538913  
9595.152374  
9539.694346  
9547.270408  
9542.752362  
9527.270338  
9582.71017  
9530.538823  
9488.137177  
9554.622678  
9587.603207  
9593.199637  
9575.688287  
9576.643236  
9530.438073  
9560.910664  
9538.916853  
9589.228237  
9578.184042  
9551.166046  
9530.939971  
9517.149245  
9542.315629  
9520.700923  
9496.408841  
9504.218042  
9551.796905  
9619.997828  
9605.529845  
9616.477987  
9624.49161  
9590.703145  
9591.821658  
9616.185148  
9619.449916  
9600.250837  
9560.344756  
9551.107292  
9596.678821  
9560.85782  
9494.094557  
9491.827318  
9508.669075  
9536.960519  
9534.696209  
9496.511769  
9523.162807  
9545.23295  
9565.969647  
9572.774344  
9601.371393  
9564.739467  
9545.300373  
9670.3893  
9678.094806  
9644.035236  
9645.314174  
9594.71303  
9601.916075  
9580.96588  
9606.780144  
9598.416464  
9531.534638  
9567.132494  
9582.249671  
9604.709861  
9548.075793  
9564.155373  
9571.547862  
9527.592704  
9580.670231  
9569.653589  
9625.218282  
9578.585369  
9508.634297  
9499.224041  
9509.653858  
9531.506069  
9541.137058  
9532.819236  
9530.96602  
9605.647052  
9649.332639  
9633.427495  
9556.15062  
9524.317453  
9555.47437  
9544.296158  
9522.97454  
9527.276995  
9558.698451  
9557.592813  
9571.526297  
9530.683703  
9563.905692  
9562.334552  
9570.899205  
9571.711386  
9567.198382  
9624.940998  
9587.272092  
9559.838797  
9565.022212  
9605.057607  
9615.634716  
9634.485381  
9593.639349  
9579.697973  
9558.447724  
9571.69308  
9568.877989  
9532.005939  
9533.789611  
9522.961555  
9581.930893  
9564.256537  
9517.092345  
9489.317233  
9546.381975  
9565.82964  
9552.648886  
9526.718959  
9545.958297  
9553.51433  
9552.436743  
9542.690878  
9535.490952  
9584.081423  
9599.77854  
9589.388263  
9583.154606  
9582.260104  
9576.244559  
9563.591059  
9577.177027  
9572.266193  
9564.547284  
9545.981037  
9530.471321  
9503.838927  
9511.727599  
9507.788764  
9562.127222  
9554.400819  
9569.706583  
9545.271056  
9524.202447  
9507.456134  
9524.88352  
9543.218212  
9575.152244  
9617.070791  
9629.451481  
9620.868682  
9616.751026  
9568.761529  
9599.447375  
9547.120077  
9534.354084  
9528.721191  
9534.578434  
9540.506726  
9483.785973  
9460.991739  
9517.106037  
9531.544204  
9488.455248  
9499.560298  
9486.184331  
9487.397501  
9440.170599  
9511.396953  
9534.031828  
9540.400142  
9514.621801  
9530.658751  
9544.611557  
9554.913724  
9566.526347  
9609.288654  
9576.821189  
9585.319944  
9629.254016  
9609.53986  
9590.471939  
9597.939035  
9559.28706  
9573.335011  
9556.786322  
9562.245436  
9614.740394  
9588.039003  
9623.060547  
9592.010593  
9608.763871  
9623.60803  
9607.091239  
9590.069725  
9595.010124  
9599.604403  
9552.236199  
9529.782396  
9544.154337  
9556.717325  
9572.674984  
9558.065489  
9592.143017  
9584.218033  
9619.847666  
9581.735521  
9537.84385  
9511.710728  
9534.243832  
9551.481226  
9550.209383  
9547.453354  
9550.811464  
9560.308275  
9562.335061  
9617.618324  
9589.792112  
9577.266063  
9547.55689  
9554.530513  
9541.379414  
9523.945611  
9523.387436  
9553.11643  
9569.546187  
9579.922214  
9562.535196  
9568.845962  
9557.198561  
9563.268943  
9522.762695  
9510.589595  
9489.606545  
9497.56822  
9490.833456  
9480.006417  
9486.110461  
9500.912  
9482.803193  
9502.602121  
9511.772979  
9518.25007  
9545.26434  
9590.489009  
9554.374691  
9567.42617  
9532.951401  
9540.167969  
9533.332569  
9493.827398  
9532.716498  
9552.433833  
9558.449398  
9542.156928  
9527.677734  
9584.592514  
9592.539342  
9592.897311  
9570.256108  
9577.064892  
9544.383988  
9574.32663  
9558.080546  
9576.257354  
9599.26706  
9567.196379  
9552.079171  
9538.379634  
9567.580656  
9570.05683  
9558.797483  
9531.81539  
9496.229084  
9583.20166  
9620.68756  
9610.429578  
9641.3948  
9642.283343  
9661.832021  
9649.725098  
9644.157844  
9649.624591  
9639.888333  
9669.76149  
9651.345195  
9636.282476  
9554.206005  
9541.135314  
9501.902384  
9521.360431  
9490.689832  
9529.281399  
9540.947196  
9569.30954  
9563.309481  
9587.733687  
9580.742437  
9569.841598  
9540.423998  
9535.133321  
9524.258151  
9488.707868  
9505.670241  
9527.957021  
9526.037548  
9516.104472  
9523.896355  
9549.280891  
9590.688576  
9580.364367  
9544.344776  
9576.850476  
9589.570821  
9619.392638  
9606.029875  
9557.088827  
9602.373067  
9591.458765  
9588.053422  
9588.874173  
9603.321957  
9578.714963  
9563.467574  
9592.123794  
9585.220683  
9587.282077  
9577.148557  
9620.968541  
9605.842106  
9598.969986  
9594.849221  
9578.859475  
9559.942193  
9567.902802  
9555.682428  
9505.37773  
9509.453265  
9572.606116  
9598.508221  
9567.610053  
9548.166743  
9536.065878  
9586.236886  
9568.489188  
9566.237653  
9522.15896  
9519.828075  
9578.121144  
9563.655822  
9550.106126  
9506.141163  
9513.495077  
9546.899155  
9537.54558  
9547.718899  
9489.546217  
9510.669563  
9517.373107  
9553.477689  
9541.271833  
9533.662498  
9587.796138  
9573.801768  
9568.626345  
9543.116241  
9530.892528  
9584.465751  
9615.57673  
9594.245725  
9583.525161  
9600.690898  
9548.498276  
9543.294723  
9558.735411  
9558.075415  
9541.748356  
9538.354442  
9532.373665  
9554.890356  
9525.634168  
9503.067193  
9507.007394  
9524.5056  
9537.856166  
9532.834154  
9486.843172  
9514.996981  
9540.275032  
9564.140396  
9540.392  
9566.762586  
9579.275809  
9597.200016  
9586.007225  
9600.533941  
9615.296227  
9603.603526  
9577.242506  
9605.07378  
9615.543298  
9612.059421  
9618.761599  
9597.382105  
9582.985511  
9536.451859  
9480.682617  
9502.423918  
9548.340442  
9529.751136  
9515.42902  
9534.449  
9571.236747  
9587.615932  
9570.694525  
9551.050632  
9525.003667  
9553.761639  
9530.654965  
9525.27556  
9520.712681  
9553.790816  
9554.449926  
9577.570293  
9588.357472  
9586.241181  
9566.198611  
9539.518306  
9536.980748  
9561.926927  
9597.5342  
9599.803362  
9575.851034  
9570.17893  
9581.640077  
9625.649673  
9617.564682  
9595.527892  
9543.878278  
9524.812131  
9523.080706  
9538.392289  
9521.607492  
9524.377262  
9549.532097  
9544.756457  
9561.292251  
9520.688945  
9534.253737  
9563.475626  
9554.723882  
9560.938487  
9562.031768  
9572.994141  
9577.323262  
9574.589764  
9556.783253  
9544.063885  
9556.878846  
9529.930853  
9523.384467  
9524.855479  
9556.151596  
9554.589953  
9539.834313  
9542.749611  
9557.680196  
9578.774783  
9565.041962  
9538.80977  
9594.8948  
9592.509507  
9567.089654  
9592.817891  
9586.557398  
