10803.08602  
10756.26029  
10758.17668  
10784.15643  
10784.92464  
10775.38159  
10766.05699  
10771.61444  
10765.05092  
10738.71938  
10738.19895  
10687.01265  
10694.28625  
10697.47721  
10678.33046  
10721.16547  
10758.38125  
10772.98724  
10765.72677  
10777.6189  
10792.80406  
10767.80752  
10749.43396  
10692.00407  
10689.60832  
10710.95034  
10711.03849  
10742.36538  
10716.3526  
10754.46948  
10776.52543  
10753.06321  
10753.38765  
10725.90483  
10702.8465  
10719.57436  
10733.06484  
10729.70868  
10737.6143  
10760.92676  
10752.75877  
10791.93115  
10771.22536  
10798.46379  
10771.54899  
10797.8325  
10749.50419  
10818.21018  
10797.57458  
10757.0049  
10743.07928  
10754.7085  
10761.05855  
10749.97247  
10749.25751  
10776.24921  
10773.56755  
10748.85917  
10752.96452  
10747.88434  
10743.60883  
10726.77301  
10738.01129  
10708.28408  
10759.55162  
10800.91764  
10790.18994  
10844.53959  
10838.19108  
10794.85752  
10770.26752  
10753.17794  
10743.49221  
10732.17116  
10741.93148  
10732.87887  
10724.74984  
10759.11961  
10747.5909  
10752.87451  
10776.78318  
10765.18968  
10736.31319  
10731.37864  
10742.70888  
10739.3819  
10744.14948  
10775.4991  
10743.97229  
10799.10061  
10785.37081  
10835.8537  
10842.18054  
10839.415  
10825.00201  
10790.40316  
10795.31643  
10763.74894  
10751.06191  
10779.33215  
10737.17653  
10779.19218  
10777.09202  
10772.02511  
10763.19122  
10717.53969  
10733.79319  
10712.27702  
10715.83868  
10731.9575  
10743.35122  
10748.14724  
10758.37988  
10769.53955  
10749.88041  
10736.37756  
10745.36206  
10765.06283  
10770.20107  
10774.22538  
10749.27793  
10697.00783  
10724.7631  
10698.13066  
10727.79405  
10739.79692  
10724.55007  
10727.46511  
10721.22357  
10718.15377  
10709.88765  
10718.85441  
10710.31014  
10738.27045  
10748.61686  
10753.25513  
10711.84495  
10703.60394  
10729.28955  
10713.96718  
10733.65499  
10739.52207  
10769.14258  
10755.22485  
10719.65853  
10773.60708  
10757.66081  
10772.21857  
10754.28339  
10746.45416  
10748.35209  
10744.68101  
10768.42027  
10776.88898  
10763.36943  
10818.67485  
10876.72139  
10818.54628  
10800.38672  
10745.77747  
10749.45518  
10752.31183  
10765.89223  
10763.66172  
10749.70549  
10770.67668  
10749.3265  
10759.86768  
10773.02661  
10769.99207  
10790.2628  
10750.11013  
10724.82174  
10735.69704  
10691.27118  
10703.56671  
10710.80088  
10741.94088  
10769.35563  
10791.57483  
10765.51709  
10758.73338  
10782.21171  
10799.58046  
10821.47921  
10786.70974  
10757.15143  
10753.97825  
10720.71539  
10707.08024  
10737.89632  
10708.4929  
10722.86336  
10696.18514  
10718.18374  
10744.81856  
10731.75936  
10749.2267  
10758.13542  
10717.88332  
10751.49858  
10737.66172  
10729.06421  
10742.42468  
10752.35903  
10760.67076  
10736.54279  
10766.30992  
10785.01111  
10804.15411  
10787.38253  
10837.91272  
10792.03361  
10735.92242  
10726.30182  
10738.31417  
10765.56816  
10799.3527  
10818.53988  
10812.62028  
10791.94503  
10779.38068  
10787.69086  
10778.60382  
10754.02643  
10749.16829  
10759.17483  
10715.61676  
10697.79136  
10759.77987  
10756.37079  
10764.05145  
10789.69491  
10739.74738  
10746.91547  
10757.78859  
10736.8654  
10763.62065  
10709.38236  
10714.57538  
10738.91492  
10690.46431  
10724.08187  
10761.50783  
10684.03823  
10695.18172  
10662.5233  
10728.56453  
10705.99622  
10727.49015  
10769.60419  
10734.49367  
10751.64488  
10729.40538  
10779.52399  
10711.13668  
10748.76115  
10748.14614  
10700.83982  
10715.09005  
10727.10494  
10745.50661  
10749.60708  
10757.88942  
10727.71149  
10726.70148  
10733.7538  
10755.90377  
10774.44222  
10757.95074  
10722.89897  
10744.30615  
10742.37567  
10776.11674  
10788.96924  
10794.29541  
10762.08734  
10727.9953  
10737.92519  
10725.105  
10766.57576  
10753.71049  
10758.37901  
10767.17562  
10765.21446  
10758.15202  
10768.60671  
10782.44379  
10777.97329  
10768.72424  
10741.71299  
10699.51892  
10729.96452  
10753.39113  
10743.46143  
10757.27891  
10768.69963  
10748.66305  
10754.63477  
10741.33628  
10763.7372  
10776.99615  
10744.62286  
10734.9141  
10735.30345  
10712.96204  
10761.71733  
10769.05583  
10803.55052  
10779.71842  
10755.03302  
10706.60929  
10739.00987  
10730.36879  
10751.37569  
10780.00232  
10761.52521  
10757.76247  
10747.12813  
10739.86859  
10725.302  
10710.69383  
10728.93496  
10759.03746  
10723.26414  
10720.68024  
10738.3903  
10752.95461  
10748.75686  
10782.49957  
10787.83779  
10745.23326  
10752.18233  
10749.96464  
10738.72591  
10745.76562  
10755.41071  
10724.47264  
10722.18445  
10685.3622  
10716.59462  
10750.45597  
10720.7973  
10750.46216  
10732.89496  
10753.99856  
10756.52836  
10712.13601  
10713.5508  
10757.1816  
10771.82379  
10754.27515  
10750.58728  
10735.19623  
10760.64294  
10753.72345  
10718.46973  
10764.97367  
10739.60187  
10723.34871  
10729.49487  
10742.38527  
10753.80741  
10722.45412  
10749.46004  
10719.71338  
10729.41394  
10752.43982  
10798.50993  
10777.6581  
10726.43701  
10734.15409  
10718.96623  
10708.14183  
10749.27106  
10713.0485  
10688.59239  
10758.25708  
10739.97477  
10781.52561  
10816.01471  
10765.16302  
10767.82009  
10746.60624  
10755.35938  
10784.92865  
10730.09334  
10743.57251  
10781.12152  
10743.3055  
10759.17664  
10779.48  
10763.40328  
10811.72174  
10763.99972  
10758.89925  
10769.7853  
10725.05896  
10719.04576  
10726.64915  
10773.23291  
10752.46523  
10763.68333  
10744.27594  
10755.87177  
10739.27  
10716.2796  
10706.11664  
10700.69027  
10739.65179  
10729.72974  
10721.55021  
10747.94265  
10780.67446  
10773.3724  
10839.80157  
10828.00816  
10832.83478  
10830.65656  
10788.1144  
10778.68681  
10765.68862  
10782.58067  
10765.1543  
10744.24943  
10741.93219  
10752.76019  
10737.89978  
10722.46969  
10723.50238  
10723.46832  
10733.89547  
10721.79751  
10731.76851  
10711.35431  
10739.24481  
10752.04331  
10740.20038  
10718.3386  
10700.26565  
10694.07515  
10755.01843  
10743.66638  
10763.46061  
10720.89339  
10715.83425  
10763.36955  
10739.63609  
10750.17037  
10740.8762  
10738.42485  
10760.26634  
10770.29999  
10765.83081  
10774.02574  
10731.64783  
10738.33183  
10708.93622  
10712.44216  
10735.45793  
10760.57747  
10762.67053  
10717.70388  
10701.24601  
10737.55467  
10751.45296  
10783.50079  
10772.20111  
10742.20715  
10709.18089  
10747.82334  
10746.20709  
10776.65774  
10778.09049  
10765.27948  
10708.59465  
10752.76479  
10710.36837  
10726.09068  
10728.49241  
10777.23151  
10746.43217  
10764.47591  
10753.94627  
10785.63279  
10790.61723  
10760.97264  
10746.08112  
10736.19698  
10734.33659  
10730.85954  
10741.48779  
10759.75232  
10712.50427  
10737.86861  
10775.16667  
10768.48975  
10785.56744  
10798.28768  
10740.80857  
10749.38717  
10753.56527  
10767.02911  
10750.3889  
10799.93813  
10763.93467  
10747.83289  
10775.62657  
10758.05324  
10777.04055  
10763.43005  
10745.22746  
10766.61818  
10732.97797  
10749.38497  
10762.35685  
10751.69838  
10747.16457  
10768.40662  
10787.4434  
10814.96096  
10779.35661  
10764.38686  
10746.75944  
10775.03276  
10745.10173  
10752.55707  
10773.53619  
10756.10506  
10720.71352  
10725.06993  
10725.78103  
10725.38684  
10732.78076  
10726.64838  
10741.82461  
10732.8276  
10707.60962  
10727.63928  
10741.90055  
10760.77848  
10776.11993  
10734.11023  
10708.62329  
10716.82792  
10722.96863  
10732.27926  
10723.48277  
10742.69104  
10740.62126  
10704.53982  
10740.07387  
10762.1072  
10776.88867  
10770.25427  
10756.45803  
10727.38873  
10714.91713  
10700.91685  
10740.37111  
10738.63053  
10720.13033  
10708.07825  
10792.55528  
10778.35952  
10815.97111  
10825.00413  
10811.8927  
10789.20479  
10758.6182  
10731.53084  
10747.79753  
10727.77608  
10781.4399  
10804.57501  
10788.05853  
10785.03237  
10726.74443  
10710.56881  
10732.08791  
10730.07562  
10736.21389  
10756.803  
10788.91779  
10752.47567  
10795.79569  
10811.3135  
10766.70319  
10789.49371  
10765.88696  
10741.348  
10736.03652  
10722.36294  
10755.4506  
10745.66427  
10724.44332  
10704.46043  
10733.0422  
10716.47648  
10744.73399  
10767.6721  
10775.54248  
10719.11106  
10695.46356  
10739.05393  
10733.66579  
10768.42244  
10794.40509  
10760.409  
10739.90285  
10768.57623  
10774.59975  
10746.56661  
10725.61029  
10733.86888  
10706.58545  
10689.60958  
10702.73195  
10734.337  
10748.96234  
10801.99552  
10760.05735  
10756.32916  
10738.22009  
10768.23584  
10744.63959  
10774.85409  
10784.7359  
10739.92228  
10750.62349  
10762.36898  
10755.81807  
10734.34808  
10746.52655  
10713.69096  
10709.32048  
10720.4443  
10747.80709  
10741.74644  
10754.2077  
10760.65  
10726.15666  
10707.20846  
10727.24921  
10802.99807  
10780.1415  
10844.41331  
10797.16528  
10792.87244  
10828.56848  
10827.1334  
10872.19224  
10861.17641  
10852.455  
10817.85101  
10744.21916  
10698.72843  
10673.63926  
10679.46092  
10713.00895  
10704.62305  
10716.43009  
10734.51023  
10706.25057  
10673.32397  
10704.91726  
10725.93221  
10699.67236  
10752.6825  
10756.41097  
10742.23798  
10720.34163  
10740.14862  
10742.0048  
10728.04787  
10753.96871  
10746.59904  
10768.2018  
10749.01064  
10705.02228  
10719.44845  
10719.43577  
10737.7241  
10749.23393  
10767.07674  
10756.83085  
10753.03723  
10756.21332  
10763.92493  
10774.64522  
10797.55544  
10796.88141  
10766.75789  
10776.14909  
10761.427  
10775.70274  
10764.79045  
10730.71389  
10750.70892  
10752.27846  
10739.7568  
10776.43079  
10768.93813  
10771.23051  
10744.13192  
10736.08639  
10739.30996  
10723.76265  
10732.89252  
10719.61214  
10737.53868  
10772.93996  
10764.28927  
10749.32522  
10790.54987  
10789.17918  
10801.74345  
10781.64545  
10783.94189  
10805.43221  
10741.97357  
10728.91593  
10717.34192  
10734.13051  
10697.64256  
10714.69564  
10734.71572  
10733.65879  
10780.94495  
10770.26634  
10784.11446  
10792.04856  
10820.2074  
10791.76923  
10762.33179  
10719.77317  
10748.67867  
10713.1013  
10709.60704  
10693.27356  
10709.91317  
10713.86338  
10721.17397  
10727.34285  
10726.29596  
10761.16838  
10774.69128  
10794.11745  
10751.84367  
10726.63279  
