5252.082341  
5238.590546  
5221.894897  
4942.009639  
4999.240091  
4962.426862  
4991.042664  
5063.996787  
5014.959002  
5023.393886  
4979.03346  
5036.593933  
5015.739062  
5019.704311  
4980.22484  
5037.012778  
5003.945086  
5064.406503  
5029.925524  
5003.413138  
4990.071533  
5036.828217  
5047.053305  
4993.858542  
4945.105185  
4973.610631  
4984.578796  
4989.094748  
5040.480334  
4988.902706  
5053.903285  
5025.744712  
4988.420205  
5012.617571  
5012.783883  
5015.256675  
5021.69873  
4991.585863  
4981.204559  
5025.248871  
5025.300716  
5031.310072  
5005.17453  
4979.613695  
5001.812901  
4998.862819  
5007.53435  
5001.545524  
4974.05222  
4974.353045  
4984.173231  
4969.81233  
4947.7291  
4989.202567  
5006.908456  
4960.354021  
4964.413365  
4959.317269  
4952.66486  
4967.082912  
4938.49673  
4947.166351  
4950.100987  
5022.487985  
4974.833623  
5000.313389  
4988.426535  
4964.099766  
4934.104688  
4984.848594  
5067.669294  
5028.498239  
5003.150434  
5012.192998  
5074.429413  
5033.03598  
5039.74489  
4991.016166  
4998.831861  
5056.349016  
5018.186898  
5027.444946  
5070.956425  
4974.45231  
5016.321089  
5023.022648  
5026.327384  
5057.891549  
5070.191742  
5055.624708  
5084.35614  
5077.122227  
5089.890795  
5075.312517  
5062.561109  
5074.924622  
5048.091692  
5116.246464  
5084.571176  
5070.302512  
5031.716125  
5080.963963  
5051.100582  
5041.824467  
5065.475324  
5003.474945  
5007.630436  
5059.107605  
5056.474143  
5061.996565  
5027.329651  
5041.520133  
5040.558472  
5057.504708  
5020.804626  
5049.194035  
5045.988787  
5071.773629  
5106.021698  
5023.780648  
5014.469356  
5039.561157  
5065.233438  
5053.912951  
5053.943634  
5063.608865  
5014.492079  
5020.757581  
5028.922852  
5042.892443  
5007.900072  
5038.394666  
5025.384709  
5089.393184  
5028.812984  
5069.33762  
5042.958666  
4985.107548  
5033.075374  
5063.097961  
5019.492201  
4995.299931  
5034.810281  
5033.016414  
5037.066092  
4995.858682  
5014.381003  
5032.661137  
4961.137312  
5046.699794  
5059.631186  
4972.841657  
4935.218772  
5016.645682  
4996.012002  
4972.02104  
4937.546221  
4977.859706  
5012.207084  
5006.929587  
4970.811406  
4980.127106  
4942.837062  
4981.208535  
4994.963322  
5000.704572  
5002.006147  
4982.414982  
5019.733935  
5011.602016  
4991.475529  
4987.54783  
4977.725041  
4965.119062  
4966.783722  
4988.337917  
5008.802765  
5023.005511  
5034.455013  
5029.535304  
4958.079075  
4988.069733  
4988.261945  
5016.144475  
5004.96773  
5005.265991  
4991.802734  
5000.616398  
5035.080218  
4985.757926  
5007.163596  
5003.925171  
5005.872079  
5029.19856  
5015.302852  
5012.139539  
5007.410012  
4970.596793  
4999.920489  
5013.389356  
5044.899357  
5018.845075  
5014.189375  
5009.29388  
5088.119341  
5102.914825  
5097.329856  
5071.796134  
5080.436964  
5053.310216  
5045.433934  
5087.442723  
5062.256178  
5045.889962  
5050.624965  
5034.836251  
5075.851994  
5044.031394  
5085.805799  
5049.054095  
5067.847844  
5104.169072  
5107.950553  
5116.525731  
5064.141301  
5033.917908  
5040.344591  
5044.507259  
5030.237126  
5014.627215  
5073.787676  
5102.650369  
5099.290427  
5004.705183  
5026.017561  
5032.57537  
5073.278028  
5017.438982  
5005.726052  
5011.02213  
5012.106432  
4994.784943  
4990.960515  
4955.5402  
5015.394248  
4983.01692  
5001.923567  
5002.805498  
5042.789132  
5003.196603  
5007.227291  
5005.165475  
4994.577035  
5057.740474  
4977.433729  
4959.462084  
4958.828949  
4950.744943  
4952.647574  
4963.571023  
4993.897282  
4926.536486  
4965.853062  
4935.073752  
4963.869489  
4952.430529  
4952.425659  
4970.127494  
4941.995767  
4967.809248  
5003.0079  
5035.872232  
4989.515403  
4991.396916  
4965.197523  
5007.261444  
4997.796382  
4963.177852  
4969.425088  
4988.642469  
4962.273795  
4965.06383  
4964.888258  
4989.863229  
4987.935669  
4912.089255  
4947.071647  
4950.176426  
5028.33817  
4988.242004  
5021.901332  
4970.981689  
4951.394435  
5005.179212  
5012.092538  
5016.795776  
4954.0656  
5124.690726  
5044.884308  
5078.907972  
5125.309056  
5059.771737  
5085.810516  
5076.735334  
5081.158674  
5097.944733  
5092.270442  
5019.803702  
5077.497716  
5085.486572  
5068.326747  
5056.919704  
5064.468227  
5045.213531  
5050.669939  
5059.726323  
5027.2132  
5018.490945  
5051.113233  
5011.442884  
5044.743617  
5039.163871  
4986.558175  
5036.847046  
4963.41381  
5019.627777  
4998.709516  
5013.696681  
4977.04732  
4992.90033  
5024.039852  
4980.616023  
5002.79902  
5037.036272  
4972.574027  
5002.713771  
5034.882542  
4969.622506  
5010.246543  
5000.523516  
5005.492724  
5003.20166  
4997.446851  
5023.733551  
5039.339164  
5033.018332  
5055.520926  
5003.867772  
5058.595721  
5006.025735  
5026.640359  
5013.955253  
5075.37575  
5061.340951  
5041.249647  
5040.656311  
5057.207502  
5066.132878  
5099.201808  
5021.970551  
5061.221531  
5062.258275  
5044.178598  
5068.120492  
4989.32162  
5031.275809  
5054.833431  
5085.759269  
5055.917132  
5056.159869  
5029.424661  
5043.123762  
5063.511632  
5110.490243  
5080.839591  
5020.117214  
5053.13467  
5050.463593  
5055.179517  
5077.656294  
5055.304692  
5077.105931  
5099.233159  
5032.388663  
5029.684047  
5040.839809  
5061.613796  
5038.419582  
5002.996338  
5047.46654  
5042.130864  
5022.588614  
5041.22219  
5074.883519  
5055.377463  
5030.68481  
5010.930777  
5023.753414  
5029.853973  
5057.333941  
5074.601859  
5024.29405  
5020.46814  
5022.050428  
5044.903809  
5051.335236  
5009.19223  
5026.381618  
5046.396123  
5073.676143  
5056.846915  
5039.796814  
5031.572937  
5038.202938  
5017.901084  
5054.404197  
5041.041979  
5048.93331  
5076.480164  
5089.123505  
5088.908617  
5035.169063  
5040.989877  
5063.863948  
5087.926671  
5076.82673  
5045.509513  
5048.542167  
5070.883532  
5040.1907  
5023.857936  
5017.091352  
5020.085545  
4992.880672  
4991.675956  
5026.506801  
4956.830104  
4991.545319  
5001.604959  
4978.501286  
5003.924761  
4990.567806  
4993.479126  
4983.028983  
5026.08687  
5020.447348  
5006.298305  
4999.222382  
4955.716435  
5012.954965  
4997.584508  
5016.442518  
4976.26825  
4989.229889  
5006.171696  
5015.792241  
4993.948491  
5036.296295  
4984.095738  
5028.472081  
5045.97804  
5034.590528  
5057.300947  
5052.518236  
5028.203443  
5026.740731  
5049.483555  
5062.003065  
5049.810612  
5038.699855  
5059.890302  
5008.571245  
5052.501421  
5043.394937  
5084.78258  
5066.073857  
5032.749983  
5065.393733  
5016.349993  
5040.566485  
5044.330732  
5010.635337  
4996.219731  
5024.456613  
5020.36874  
5016.721684  
5033.819846  
5010.998688  
4991.253387  
4996.651882  
5055.336421  
5050.705331  
5046.984493  
5043.519056  
4995.139701  
4978.624677  
5047.238172  
5031.252834  
4993.986542  
5023.397901  
4978.683424  
4995.224862  
5019.680259  
4995.954054  
5018.537807  
4966.927721  
4997.209782  
4990.381675  
4996.212886  
5036.970376  
5054.399863  
4981.957759  
4987.619359  
5023.885106  
5019.53098  
4986.600494  
5085.843828  
5022.528159  
4952.852774  
5000.079476  
5020.123365  
5017.120841  
5011.746739  
4993.347015  
5036.685115  
5040.790458  
5079.479762  
5070.121041  
5025.89158  
4980.746185  
5022.624294  
5023.993482  
5007.569101  
5034.534402  
4971.399157  
4991.29783  
5021.440033  
5031.050446  
4965.6762  
4996.521729  
4993.275099  
5000.19761  
5025.965179  
4981.411721  
5004.207389  
4990.167167  
5006.113639  
5028.545114  
5012.140996  
5011.800472  
5002.18045  
5048.879905  
5077.168069  
5016.379007  
4983.008039  
5039.626583  
5046.180546  
4999.669259  
4988.488626  
4979.756396  
5000.568281  
5038.360129  
5050.044137  
5047.912314  
5004.194087  
4990.850037  
5054.065499  
5043.921095  
4998.798697  
5000.289525  
4970.389731  
5012.136427  
4992.009299  
5033.148747  
5018.706796  
5001.260899  
5008.038587  
5060.246229  
5025.291752  
5027.97753  
5013.831857  
5041.402161  
5026.521803  
5017.883401  
5049.849165  
4970.319401  
5014.858991  
5039.256321  
5066.395464  
5048.68413  
5053.067858  
5053.65516  
5014.384229  
5065.745047  
5030.418971  
5016.643934  
5053.468968  
4992.9264  
5036.2388  
5042.318582  
5026.444266  
5027.24166  
5065.621634  
5009.367754  
4994.731925  
5013.160579  
5022.296134  
5073.434849  
5028.89696  
5002.559134  
5038.98802  
5055.229885  
5078.753078  
5067.941232  
5022.002681  
5028.79936  
5037.651097  
5064.102644  
5076.075069  
5043.884848  
4980.752594  
5003.592233  
5036.723659  
5059.140656  
5028.845333  
5050.350712  
4965.773738  
5023.907876  
5048.020595  
5088.920637  
5032.39161  
5060.833357  
5039.145124  
5022.950174  
5037.47903  
5064.04664  
5049.285993  
5048.650678  
5034.285217  
5038.267648  
5028.818015  
5062.718436  
5045.353171  
5048.143197  
5020.134761  
5047.892347  
5049.259548  
5001.252999  
4985.353263  
4994.162214  
5016.855395  
5046.528691  
5019.809605  
4981.548205  
5027.17606  
5025.018973  
4990.580392  
4988.234484  
4987.994237  
5029.78806  
4971.946612  
4978.100878  
5025.622371  
4957.164315  
5041.828884  
5028.944013  
4992.756539  
5032.202837  
4955.645181  
4977.685137  
5003.745252  
5032.89481  
5030.653172  
5015.274318  
5033.616608  
5046.047494  
5031.597129  
5022.769069  
4976.264971  
5025.574328  
5036.340162  
5037.52267  
5035.356297  
4988.502075  
4998.790554  
5017.158805  
5026.473785  
5022.441977  
5004.023189  
5047.642099  
5028.747332  
5035.270163  
5003.581151  
4958.68488  
4982.272313  
5013.348267  
5052.018978  
5044.003348  
5081.865352  
5016.103023  
5065.557447  
5035.605765  
5090.592451  
