8614.815601  
8641.474071  
8624.50439  
8590.92749  
8585.731567  
8545.530292  
8528.503603  
8538.184186  
8594.635566  
8538.755272  
8547.013532  
8474.025287  
8489.588153  
8526.247975  
8496.02002  
8546.599297  
8612.098022  
8604.87528  
8635.218103  
8619.616383  
8598.596255  
8581.447116  
8573.292399  
8567.352941  
8517.228615  
8517.310936  
8514.536739  
8550.37845  
8472.571348  
8525.747866  
8536.490289  
8477.034971  
8503.952569  
8554.356757  
8529.507519  
8568.045677  
8581.296812  
8610.332009  
8594.593587  
8618.162173  
8613.709224  
8613.460544  
8554.311808  
8539.887053  
8575.732973  
8571.515078  
8524.522244  
8565.311682  
8566.336191  
8585.024721  
8541.867911  
8561.507134  
8509.987684  
8570.48381  
8540.683847  
8499.270417  
8494.80797  
8499.98475  
8541.21318  
8568.816895  
8540.566379  
8548.637971  
8590.474668  
8592.719704  
8608.33879  
8622.019599  
8623.406386  
8600.808191  
8597.96035  
8597.660206  
8571.549791  
8559.283899  
8598.558218  
8573.716046  
8584.539194  
8630.998779  
8594.095735  
8618.89704  
8563.771851  
8624.396593  
8596.566442  
8566.516407  
8538.695801  
8494.820819  
8526.177965  
8525.759594  
8505.387442  
8492.345066  
8447.61443  
8532.460146  
8498.757189  
8451.024188  
8547.561013  
8488.364375  
8507.813924  
8567.408759  
8511.37391  
8531.788877  
8523.568961  
8574.752197  
8520.192767  
8574.325073  
8528.299434  
8574.541174  
8529.510132  
8487.43184  
8513.599456  
8465.789013  
8520.556482  
8504.11221  
8543.489443  
8522.115741  
8544.377631  
8513.587583  
8524.978457  
8526.415875  
8517.815262  
8515.897208  
8526.317622  
8534.806573  
8596.732024  
8565.558553  
8553.239592  
8460.892411  
8480.781937  
8508.60239  
8489.810334  
8518.502044  
8488.163719  
8457.040627  
8456.217394  
8462.083537  
8477.746939  
8496.647682  
8468.626641  
8478.88133  
8458.162046  
8400.996568  
8450.319417  
8490.416653  
8511.262347  
8515.895978  
8583.123223  
8606.68089  
8592.455313  
8613.704897  
8603.253554  
8577.271534  
8548.641448  
8563.924782  
8596.257134  
8609.07416  
8630.283171  
8624.944408  
8635.193359  
8613.476454  
8623.196054  
8582.450358  
8479.686677  
8533.215924  
8492.443884  
8519.034252  
8525.704567  
8491.84469  
8510.564702  
8502.842177  
8497.821949  
8520.072501  
8548.263012  
8530.140064  
8471.734827  
8569.324897  
8590.065018  
8522.45119  
8505.992332  
8582.07161  
8588.213637  
8517.026263  
8525.206213  
8552.574259  
8580.298539  
8606.919691  
8591.169343  
8581.129544  
8548.887469  
8532.651688  
8565.658511  
8606.500289  
8588.684399  
8585.993856  
8601.967624  
8589.266154  
8585.026277  
8612.521218  
8640.291947  
8605.574775  
8617.566763  
8619.077967  
8570.821963  
8504.926609  
8557.343601  
8520.88572  
8469.960377  
8501.635543  
8543.109366  
8516.446945  
8502.544425  
8522.457117  
8517.538968  
8590.168584  
8543.914628  
8557.868368  
8511.714541  
8477.173073  
8460.161314  
8489.580887  
8522.804936  
8552.764377  
8511.183051  
8485.135218  
8488.069539  
8574.409867  
8550.1528  
8568.25788  
8576.570453  
8563.70067  
8575.289447  
8566.801012  
8575.861599  
8561.589107  
8588.223262  
8568.172214  
8573.246953  
8593.755516  
8568.084649  
8599.757044  
8628.867834  
8607.439128  
8641.08119  
8597.244113  
8629.438151  
8550.187242  
8515.976766  
8531.549466  
8494.882496  
8589.207737  
8550.987838  
8573.527231  
8564.437857  
8587.15247  
8557.653479  
8523.698554  
8614.249602  
8626.046256  
8631.562505  
8631.595079  
8670.681907  
8671.1376  
8594.038484  
8605.287584  
8526.567387  
8554.479348  
8584.737648  
8645.854225  
8629.62783  
8591.210576  
8608.265485  
8561.389106  
8587.290432  
8579.732684  
8613.333437  
8601.921834  
8527.66498  
8518.041233  
8551.238403  
8569.325566  
8534.219898  
8618.662363  
8599.964337  
8575.693129  
8552.952659  
8527.016706  
8567.108475  
8600.694743  
8546.624299  
8544.447474  
8560.283786  
8621.365628  
8581.867861  
8568.894671  
8565.230668  
8539.260439  
8532.366396  
8472.695412  
8592.806401  
8558.75543  
8537.949332  
8537.480066  
8543.082361  
8527.695964  
8506.245465  
8488.834997  
8527.329626  
8522.302169  
8541.679036  
8508.970699  
8487.298218  
8518.687165  
8481.211765  
8495.130846  
8502.063924  
8519.2458  
8578.665898  
8562.788579  
8645.777421  
8577.13118  
8567.249575  
8581.663326  
8554.279627  
8574.451131  
8560.015186  
8580.762605  
8565.540681  
8585.490506  
8525.15667  
8474.344871  
8508.062536  
8532.928372  
8491.601676  
8561.268641  
8540.264047  
8531.484303  
8605.175727  
8583.59536  
8624.659537  
8611.451393  
8649.378734  
8623.873255  
8609.488204  
8589.054095  
8528.288158  
8611.224166  
8613.068721  
8563.310276  
8612.790518  
8619.155938  
8626.790658  
8630.695742  
8655.582827  
8665.453532  
8663.811198  
8636.361703  
8568.13114  
8607.49943  
8556.493964  
8567.594089  
8555.184864  
8592.362359  
8589.827438  
8517.123553  
8540.814724  
8532.52153  
8611.640878  
8598.678128  
8577.262356  
8539.573043  
8483.398813  
8488.777258  
8490.603864  
8497.806446  
8481.939964  
8483.497965  
8481.359384  
8484.446886  
8525.420302  
8506.581321  
8547.043109  
8552.237467  
8517.771548  
8563.837063  
8552.199843  
8553.061013  
8505.760968  
8503.114728  
8456.208627  
8562.672517  
8544.242798  
8507.403008  
8532.245718  
8551.673249  
8604.891787  
8587.881113  
8628.3159  
8636.800763  
8585.204269  
8571.468827  
8478.910007  
8499.668263  
8559.307016  
8555.251252  
8566.220201  
8537.517406  
8549.211051  
8538.828347  
8494.881361  
8517.114945  
8546.31203  
8585.390345  
8546.174253  
8530.013835  
8545.978846  
8518.712796  
8518.792878  
8547.337118  
8514.882094  
8600.406119  
8568.914628  
8589.983028  
8517.892583  
8546.709599  
8538.28573  
8518.982517  
8522.656603  
8534.157263  
8602.822704  
8611.366455  
8656.337357  
8628.112142  
8614.524627  
8544.975364  
8563.838261  
8520.819752  
8550.889969  
8531.68906  
8545.644084  
8548.798625  
8547.750158  
8551.080345  
8563.299963  
8578.039433  
8552.731554  
8576.067157  
8602.698229  
8599.539836  
8531.5989  
8520.265417  
8580.228552  
8602.711032  
8621.394803  
8612.778081  
8625.997902  
8628.139382  
8671.40059  
8617.955187  
8623.716245  
8622.910613  
8607.117373  
8633.585033  
8601.479244  
8590.113968  
8617.350581  
8612.957167  
8647.123499  
8585.105053  
8646.82034  
8604.492902  
8593.326059  
8638.230514  
8609.597964  
8602.078229  
8600.269088  
8627.913276  
8610.896317  
8579.378879  
8589.147  
8589.220988  
8644.915586  
8664.666016  
8648.895544  
8642.600247  
8632.506189  
8641.93443  
8624.066673  
8632.248024  
8625.074422  
8634.73216  
8622.746582  
8694.416893  
8596.606097  
8641.891565  
8585.260991  
8639.111432  
8600.601052  
8608.262451  
8577.169474  
8551.028031  
8578.518039  
8545.659921  
8589.635462  
8571.840793  
8588.846427  
8549.156838  
8547.940231  
8526.466639  
8492.810565  
8537.17268  
8487.512713  
8513.502518  
8536.961155  
8526.652335  
8520.583243  
8449.218614  
8515.778311  
8520.464003  
8538.469311  
8569.185131  
8475.077126  
8484.437948  
8477.234493  
8455.594641  
8504.086711  
8502.64143  
8509.383694  
8520.944856  
8533.777873  
8546.626148  
8518.752821  
8506.14114  
8464.165699  
8490.420785  
8501.467471  
8553.946131  
8533.859285  
8546.777253  
8522.289976  
8557.027262  
8514.877654  
8581.789808  
8608.107928  
8535.47087  
8576.141362  
8533.311352  
8536.098529  
8473.122292  
8501.579364  
8548.076823  
8575.60319  
8520.518415  
8588.365099  
8523.046084  
8512.322939  
8503.720554  
8471.883102  
8502.897994  
8563.57114  
8532.947822  
8551.144997  
8571.044149  
8553.805311  
8487.569182  
8475.812301  
8536.763699  
8515.11315  
8544.581805  
8561.171839  
8540.071958  
8499.995899  
8525.046233  
8510.426595  
8502.822605  
8475.039637  
8543.35815  
8527.557893  
8517.52025  
8559.117246  
8560.967651  
8545.503237  
8539.840581  
8578.914537  
8556.055067  
8597.681903  
8590.228326  
8550.958745  
8561.873517  
8580.749855  
8564.320896  
8520.01397  
8551.812844  
8548.540767  
8553.771421  
8573.964871  
8641.255715  
8615.187147  
8613.521177  
8608.628025  
8582.653519  
8533.986961  
8535.698337  
8541.704721  
8541.983575  
8490.37656  
8564.565895  
8532.852969  
8581.798864  
8534.847539  
8514.335201  
8553.838094  
8495.561709  
8538.185045  
8530.846404  
8496.840142  
8536.393306  
8562.972177  
8564.539035  
8550.195561  
8568.511249  
8518.41088  
8508.845956  
8493.264707  
8522.826113  
8522.275766  
8513.854745  
8549.319268  
8578.023912  
8624.480541  
8633.18198  
8703.990207  
8661.141339  
8659.623558  
8629.475785  
8597.790071  
8628.271358  
8639.442582  
8675.03167  
8678.158624  
8692.422268  
8655.943771  
8680.387352  
8707.107381  
8715.992545  
8735.431039  
8716.743987  
8693.787706  
8765.749783  
8728.164614  
8725.756054  
8678.987626  
8692.659021  
8632.106436  
8627.325317  
8635.299814  
8581.391886  
8590.208329  
8598.294967  
8627.860871  
8634.083582  
8600.834599  
8606.248915  
8531.051957  
8534.222634  
8530.486776  
8552.380376  
8584.350862  
8603.455639  
8617.693273  
8565.478276  
8524.99046  
8477.262528  
8453.396588  
8463.657177  
8462.277913  
8495.813368  
8469.686763  
8501.878165  
8498.480062  
8454.323446  
8517.688495  
8467.495773  
8546.795822  
8531.545772  
8541.69359  
8609.145472  
8540.115271  
8606.878879  
8504.706878  
8514.535676  
8531.260566  
8488.991903  
8550.068368  
8571.825932  
8597.438291  
8577.865004  
8542.711272  
8532.8885  
8550.216946  
8572.348832  
8547.54206  
8632.94043  
8617.235903  
8606.754241  
8589.152601  
8550.022072  
