10112.5667  
10036.86406  
9984.476656  
9983.20166  
9985.705431  
9965.120096  
9955.046563  
9963.807409  
10004.88432  
10015.29806  
9962.436368  
9989.980812  
9949.067009  
9960.362087  
9945.231362  
9945.743652  
9920.190087  
9930.861463  
9917.789062  
9902.544693  
9900.946767  
9930.861671  
9903.187801  
9906.454403  
9893.349017  
9890.882532  
9884.229326  
9946.39638  
9930.351635  
9911.898209  
9905.67255  
9916.343844  
9876.544195  
9869.914727  
9865.687427  
9847.826608  
9877.782455  
9866.827657  
9893.496457  
9843.891061  
9862.698647  
9859.327948  
9864.835397  
9858.076972  
9848.951567  
9850.96048  
9848.087797  
9839.65893  
9846.286694  
9862.619338  
9893.375883  
9800.217815  
9816.133727  
9830.33548  
9804.864549  
9799.538034  
9862.613572  
9874.358565  
9888.965851  
9911.273874  
9834.254769  
9859.718563  
9817.982391  
9800.179719  
9821.635077  
9793.30021  
9822.584732  
9839.293031  
9912.660987  
9898.790455  
10164.71413  
9963.909678  
9939.505735  
9992.672914  
9999.619702  
9983.791317  
9946.515542  
9880.929012  
9915.039457  
9902.698751  
9950.903559  
9993.960335  
9967.767869  
9934.728568  
9906.572141  
9925.189131  
9908.9455  
9874.845246  
9884.265293  
9910.767298  
9889.963701  
9882.966049  
9921.376351  
9922.029359  
9900.408047  
9910.390054  
9900.172581  
9910.918052  
9874.696299  
9885.246499  
9829.219592  
9811.182763  
9815.754737  
10015.51662  
10112.51971  
10083.41963  
10022.79455  
9960.99198  
9874.67761  
9879.259984  
9849.650422  
9848.911559  
9845.625156  
9868.510264  
9935.593231  
9937.16  
9933.388932  
9954.90357  
9951.914966  
9944.689422  
9975.666888  
10016.8611  
10031.66851  
10077.97047  
10081.13604  
10177.31301  
10179.90992  
10208.82086  
10248.24209  
10185.48517  
10202.34008  
10172.67328  
10174.49595  
10191.57303  
10204.54052  
10193.87545  
10261.10365  
10220.64443  
9993.343199  
10009.24881  
10063.3253  
10054.76684  
10087.86217  
10051.73185  
10037.82944  
10021.74084  
10031.17941  
9963.183064  
9923.486422  
9924.60603  
9911.586291  
9923.055643  
9890.389628  
9876.445427  
9913.822255  
10014.58258  
10012.2263  
9908.641415  
9857.742468  
9852.848259  
9819.305581  
9830.370034  
9805.916005  
9769.412317  
9786.664644  
9793.794413  
9777.764887  
9815.142931  
9841.289665  
9840.997995  
9894.552942  
9883.685692  
9857.931516  
9851.63327  
9827.749813  
9944.357785  
9949.066385  
9926.493351  
9875.196435  
9891.545265  
9882.359105  
9878.747174  
9923.777458  
9950.428264  
9967.213254  
9969.170961  
9935.075123  
9963.894407  
9910.01789  
9891.719477  
9902.569211  
9891.57639  
9895.973342  
9927.17361  
9871.435734  
9899.198367  
9837.030949  
9842.924576  
9811.714532  
9797.949333  
9786.208756  
9781.555747  
9792.176051  
9780.95887  
9775.858689  
9728.546272  
9816.318287  
9812.104773  
9797.908016  
9836.882833  
9809.444336  
9756.361235  
9803.944835  
9828.301176  
9829.026814  
9827.79834  
9896.970807  
10118.15037  
9918.798371  
9966.163034  
9934.151056  
9927.343189  
9903.775682  
9904.3157  
9904.352581  
9930.105427  
9971.198647  
9987.186752  
9964.80742  
9956.151014  
9939.921304  
9959.613593  
9926.18564  
9945.014441  
9919.128979  
9877.62741  
9905.023469  
9877.703551  
9785.404453  
9787.103755  
9783.597469  
9773.686742  
9814.071258  
9800.159252  
9820.088119  
9791.740037  
9784.887976  
9776.329195  
9778.432441  
9832.419943  
9891.339407  
9896.880091  
9919.49386  
9905.74705  
9842.4172  
9735.50562  
9967.755787  
10012.74396  
9982.91906  
9934.092857  
9900.809487  
9907.777707  
9935.889939  
9965.416836  
10006.41416  
10073.61604  
10053.97305  
10039.79469  
10029.31546  
10027.14961  
10008.58008  
10043.37009  
10107.72426  
10037.79686  
10106.00727  
10082.68437  
10074.19857  
10077.02378  
10109.71733  
10120.56721  
10161.73843  
10197.79427  
10181.02243  
10169.46372  
10184.09021  
10119.00707  
10007.2233  
10070.86831  
10068.9987  
10078.09984  
10044.81394  
9995.776533  
10017.45412  
10014.06835  
10034.23312  
10035.42994  
9972.23639  
9993.810412  
9926.882449  
9903.296833  
10029.83124  
9923.917875  
9872.390438  
9863.578644  
9891.181537  
9870.778435  
9881.939879  
9871.900339  
9859.478495  
9894.705307  
9927.586976  
9912.790538  
9941.660406  
9900.690721  
9912.8611  
9912.110331  
9913.576577  
9900.73612  
9883.289831  
9880.557763  
9922.912047  
9940.874616  
9898.706034  
9925.289572  
9928.213639  
9870.618891  
9909.465945  
9884.323772  
9908.793467  
9929.222282  
9903.748857  
9919.75882  
9912.88435  
9937.566843  
9910.53312  
9931.380932  
9960.689567  
9951.302069  
9961.120969  
9986.212527  
9940.694907  
9905.53767  
9900.439121  
9933.992354  
9944.345038  
9908.03205  
9936.895497  
9904.260399  
9918.212901  
9893.678493  
9901.581605  
9932.054137  
9881.714885  
9887.334151  
9906.952813  
9874.182139  
9877.308594  
9898.124356  
9871.586  
9872.868933  
9852.058085  
9883.336779  
9885.542938  
9849.689308  
9834.618403  
9867.312718  
9868.529744  
9891.47676  
9921.907019  
9892.528362  
9869.269853  
9857.971139  
9856.835678  
9861.753418  
9818.191926  
9814.014378  
9857.590862  
9820.596929  
9866.51308  
9855.962911  
9867.561586  
9866.838888  
9842.256503  
9851.732848  
9870.236037  
9877.10951  
9902.355157  
9876.034097  
9871.098726  
9870.611079  
9908.110455  
9891.580618  
9931.915746  
9876.018804  
9852.229274  
9840.347137  
9838.562666  
9793.447214  
9831.775121  
9847.305654  
9861.408037  
9843.132833  
9819.126184  
9874.328811  
9863.358783  
9848.230313  
9835.70699  
9828.137664  
9817.961841  
9821.09588  
9679.323554  
9892.868611  
9980.672862  
10005.94749  
9963.762602  
9934.428514  
9838.99813  
9873.109998  
9784.911652  
9769.962672  
9774.724183  
9822.126371  
9832.155242  
9848.704621  
9887.585543  
9939.203956  
9941.908671  
9967.310983  
9974.043436  
9989.397866  
10026.03606  
10023.36884  
10001.69884  
10032.86313  
10054.40969  
10073.94128  
10085.97235  
10177.81241  
10226.4281  
10210.95594  
10187.43533  
10191.63385  
10145.57715  
10126.48987  
10118.43459  
10150.67545  
10143.16343  
10146.20336  
10132.01257  
10169.39233  
9930.93457  
9975.394874  
10057.41978  
10030.69096  
10055.13527  
10067.28021  
9993.070146  
10065.87217  
10144.95764  
10040.38114  
10009.91179  
10000.9007  
9951.909232  
9886.971991  
9826.890324  
9858.96502  
9860.724163  
9870.361806  
9886.952346  
9832.561087  
9841.964241  
9889.345942  
9920.089688  
9942.878969  
9979.66133  
9942.978962  
9913.864102  
9889.046418  
9877.62046  
9824.777385  
9840.144438  
9832.879384  
9807.000135  
9847.694897  
9813.658421  
9861.418945  
9899.204507  
9922.308033  
9918.529962  
9920.124647  
9959.625166  
9920.953447  
9924.901533  
9946.611152  
10071.0214  
10050.25759  
10061.79559  
9993.545888  
10001.86706  
9969.534886  
9927.201276  
10010.41452  
9922.305571  
9924.618341  
10033.9319  
9952.155471  
9964.510971  
9919.372205  
9872.34267  
9891.082925  
9895.168717  
9888.366689  
9925.377099  
9876.023728  
9899.922602  
9957.667771  
9924.453935  
9932.184435  
9930.584441  
9920.562999  
9946.71983  
9962.969384  
9929.546241  
9902.158442  
9910.845828  
9889.584452  
9858.418021  
9759.805342  
9881.071923  
9953.447941  
9977.796927  
9960.073076  
9913.360019  
9857.792834  
9859.112066  
9860.001122  
9831.007698  
9820.998286  
9836.95967  
9847.479118  
9793.716942  
9836.052703  
9827.004384  
9839.162224  
9783.910509  
9585.686336  
9741.148074  
9751.609791  
9777.337641  
9745.346119  
9772.436555  
9861.58359  
9869.795441  
9776.075767  
9796.133062  
9797.271329  
9792.467493  
9849.748992  
9846.971212  
9876.863749  
9853.079829  
9880.942923  
9985.888038  
10016.10599  
10011.98857  
10011.47939  
10057.23547  
10049.72196  
10044.22846  
10031.86077  
10076.59119  
10076.69174  
10059.91729  
9973.187396  
9995.047415  
9951.900162  
9972.565284  
10021.04728  
10086.13702  
10145.83132  
10173.75534  
10154.48457  
10131.63682  
10107.77418  
10086.7193  
10063.73752  
10074.34269  
10076.92269  
10054.78821  
10100.50018  
10085.91774  
10056.14133  
10032.56999  
9960.471929  
9992.149975  
9989.102861  
9966.982827  
9912.590768  
9879.632563  
9889.756389  
9879.553628  
9863.381826  
9896.667345  
9870.019947  
9903.556391  
9893.395092  
9846.827886  
9858.971939  
9875.803628  
9935.868528  
9888.545171  
9879.691354  
9879.017235  
9841.915559  
9828.502525  
9818.616689  
9851.631327  
9834.936825  
9896.33413  
9899.94899  
9914.48799  
9875.65491  
9927.306298  
9969.387965  
9953.315534  
9952.433937  
9895.315378  
9916.738177  
9955.151949  
9924.639628  
9959.259901  
9929.471254  
9912.929469  
9937.522762  
9922.205276  
9928.926841  
9879.865016  
9872.557337  
9870.001725  
9866.457707  
9868.7842  
9893.290413  
9916.437552  
9951.298745  
9959.838202  
9972.476729  
9930.698523  
9943.871624  
9931.958891  
9917.864746  
9903.389108  
9872.453863  
9920.075258  
9916.395373  
9893.366616  
9904.1031  
9861.370761  
9886.868777  
9899.107567  
9889.681952  
9907.909117  
9883.166462  
9891.93055  
9840.011937  
9850.057846  
9833.327637  
9836.563269  
9841.100357  
9853.187749  
9858.439796  
9846.868517  
9829.850035  
9840.961208  
9822.302184  
9847.213483  
9871.048059  
9855.504852  
9892.887508  
9873.018388  
9850.666784  
9835.915652  
9805.425272  
9833.87981  
9805.30341  
9852.289665  
9811.541836  
9829.271464  
9843.658151  
9825.113177  
9840.892911  
9845.742052  
9896.775453  
9869.600929  
9863.297467  
9848.156198  
9836.53259  
9824.777105  
9791.230739  
9762.831813  
9782.356289  
9786.1923  
9826.922706  
9769.72595  
9799.805955  
9781.7062  
9736.905866  
9725.827959  
9761.355531  
9763.861339  
9787.015251  
9796.84269  
9777.546044  
9781.30501  
9804.36272  
9716.192435  
9861.740536  
10059.08836  
10118.96094  
10087.2705  
10055.08918  
10018.56457  
9955.435734  
9918.777884  
9927.818152  
9944.289042  
9900.42681  
9894.776596  
9885.355936  
9939.732318  
9936.384007  
9916.365297  
9944.667127  
9935.688186  
9876.730614  
9895.937261  
9879.358658  
10002.77213  
10102.86462  
10100.01255  
10092.88478  
10041.15591  
10030.70054  
10016.04419  
10051.44166  
10056.33313  
10085.97929  
10077.35205  
10138.8954  
10181.93489  
10181.20425  
10206.97099  
10188.81028  
10216.17472  
10211.86051  
10236.62815  
10224.01102  
10189.47473  
10274.61185  
10258.08726  
10222.79578  
10254.9061  
10241.51878  
10136.98329  
9922.094685  
9861.004291  
9879.122714  
9975.262041  
9901.594903  
9953.890095  
9941.171033  
9929.991938  
9899.978121  
9807.078624  
9693.549389  
9683.995481  
9637.769812  
9685.581221  
9700.467545  
9662.82905  
9694.624532  
9665.698824  
9702.707468  
9731.577803  
9756.231539  
9696.993455  
9741.666068  
9753.740245  
