5398.678335  
5458.500849  
5438.051163  
5362.879537  
5368.164716  
5230.501686  
5246.314578  
5413.285403  
5397.722041  
5225.195618  
5456.533518  
5291.193258  
5315.852249  
5379.051463  
5251.645762  
5380.02891  
5182.128087  
5463.58373  
5440.162409  
5411.535995  
5414.373853  
5384.23761  
5223.176295  
5379.119896  
5340.477486  
5464.532394  
5401.986982  
5406.940582  
5461.607417  
5216.566528  
5485.884898  
5399.626427  
5342.331266  
5307.400325  
5295.220655  
5594.450623  
5312.162659  
5399.996368  
5397.41244  
5322.975405  
5320.702538  
5357.040268  
5462.565872  
5268.594711  
5229.316643  
5416.055199  
5210.183126  
5491.19236  
5312.235868  
5256.887037  
5395.259883  
5214.187373  
5464.58919  
5373.937698  
5313.685946  
5441.989385  
5261.337565  
5345.548887  
5352.233017  
5366.050695  
5448.075439  
5265.624552  
5325.572187  
5392.777039  
5399.736547  
5455.158259  
5388.273608  
5385.667519  
5431.280111  
5214.446431  
5365.876343  
5303.13398  
5432.125961  
5442.131134  
5286.609667  
5394.914352  
5236.330203  
5370.277679  
5400.758258  
5349.599909  
5330.576584  
5278.962858  
5347.265353  
5401.118673  
5215.82457  
5410.77887  
5402.635058  
5516.865232  
5206.628515  
5388.74678  
5268.111633  
5230.718745  
5376.151314  
5266.029546  
5288.280225  
5420.330999  
5298.11422  
5441.302856  
5354.26339  
5327.736588  
5259.077466  
5368.835759  
5336.535319  
5411.978292  
5298.676137  
5371.215551  
5440.303126  
5218.747271  
5392.026662  
5428.48378  
5321.047841  
5422.42391  
5402.952352  
5326.637563  
5426.508387  
5304.940186  
5379.702156  
5499.786405  
5350.080531  
5433.667765  
5276.440979  
5342.667806  
5369.483528  
5394.320557  
5449.110413  
5308.82191  
5297.841125  
5399.759026  
5416.22436  
5372.294479  
5500.429835  
5388.765539  
5366.546132  
5416.938428  
5448.933901  
5395.91641  
5363.985367  
5497.670143  
5228.580035  
5242.004392  
5431.643593  
5318.698639  
5454.552058  
5413.336418  
5385.048925  
5536.041995  
5365.425023  
5512.812251  
5397.142087  
5573.359306  
5484.568949  
4947.175975  
5249.851082  
5200.883639  
5312.942131  
5247.829755  
5188.511396  
5332.509104  
5183.356415  
5335.416491  
5400.001363  
5164.959114  
5340.765144  
5314.518794  
5413.339661  
5355.727743  
5253.326093  
5405.939112  
5369.344294  
5389.353119  
5481.321426  
5419.122449  
5416.695254  
5388.918686  
5379.923579  
5314.035273  
5352.470726  
5362.929097  
5319.856433  
5357.14679  
5394.103129  
5442.917658  
5357.057378  
5218.455144  
5469.361689  
5373.808037  
5298.190374  
5403.846934  
5343.979355  
5426.242198  
5370.617839  
5451.692774  
5457.178396  
5508.744003  
5438.895009  
5406.815008  
5213.939458  
5414.432475  
5400.282646  
5272.919184  
5492.790329  
5420.472005  
5370.147049  
5407.511353  
5391.317942  
5291.856021  
5136.187096  
5419.884992  
5221.918711  
5192.829671  
5307.418467  
5158.255595  
5206.959508  
5369.818214  
5227.835353  
5389.045227  
5290.806315  
5312.615794  
5348.36407  
5367.322299  
5361.149775  
5310.863345  
5404.052094  
5161.534734  
5191.250231  
5146.324104  
5264.23999  
5259.548208  
5342.651103  
5221.434812  
5344.717623  
5228.308787  
5234.190272  
5442.545893  
5302.968831  
5303.077332  
5386.473913  
5394.412242  
5390.046071  
5358.06518  
5435.943807  
5473.90948  
5347.049301  
5368.413712  
5474.575694  
5440.986575  
5373.489461  
5462.023249  
5366.753153  
5273.098412  
5449.521469  
5522.864288  
5392.490102  
5271.783607  
5334.478663  
5416.300896  
5511.461253  
5337.649521  
5273.763306  
5374.08122  
5321.835297  
5293.411036  
5290.257332  
5260.517662  
5271.858086  
5369.642832  
5268.20236  
5142.834485  
5393.945875  
5241.965769  
5331.529188  
5343.622492  
5206.53053  
5411.653664  
5208.156026  
5440.237823  
5295.057879  
5359.718712  
5416.761525  
5319.529378  
5413.037226  
5412.657115  
5383.414218  
5277.117083  
5310.583163  
5392.652163  
5270.531102  
5276.377553  
5282.771937  
5508.580877  
5508.591797  
5615.350505  
5474.968516  
5352.818204  
5421.933525  
5454.435847  
5246.127762  
5462.493179  
5465.208735  
5446.475428  
5589.815463  
5558.191717  
5473.734749  
5607.660405  
5430.44457  
5480.979385  
5528.798599  
5455.883555  
5465.602249  
5431.016894  
5437.949786  
5496.064229  
5419.551425  
5499.82887  
5452.527206  
5455.166107  
5422.832189  
5447.131953  
5438.402303  
5335.399534  
5483.02772  
5477.267138  
5490.290006  
5548.533264  
5532.958267  
5440.437042  
5581.795298  
5472.054003  
5444.532664  
5431.416054  
5141.491465  
4831.550161  
5073.877162  
5054.663269  
5135.250717  
5076.416122  
5084.311572  
5174.897484  
5172.433123  
5207.677452  
5072.708366  
5233.685054  
5422.888082  
5201.295085  
5366.524897  
5316.600342  
5314.590014  
5354.673134  
5331.575918  
5238.724497  
5343.338226  
5222.298569  
5346.98037  
5222.618942  
5275.929708  
5273.154551  
5304.80869  
5428.659055  
5342.701149  
5378.431707  
5431.208328  
5355.946218  
5322.258853  
5509.9708  
5255.184433  
5384.488475  
5389.11173  
5456.917877  
5514.059486  
5511.041122  
5416.300318  
5532.550613  
5384.895653  
5451.684092  
5436.529546  
5471.074163  
5429.897156  
5519.212517  
5407.074059  
5397.566116  
5295.372503  
5548.428538  
5406.089101  
5467.550166  
5456.303429  
5501.472219  
5539.313339  
5428.091957  
5537.269531  
5419.102732  
5572.017072  
5409.556  
5370.286156  
5410.112768  
5493.612172  
5437.043841  
5455.418437  
5396.67573  
5400.587568  
5442.101692  
5637.000163  
5457.585106  
5450.148804  
5630.022636  
5467.331444  
5462.572665  
5623.661316  
5406.19239  
5470.817713  
5562.580719  
5479.163104  
5512.853149  
5545.481649  
5386.633207  
5285.796776  
5321.361763  
5342.279287  
5162.898432  
5449.150548  
5257.254786  
5318.820267  
5243.424683  
5381.776428  
5327.431544  
5298.604716  
5428.936081  
5456.468252  
5439.1067  
5427.570165  
5331.726011  
5448.377121  
4989.052897  
5063.315117  
5177.60436  
5133.289698  
5231.031072  
5133.165571  
5165.713328  
5300.897631  
5132.451281  
5197.547579  
5323.304784  
5149.858622  
5245.390905  
5347.301763  
5312.699883  
5251.780383  
5439.645442  
5252.552399  
5245.361214  
5308.047984  
5340.512774  
5328.374392  
5247.210986  
5393.104698  
5319.510984  
5303.993746  
5471.834887  
5250.601926  
5212.306895  
5601.509476  
5328.477498  
5323.791448  
5485.09712  
5321.631091  
5265.239197  
5236.505152  
4961.108167  
5202.044286  
5127.326668  
5204.861092  
5152.974375  
5110.142031  
5263.883593  
5251.10851  
5249.633634  
5334.153585  
5274.310127  
5265.995389  
5276.068364  
5377.052195  
5494.945012  
5334.84904  
5423.160388  
5389.2662  
5384.108877  
5490.957901  
5408.435534  
5509.748433  
5389.586233  
5462.440633  
5479.59579  
5446.405169  
5371.37826  
5566.496788  
5393.614446  
5392.525551  
5416.22658  
5444.461024  
5339.83311  
5550.721786  
5336.13268  
5227.218608  
5423.801371  
5307.56838  
5205.187177  
5387.758609  
5275.110886  
5236.462941  
5306.435303  
5315.756198  
5305.530085  
5334.814527  
5320.345238  
5368.82399  
5221.412127  
5280.396484  
5417.193405  
5473.333847  
5355.253222  
5365.83754  
5463.292221  
5277.038684  
5468.834256  
5525.727516  
5348.184942  
5522.047846  
5468.871785  
5426.971659  
5618.025419  
5635.771067  
5486.274119  
5552.65684  
5467.877968  
5423.694707  
5582.680046  
5527.194155  
5539.872739  
5483.153971  
5633.679057  
5355.753199  
5476.458824  
5066.709829  
5151.384585  
5128.469213  
4975.018852  
5015.210373  
4960.009796  
5129.459981  
5199.042308  
5093.11662  
5279.155304  
5284.277629  
5217.928296  
5175.79616  
5171.094215  
5155.202187  
5312.649862  
5326.734093  
5359.380742  
5300.124247  
5314.066849  
5382.160578  
5529.898483  
5390.085355  
5325.007914  
5325.911049  
5498.105649  
5272.441729  
5271.551211  
5408.703033  
5292.812004  
5351.855721  
5481.858851  
5396.518962  
5326.997218  
5398.290403  
5558.913534  
5399.778783  
5414.203829  
5391.546084  
5327.743334  
5401.001841  
5425.745926  
5433.400726  
5316.778046  
5399.643392  
5484.271281  
5374.684123  
5560.375114  
5313.562569  
5344.814397  
5227.359777  
5394.693817  
5440.475766  
5415.817075  
5428.294011  
5471.257696  
5464.818682  
5285.192823  
5523.035817  
5425.434878  
5146.332886  
5107.390544  
5303.32147  
5275.022667  
5443.236651  
5321.251785  
5295.247826  
5260.610703  
5319.10747  
5217.687314  
5356.326983  
5291.823868  
5381.601252  
5273.955785  
5339.975207  
5446.90801  
5290.136907  
5272.934489  
5412.934659  
5238.010452  
5468.428075  
5483.506391  
5418.99275  
5357.681318  
5382.500468  
5256.860428  
5491.922969  
5427.440267  
5306.782824  
5567.668106  
5461.001973  
5408.380079  
5291.863098  
5282.108381  
5269.697805  
5316.356453  
5486.846731  
5361.279788  
5389.221817  
5170.085276  
5389.190498  
5349.706383  
5415.234853  
