10524.38788  
10512.28736  
10520.5844  
10527.09339  
10446.48205  
10395.05077  
10458.40158  
10423.39262  
10426.028  
10443.18696  
10446.42196  
10498.35293  
10439.00389  
10378.54238  
10459.50845  
10482.25866  
10536.08982  
10495.72374  
10583.78334  
10608.28467  
10594.38652  
10484.23072  
10487.70131  
10483.59304  
10477.65347  
10507.47007  
10530.91549  
10535.99014  
10562.78834  
10566.28302  
10607.92058  
10508.74888  
10511.08314  
10463.93394  
10510.11462  
10536.30096  
10545.45339  
10536.26126  
10528.84545  
10501.55443  
10495.70207  
10472.83983  
10430.73417  
10460.53104  
10443.01013  
10394.91623  
10316.59613  
10510.00748  
10444.45977  
10577.31099  
10547.68725  
10506.36479  
10497.13898  
10470.71661  
10493.42031  
10510.01421  
10406.46783  
10457.26422  
10430.45268  
10449.43402  
10499.60108  
10543.04189  
10554.09423  
10493.50139  
10480.42068  
10467.18802  
10515.80394  
10508.9123  
10526.48024  
10499.28066  
10440.42436  
10458.6077  
10468.79647  
10503.80362  
10537.05315  
10535.53475  
10550.00241  
10449.35261  
10469.28657  
10463.99319  
10445.451  
10453.12186  
10458.84787  
10499.17023  
10510.05813  
10547.24969  
10522.78554  
10528.17196  
10518.04288  
10484.34317  
10498.60144  
10495.75082  
10474.51442  
10480.5097  
10298.18112  
10518.4726  
10477.81009  
10515.56269  
10510.5617  
10570.46971  
10535.47184  
10518.34542  
10511.39631  
10479.23934  
10438.02942  
10433.11355  
10465.65814  
10502.09758  
10516.7367  
10498.80806  
10542.91293  
10529.04835  
10423.85432  
10487.85127  
10479.31164  
10468.81543  
10444.17028  
10506.1326  
10560.49914  
10605.06033  
10639.49716  
10667.02251  
10547.99129  
10559.17212  
10511.31092  
10455.70137  
10517.82615  
10415.20141  
10475.81887  
10428.27238  
10463.39001  
10462.79589  
10494.44668  
10479.50532  
10510.6124  
10460.08631  
10517.34419  
10466.7589  
10502.97771  
10457.29599  
10529.07057  
10444.34002  
10528.25678  
10455.10731  
10491.19438  
10440.5751  
10435.61229  
10434.94293  
10435.66085  
10513.62394  
10495.45936  
10539.57974  
10526.13807  
10590.55901  
10618.77468  
10581.48915  
10587.34022  
10617.85286  
10288.1599  
10491.20714  
10426.74156  
10504.51758  
10494.48425  
10508.62438  
10495.71276  
10445.04237  
10459.16981  
10430.5284  
10465.95299  
10425.38293  
10386.12064  
10494.17102  
10453.17285  
10476.14742  
10500.85037  
10404.94603  
10392.15871  
10559.20148  
10425.50989  
10440.14204  
10495.36681  
10468.56869  
10489.09544  
10442.35365  
10369.56124  
10395.27542  
10418.02994  
10461.74215  
10543.10599  
10524.09326  
10538.85536  
10552.1054  
10526.80343  
10539.84166  
10505.16042  
10475.03117  
10460.66301  
10474.54998  
10519.90593  
10518.22698  
10577.73227  
10613.9443  
10038.10723  
10402.06134  
10496.63467  
10553.1023  
10554.90897  
10578.57673  
10585.77156  
10526.27772  
10602.37888  
10511.36407  
10541.24937  
10509.73159  
10532.07249  
10512.78977  
10515.46058  
10512.20971  
10535.23435  
10511.40406  
10403.31439  
10394.3552  
10440.30406  
10488.55241  
10488.95465  
10501.61308  
10543.09582  
10543.01096  
10559.36363  
10566.95568  
10548.15455  
10524.56488  
10527.91327  
10470.56447  
10482.2445  
10462.25041  
10489.52825  
10553.72853  
10543.00682  
10541.16017  
10560.31967  
10484.47472  
10484.08063  
10495.70535  
10450.39289  
10467.65451  
10467.66248  
10477.78252  
10484.24799  
10511.53248  
10511.95171  
10522.72156  
10455.99283  
10373.74291  
10458.1036  
10490.32639  
10596.07095  
10576.74445  
10485.25395  
10502.29812  
10545.62116  
10506.47341  
10481.47129  
10464.53513  
10428.36816  
10467.02154  
10549.52293  
10492.98589  
10492.29207  
10510.58524  
10552.34506  
10516.09058  
10566.51758  
10507.8262  
10495.94383  
10401.0833  
10314.15921  
10499.286  
10427.15839  
10409.24715  
10442.4405  
10440.52938  
10406.72189  
10415.95696  
10414.09553  
10434.28162  
10466.36135  
10518.85979  
10490.58056  
10460.29908  
10417.0993  
10474.04881  
10485.12687  
10485.79544  
10508.12097  
10485.66393  
10466.52356  
10467.9287  
10470.85228  
10412.83552  
10478.47569  
10545.95407  
10464.22914  
10494.61297  
10494.79344  
10463.15459  
10394.41156  
10336.03977  
10568.15859  
10670.10517  
10598.71126  
10555.61733  
10541.5531  
10611.29186  
10533.17884  
10569.86724  
10489.78505  
10481.26078  
10446.21072  
10395.08255  
10421.47276  
10462.13898  
10467.81923  
10484.48787  
10491.51288  
10507.47767  
10460.5511  
10532.20115  
10451.24517  
10454.74323  
10460.53649  
10517.71994  
10452.14598  
10459.03084  
10495.53904  
10523.259  
10586.25639  
10595.01462  
10588.45927  
10558.11471  
10559.25415  
10539.84449  
10521.49411  
10511.63432  
10504.21434  
10489.37861  
10501.48836  
10605.41882  
10610.25682  
10623.3616  
10595.86952  
10547.56837  
10641.01386  
10530.84399  
10490.88462  
10526.02112  
10591.17901  
10487.92741  
10529.82886  
10504.49379  
10396.90683  
10408.21993  
10419.09429  
10395.56679  
10456.8041  
10437.2367  
10507.00369  
10494.06671  
10482.94248  
10500.22338  
10482.20403  
10470.45454  
10484.88855  
10453.73139  
10440.68659  
10403.09043  
10434.61062  
10488.87636  
10421.74909  
10485.09483  
10524.63288  
10535.4046  
10559.37028  
10529.65799  
10568.93615  
10543.57006  
10470.87191  
10541.69868  
10443.90665  
10512.29428  
10425.64648  
10473.20272  
10473.17768  
10491.3102  
10510.73407  
10495.72196  
10519.22711  
10540.64281  
10454.80085  
10474.20406  
10455.62492  
10453.71107  
10481.75127  
10513.70335  
10421.63452  
10511.50174  
10463.36095  
10462.55536  
10508.72763  
10263.14347  
10599.2793  
10410.07014  
10470.90879  
10478.81287  
10448.32886  
10480.8971  
10541.2289  
10558.16656  
10505.17554  
10450.17244  
10476.02334  
10463.33146  
10426.06246  
10379.89034  
10384.08913  
10388.9666  
10410.11342  
10425.01426  
10409.84855  
10435.55359  
10404.64351  
10451.86545  
10452.26554  
10390.47715  
10431.80453  
10512.04317  
10480.40786  
10549.363  
10544.51421  
10518.19343  
10491.90141  
10518.41659  
10513.18512  
10434.49399  
10508.79158  
10424.455  
10566.38503  
10573.87475  
10621.14254  
10587.51991  
10577.8565  
10569.53554  
10512.20024  
10450.01946  
10454.75138  
10393.68275  
10372.49636  
10447.02408  
10550.15172  
10542.638  
10452.81891  
10493.47104  
10523.85904  
10480.15083  
10514.42794  
10466.75027  
10463.51558  
10442.64837  
10454.49488  
10463.85851  
10439.58693  
10435.91757  
10407.69282  
10488.18595  
10521.67804  
10510.00486  
10554.99439  
10507.38974  
10488.90716  
10561.50247  
10525.83503  
10495.00082  
10388.35198  
10441.89622  
10516.59948  
10545.17569  
10571.51718  
10527.6928  
10562.56349  
10576.82652  
10570.45151  
10546.96349  
10541.3897  
10545.40966  
10535.06534  
10517.33955  
10479.76212  
10454.75496  
10483.39175  
10402.59078  
10490.0941  
10480.2998  
10548.68018  
10539.44864  
10530.10331  
10623.62354  
10511.15008  
10529.66957  
10562.93949  
10573.48492  
10594.46397  
10624.62314  
10596.57268  
10545.20361  
10548.88692  
10462.03287  
10485.54598  
10514.03589  
10544.76053  
10487.58527  
10373.50777  
10568.6816  
10236.35456  
10224.77504  
10718.42961  
10630.63771  
10590.3569  
10475.66001  
10540.33523  
10482.89988  
10475.17464  
10530.33093  
10544.80878  
10540.30379  
10541.06821  
10567.04583  
10548.54647  
10481.4556  
10418.72667  
10564.86509  
10547.73597  
10520.76481  
10531.18904  
10517.56234  
10478.20718  
10451.48906  
10382.0562  
10415.99358  
10399.51102  
10468.16521  
10540.64252  
10550.12279  
10528.12166  
10532.24133  
10488.63185  
10456.44122  
10465.33586  
10449.14  
10438.51089  
10490.73436  
10384.21975  
10432.68113  
10548.63225  
10126.81302  
10498.27555  
10551.35311  
10503.24805  
10525.816  
10572.86142  
10488.13981  
10480.81918  
10430.76783  
10494.37968  
10478.6612  
10488.11154  
10522.79127  
10046.22179  
10434.86491  
10427.76431  
10530.69657  
10614.43957  
10603.19355  
10507.3738  
10482.96522  
10467.99251  
10429.14065  
10414.95072  
10483.21304  
10379.38164  
10440.93861  
10460.18709  
10485.29084  
10480.70535  
10461.23817  
10489.91955  
10484.74315  
10468.15241  
10505.51671  
10516.78137  
10515.55893  
10585.13848  
10552.3764  
10529.54362  
10437.4006  
10518.84073  
10360.60231  
10597.36465  
10506.43917  
10452.2776  
10563.26121  
10519.11679  
10492.4992  
10519.10186  
10394.68888  
10531.45921  
10558.80189  
10502.75071  
10467.63355  
10518.01679  
10502.48846  
10573.96194  
10528.81213  
10418.41192  
10515.04235  
10548.45243  
10514.13349  
10499.60962  
10503.79275  
10516.09152  
10544.72302  
10473.82213  
10531.8285  
10436.33298  
10462.16409  
10562.36283  
10554.19951  
10450.96221  
10469.24173  
10482.22363  
10421.48328  
10433.41456  
10463.40387  
10502.31567  
10531.88261  
10542.92286  
10519.6195  
10524.52902  
10437.33218  
10441.31249  
10364.23787  
10394.74967  
10444.1176  
10428.71274  
10437.99009  
10346.76465  
10492.87433  
10183.5092  
10746.83915  
10536.67681  
10518.73809  
10573.77136  
10583.57176  
10487.69478  
10538.71619  
10478.95943  
10426.42415  
10465.25281  
10486.26932  
10502.00456  
10571.06065  
10508.84878  
10516.07431  
10459.91693  
10467.38709  
10468.61739  
10527.70862  
10499.13363  
10493.96248  
10574.28368  
10508.91868  
10470.42792  
10574.63446  
10463.57122  
10448.59136  
10498.42662  
10485.30516  
10497.13744  
10543.4041  
10528.72268  
10519.67034  
10494.88063  
10494.35294  
10419.7307  
10360.07038  
10491.8656  
10520.35467  
10564.25581  
10459.97005  
10455.42129  
10473.90202  
10407.9502  
10398.09899  
10434.91915  
10499.45353  
10477.92503  
10522.90055  
10492.42626  
10456.29871  
10450.37112  
10388.99637  
10410.21656  
10469.48954  
10491.36561  
10496.04187  
10570.60983  
10542.83528  
10530.96098  
10577.14698  
10567.65114  
10531.54786  
10341.19476  
10518.16996  
10495.39269  
10528.76192  
10626.30516  
10602.16516  
10582.30823  
10620.10036  
10572.93628  
10555.69816  
10551.1016  
10529.67525  
10522.58534  
10481.50029  
10383.54194  
10453.96617  
10510.46229  
10499.6875  
10503.84138  
10373.35171  
10384.35548  
10473.03493  
10497.09016  
10561.1603  
10582.8374  
10554.3979  
10498.00305  
10461.38214  
10467.11027  
10486.63502  
10492.6478  
10486.52789  
10512.54432  
10536.24458  
10486.95746  
10518.65529  
10604.19955  
10612.64519  
10571.88487  
10563.90447  
10609.85156  
10526.23759  
10535.77899  
10534.99936  
10533.46962  
10418.27383  
10482.3865  
10488.23305  
10483.87951  
10448.90596  
10462.87983  
10423.06213  
10459.08259  
10499.03599  
10437.16355  
10424.26944  
10461.42003  
10455.24373  
10372.87535  
10368.13822  
10387.94084  
10443.55643  
10438.81139  
10355.32895  
10444.20555  
10486.11126  
10522.44446  
9977.487813  
10485.34934  
10535.69874  
10518.03284  
10523.15658  
10579.54361  
10517.66216  
10449.74659  
10535.39182  
10547.31324  
10595.88601  
10575.76995  
10625.61549  
10578.14829  
10549.45416  
10535.82841  
10511.33495  
10553.7728  
10524.73417  
10464.84083  
