8979.163206  
8896.771873  
8956.702318  
8957.419095  
8991.852733  
8920.019123  
8898.334069  
8860.853431  
8883.694371  
8797.450718  
8860.479557  
8786.037573  
8794.025714  
8725.404466  
8818.791753  
8782.286297  
8824.179947  
8783.819859  
8783.528475  
8766.991913  
8712.959861  
8781.801902  
8797.350267  
8791.21023  
8798.145338  
8739.141467  
8760.993064  
8788.344727  
8733.205581  
8819.141347  
8771.284494  
8848.731116  
8770.252128  
8736.484669  
8768.970045  
8800.875035  
8677.243757  
8853.62931  
8786.526716  
8782.432528  
8776.904098  
8758.073875  
8826.113834  
8743.470295  
8789.636958  
8752.472332  
8828.376819  
8783.013358  
8741.800079  
8759.144222  
8739.16616  
8783.062086  
8769.927306  
8752.570422  
8740.466488  
8744.685268  
8775.452432  
8813.555993  
8818.104422  
8762.906798  
8829.9402  
8805.69747  
8818.176882  
8867.902548  
8842.563003  
8881.430126  
8848.78253  
8815.482492  
8775.904661  
8825.090242  
8823.710046  
8822.565659  
8857.049147  
8863.459547  
8824.538759  
8866.800014  
8852.502955  
8829.301872  
8899.875478  
8888.768958  
8860.493842  
8876.519427  
8869.610068  
8831.609365  
8894.527503  
8924.208631  
8860.998934  
8830.529312  
8792.619305  
8799.279093  
8829.483085  
8839.5951  
8830.910789  
8836.517897  
8858.796895  
8851.21869  
8727.644457  
8815.648547  
8782.373899  
8840.52552  
8797.944685  
8837.488665  
8753.400495  
8785.508356  
8657.868284  
8737.607576  
8730.405916  
8729.907869  
8742.72148  
8786.701336  
8723.814294  
8815.640615  
8754.237574  
8809.34081  
8779.463897  
8786.02132  
8810.020573  
8767.936444  
8765.725955  
8756.27976  
8807.970559  
8807.181974  
8785.596411  
8804.366022  
8841.231849  
8796.035899  
8837.063188  
8810.845344  
8840.49298  
8789.62913  
8777.965915  
8803.025426  
8818.693883  
8834.455397  
8801.454495  
8796.658602  
8731.324548  
8766.05107  
8744.159678  
8760.33385  
8804.266452  
8798.427406  
8784.374746  
8822.151502  
8820.902473  
8773.538953  
8791.742138  
8744.961864  
8777.149583  
8760.669743  
8780.008101  
8819.514449  
8842.031933  
8822.235252  
8850.402822  
8890.623286  
8842.350905  
8853.428302  
8862.827452  
8818.49147  
8837.113017  
8910.805863  
8874.024862  
8885.729114  
8870.750339  
8908.730429  
8941.065988  
8941.631308  
8944.002511  
8934.73283  
8915.80977  
8932.584607  
8939.528749  
8916.146923  
8893.04533  
8817.464141  
8775.113296  
8826.840785  
8840.949129  
8856.394676  
8897.773298  
8905.192039  
8880.776038  
8885.500369  
8885.84092  
8902.428213  
8888.697983  
8928.169384  
8895.493099  
8911.438098  
8798.966463  
8811.250384  
8837.092076  
8819.365533  
8893.713857  
8854.746652  
8825.630012  
8775.851169  
8740.583695  
8794.562794  
8776.855035  
8819.757708  
8733.67332  
8770.04967  
8767.635408  
8755.193539  
8736.104318  
8771.327821  
8790.387357  
8769.165428  
8769.62074  
8787.124746  
8798.72869  
8763.38508  
8761.218994  
8731.896584  
8779.395239  
8835.134078  
8820.151228  
8831.512008  
8809.439319  
8852.066785  
8826.945238  
8787.702054  
8825.354597  
8886.655308  
8849.147092  
8859.869016  
8850.563571  
8884.481092  
8842.974804  
8771.536945  
8746.327557  
8702.697026  
8776.699089  
8748.458102  
8809.94181  
8797.862823  
8796.656698  
8705.030273  
8724.099091  
8713.448202  
8719.581548  
8785.113535  
8748.550672  
8786.059381  
8790.469208  
8803.646729  
8810.976009  
8862.767304  
8958.942936  
8867.66902  
8845.330337  
8802.528261  
8773.723633  
8875.8196  
8811.756397  
8788.409623  
8829.766113  
8813.312764  
8880.407137  
8862.169837  
8909.652957  
8842.785998  
8818.261878  
8782.853889  
8798.084353  
8820.387601  
8836.222063  
8887.558419  
8888.910086  
8885.955133  
8913.253592  
8825.812669  
8829.471759  
8779.702567  
8721.477484  
8757.204869  
8788.019741  
8779.405677  
8816.868697  
8828.89205  
8817.337911  
8827.409494  
8775.533612  
8827.588927  
8802.366525  
8780.804115  
8809.995596  
8822.371243  
8849.957579  
8822.40771  
8824.401023  
8762.943255  
8771.38769  
8796.890341  
8791.430231  
8811.505914  
8762.306003  
8800.152025  
8819.559476  
8816.892673  
8856.38345  
8803.684795  
8822.104403  
8836.890371  
8855.461421  
8894.012386  
8913.744918  
8866.016432  
8806.713518  
8818.344388  
8793.743832  
8756.953558  
8772.841338  
8767.933683  
8781.935158  
8867.815783  
8810.51993  
8836.255107  
8818.728854  
8779.426872  
8807.560113  
8798.480245  
8802.246388  
8835.772351  
8844.099998  
8798.217529  
8785.124875  
8833.82666  
8812.866331  
8850.491136  
8873.169269  
8838.608085  
8857.418024  
8852.290692  
8798.737898  
8812.698063  
8793.97157  
8743.964819  
8762.829336  
8741.943613  
8769.205721  
8702.371567  
8765.43736  
8732.873002  
8736.998047  
8771.211745  
8718.481062  
8746.925492  
8721.952417  
8785.939518  
8770.948491  
8788.861507  
8797.332006  
8766.194914  
8810.758395  
8857.604796  
8797.121492  
8872.857825  
8872.696528  
8901.828818  
8890.84507  
8930.441526  
8900.143311  
8915.111019  
8920.24418  
8944.229373  
8929.095354  
8892.023079  
8895.501923  
8862.740782  
8884.48854  
8888.36365  
8827.320273  
8893.403599  
8917.924999  
8841.804169  
8915.441795  
8845.46013  
8881.050547  
8804.353984  
8805.076645  
8868.48591  
8769.996388  
8798.475342  
8824.296008  
8821.965272  
8780.040268  
8828.771066  
8843.263946  
8814.17193  
8827.090322  
8785.177226  
8760.933489  
8748.569655  
8770.120062  
8721.245695  
8766.688188  
8776.862773  
8836.805933  
8822.856146  
8826.368309  
8817.703399  
8813.574697  
8812.492546  
8788.037443  
8786.07678  
8791.98151  
8803.260682  
8818.875324  
8835.706558  
8856.617397  
8852.460688  
8838.751814  
8822.880446  
8772.63639  
8808.976413  
8759.8252  
8805.913146  
8797.361343  
8833.628782  
8818.402433  
8834.976986  
8817.560238  
8806.436902  
8781.462487  
8793.508251  
8783.397486  
8780.831638  
8763.591887  
8739.569057  
8779.436399  
8767.309321  
8788.312346  
8795.709572  
8829.244903  
8868.106759  
8894.83225  
8891.555221  
8827.23429  
8757.018545  
8791.896474  
8825.666419  
8793.362105  
8771.735461  
8805.552874  
8840.28264  
8815.339585  
8860.835285  
8794.252227  
8809.319441  
8802.934217  
8828.378293  
8793.475835  
8780.28985  
8773.147929  
8767.164944  
8747.964081  
8726.482023  
8735.858792  
8730.771724  
8768.532361  
8746.226752  
8775.625832  
8762.260498  
8755.178711  
8804.73297  
8768.139245  
8833.747818  
8813.553845  
8785.723792  
8852.447166  
8811.081767  
8862.994863  
8867.114377  
8826.798415  
8874.746552  
8828.22022  
8820.290059  
8838.782999  
8769.437804  
8782.2855  
8792.780009  
8779.873964  
8853.682468  
8805.679548  
8781.94327  
8809.396629  
8834.734878  
8862.862115  
8828.532167  
8817.123436  
8801.580138  
8783.030981  
8808.514614  
8756.649454  
8821.291459  
8768.38363  
8845.143759  
8807.82535  
8756.929688  
8728.691885  
8783.926195  
8798.178367  
8793.951311  
8787.430345  
8824.893614  
8743.040936  
8820.93191  
8795.328319  
8808.91343  
8834.76419  
8910.320801  
8860.870521  
8883.319216  
8895.834094  
8938.254564  
8924.398149  
8927.532117  
8910.600735  
8941.604427  
8951.72735  
8932.013772  
9007.293457  
8990.215183  
8905.205537  
8908.859873  
8844.39344  
8852.493528  
8857.728511  
8849.959503  
8860.109983  
8807.848035  
8832.43764  
8863.29699  
8865.563591  
8842.289107  
8870.606605  
8905.041325  
8880.202353  
8948.235332  
8912.171721  
8914.85088  
8887.125304  
8872.30668  
8849.835046  
8854.791335  
8760.230678  
8744.655836  
8746.313716  
8860.343292  
8833.331991  
8824.172478  
8758.051708  
8807.543681  
8843.668502  
8835.645134  
8844.496632  
8865.190629  
8871.378328  
8862.094333  
8845.234734  
8837.096715  
8819.178527  
8870.197056  
8857.851702  
8829.96743  
8821.679887  
8865.642648  
8835.871786  
8867.181476  
8887.659708  
8828.615249  
8880.2784  
8827.678372  
8854.414815  
8824.66328  
8791.251779  
8807.350686  
8766.362026  
8742.402897  
8742.652757  
8751.571289  
8782.878737  
8809.005805  
8840.911013  
8794.562744  
8764.945626  
8737.794369  
8779.335464  
8768.955596  
8764.193295  
8824.936513  
8790.923863  
8737.915458  
8792.725446  
8737.713703  
8806.297249  
8807.242257  
8797.775241  
8784.517767  
8759.78984  
8763.819725  
8740.54397  
8747.892563  
8768.226891  
8724.936763  
8788.644905  
8777.709483  
8768.426907  
8755.527164  
8714.044459  
8760.275984  
8784.151078  
8768.432657  
8819.043432  
8838.431586  
8873.710599  
8828.039117  
8824.39062  
8827.667635  
8762.637929  
8840.560457  
8801.12215  
8768.721142  
8816.649688  
8793.150719  
8791.688457  
8852.636913  
8787.457684  
8801.042545  
8804.858732  
8833.299017  
8798.629335  
8838.48159  
8880.608897  
8888.277015  
8895.683026  
8866.58522  
8855.318683  
8818.579625  
8843.768106  
8877.29132  
8853.331578  
8895.71309  
8833.564348  
8801.73709  
8792.455003  
8772.678297  
8799.678267  
8800.796845  
8775.531285  
8758.085255  
8780.620501  
8826.641178  
8875.954964  
8856.514419  
8892.674242  
8847.646793  
8868.425522  
8835.990638  
8872.891019  
8845.79965  
8807.542954  
8811.511798  
8799.236448  
8756.040283  
8826.015804  
8806.472935  
8856.903261  
8827.353919  
8805.300751  
8738.173459  
8747.215482  
8779.029003  
8770.737758  
8741.071708  
8796.517359  
8769.806546  
8765.811563  
8787.000443  
8774.679124  
8839.909807  
8798.129579  
8795.192458  
8808.912857  
8805.77402  
8849.412667  
8851.898293  
8860.706777  
8827.682079  
8809.732905  
8805.381517  
8795.536462  
8839.290577  
8875.566157  
8882.517204  
8801.287936  
8759.783587  
8797.976318  
8745.698611  
8793.125593  
8781.671073  
8784.84365  
8787.662767  
8767.167246  
8821.517733  
8836.163739  
8860.617845  
8900.015321  
8903.56677  
8944.87229  
