10094.72013  
9983.051053  
10043.51807  
10095.07148  
10080.48412  
10126.27156  
10131.65854  
10080.16034  
10092.18919  
10088.05889  
10024.39648  
10077.24598  
10049.54211  
10016.39621  
10045.40103  
9998.754932  
9957.161851  
9978.798828  
10021.14311  
9993.290437  
9988.456885  
10067.70644  
10025.5002  
10005.24489  
10003.11115  
9971.698347  
9935.169852  
9987.612333  
9979.509521  
9962.223968  
10027.0341  
10011.08115  
10046.4515  
10003.21447  
9941.691776  
9943.729429  
9963.964062  
9924.720982  
9966.441936  
9930.0521  
9962.15406  
9994.227051  
9998.244217  
9993.403655  
10028.58838  
9982.407889  
10032.38075  
10056.926  
10015.71478  
10062.80214  
10080.41461  
10007.15851  
10052.06094  
10005.19232  
10042.02199  
10033.48622  
10019.18649  
9996.890262  
10030.77921  
9993.50874  
10028.07693  
10011.69502  
10010.38201  
10032.20661  
10004.0457  
9986.059842  
9992.1896  
9986.162074  
9957.367878  
10014.05204  
9983.883859  
10036.26872  
10010.20457  
9998.107457  
10018.42542  
10020.03184  
10049.74641  
10006.04452  
10002.4639  
10000.30899  
10005.10961  
10002.18141  
10004.53626  
10014.16403  
10036.01805  
9997.279708  
10051.79972  
10040.23977  
10042.12638  
10023.12954  
9967.956599  
10033.77092  
10026.44914  
10061.8657  
10015.43045  
10003.63014  
9961.369936  
10009.59963  
9991.256989  
10048.59644  
10018.7847  
10062.58115  
10027.99798  
9953.799909  
9993.725851  
9951.404639  
9954.633587  
9975.401549  
9946.617048  
10010.10512  
10032.86582  
10037.28456  
9996.514  
9962.973849  
9973.918848  
10010.84221  
10020.18698  
10063.02667  
10094.4222  
10057.95087  
10090.84245  
10011.54507  
10020.37063  
10031.2506  
10006.80536  
10048.99494  
10017.60568  
10016.47433  
10042.98376  
10061.20045  
10071.85622  
10099.66891  
10042.90304  
10055.99411  
10073.66237  
10051.43699  
10054.97991  
10049.60835  
9993.418276  
10002.69438  
10002.96549  
9957.449414  
10030.32654  
9998.257847  
10043.3338  
10050.66128  
10049.92457  
10075.57518  
10046.51984  
10088.95221  
10053.35527  
10066.77939  
10116.19035  
10051.34805  
10057.7686  
10091.88675  
10031.92317  
10011.24025  
10024.30673  
10010.32725  
10001.13733  
10059.18456  
9990.293241  
10012.03495  
10042.88322  
9987.149609  
10010.70749  
10030.04069  
10001.69697  
10029.93039  
9978.658098  
9978.490165  
10022.94229  
10020.95041  
9978.247684  
9992.716546  
9965.09149  
9958.331689  
9998.754604  
9985.157387  
10030.74661  
10066.99535  
9992.811544  
10006.6871  
10004.73412  
10030.2689  
10053.95518  
9989.374191  
10059.22751  
10008.29544  
10016.72794  
10057.16576  
10037.00862  
10073.70558  
10063.25604  
10040.96991  
10061.58297  
10020.94254  
10003.16229  
10036.8264  
10005.40121  
10017.04472  
10009.17008  
10033.98142  
10054.3717  
10034.6663  
10012.27976  
10056.66027  
10012.86641  
9641.922008  
10203.75089  
10085.47318  
9935.38727  
10050.63653  
10051.72523  
9971.365792  
10048.94618  
10006.98  
10022.82415  
10049.79987  
10053.77295  
10058.86896  
10070.30705  
10028.33827  
9966.531201  
9984.00798  
9986.744573  
10005.03578  
10030.37919  
9982.496638  
10041.62118  
9999.811482  
9949.444678  
9983.282359  
9965.338553  
9972.928997  
10019.35741  
10074.12122  
10017.66951  
10058.12519  
10061.78265  
10051.39945  
10110.3968  
10077.91027  
10117.53712  
10112.19444  
10083.90298  
10087.44398  
10080.60423  
10051.69615  
10016.91447  
9937.699428  
9970.911  
9909.584626  
9964.697747  
9953.381355  
9976.791267  
9988.613707  
9971.35964  
10038.92301  
10037.98423  
10053.51385  
10030.79761  
10069.18991  
10039.04552  
10052.02356  
10050.53662  
9996.105071  
10012.74566  
9989.478836  
9966.591539  
9982.849107  
9961.860296  
10011.47958  
10009.54996  
10020.83611  
9988.860498  
9980.260352  
9996.344134  
10006.20641  
10005.22106  
9995.6726  
9951.230085  
9976.450488  
9981.464565  
10040.37409  
10018.10744  
10059.51825  
10038.15555  
9978.501493  
10009.1734  
9983.556348  
10021.68209  
9975.899198  
9986.189265  
10017.66913  
9954.377497  
10032.62211  
9987.110491  
10026.73742  
10024.5283  
10005.71343  
10025.07605  
10018.46316  
10004.70989  
10067.88645  
10014.8006  
10057.49542  
10066.99496  
10003.29884  
10018.42912  
9996.873682  
10050.52254  
10058.13309  
10021.79652  
10112.35762  
10083.89752  
10038.62005  
10116.79325  
10087.77455  
10063.37379  
10071.97624  
9998.524791  
10044.7508  
10001.93877  
9989.844169  
10027.18154  
9949.042808  
10023.74094  
10009.52849  
9961.590709  
10056.44346  
9996.38298  
10017.59001  
10034.46304  
10042.77803  
10059.8722  
10075.05265  
10058.25261  
10040.56164  
10053.10363  
10062.32861  
10053.83313  
10072.92403  
10021.1559  
10017.58753  
10025.70835  
9993.682847  
10063.38883  
10065.78353  
9996.555692  
10081.90596  
10089.27849  
10036.79342  
10051.49565  
9970.480936  
9950.822684  
9988.131466  
9914.682778  
9968.005183  
9950.622559  
9970.717125  
9987.746512  
9990.785038  
9989.676172  
9952.99617  
9991.704646  
9989.538079  
9977.618157  
10016.69444  
10020.20933  
9983.515053  
10043.51413  
10023.25834  
9989.103523  
10043.5013  
10035.55345  
10054.66562  
10093.20671  
10088.8212  
10093.50261  
10074.46752  
10100.47631  
10077.58437  
10114.04045  
10127.33267  
10082.39977  
10093.954  
10095.09895  
10046.09485  
10100.22679  
10065.13793  
10080.39303  
10099.59478  
10021.05133  
10067.93759  
10052.96214  
10003.33463  
10019.94357  
10011.10479  
9988.050935  
10022.9127  
9962.972949  
10010.60046  
10019.30532  
10016.37703  
9997.031955  
10026.79526  
10004.37404  
10019.79743  
9985.507073  
9982.340388  
9964.921045  
9977.372363  
9975.053104  
10025.65822  
10051.03316  
10070.73892  
10062.99  
10080.20185  
10114.82348  
10068.23596  
10015.99911  
9979.295703  
10002.95192  
9989.865039  
10020.36384  
10042.46678  
10007.62418  
10041.22741  
10025.23252  
10029.85636  
10041.50815  
10009.62352  
10039.31161  
10038.21023  
10062.935  
10068.67351  
10018.38541  
10034.57659  
10000.98642  
10023.09499  
10050.01487  
9986.094615  
10049.43645  
10024.81869  
10068.73979  
10060.58466  
9983.293457  
9996.32945  
9945.279471  
9971.513107  
9997.640771  
9993.372203  
9972.564223  
9990.870947  
9974.095968  
9946.227818  
10019.52905  
9994.392732  
9995.224442  
10002.2055  
10007.14065  
10018.48544  
10009.85105  
10046.56396  
10022.63211  
10020.92458  
10016.23116  
10002.26563  
9984.29202  
9982.525649  
10008.85454  
10025.82021  
10028.47711  
10035.98368  
10026.7862  
10019.64331  
10054.01127  
10018.7539  
10056.79911  
10022.84017  
9987.717697  
10018.79224  
9987.364537  
10023.5614  
10054.3253  
10077.69038  
10081.17533  
10032.08359  
10024.50317  
10043.09655  
10007.10749  
10023.84291  
10038.89299  
10048.35699  
10065.33292  
10089.36254  
10060.62628  
10055.18256  
10033.36883  
10036.44328  
10070.00767  
10050.5582  
10063.62516  
10060.92614  
10049.84664  
10089.00953  
10024.38696  
10078.99934  
10030.17385  
10088.79499  
10076.96618  
10019.97284  
10028.50363  
10012.16787  
9993.431989  
10009.28528  
9972.171415  
10010.61192  
10002.3504  
10016.80026  
10028.49125  
10039.0783  
10090.33349  
10125.237  
10120.82942  
10080.17385  
10034.7929  
10042.74268  
10084.57858  
10050.45325  
10057.31071  
10058.00002  
10021.00257  
10040.53952  
10024.6472  
10011.09312  
10011.67192  
9956.191881  
9964.947175  
9955.180148  
9931.719531  
9990.389425  
9940.509738  
10036.19129  
10030.57421  
9953.575119  
9987.416406  
9978.203139  
9993.928327  
9947.689062  
9946.124386  
9964.120089  
9969.437884  
9953.400265  
9978.449895  
9963.441609  
9951.871031  
9976.130127  
9977.57048  
10005.63894  
9996.885414  
10015.91748  
10029.59268  
9982.573877  
9972.124826  
10015.76996  
10004.04071  
10085.03875  
10056.96498  
10024.10472  
10000.97277  
10021.52564  
10020.9537  
10034.88262  
10053.98403  
10076.76242  
10069.02037  
10067.3857  
10051.1549  
10004.4155  
10037.67595  
10037.06828  
10054.91998  
10114.53705  
10080.49421  
10105.61559  
10104.69254  
10109.5272  
10112.16555  
10059.09636  
10080.43518  
10070.41707  
10030.47106  
10087.66602  
10040.06299  
10075.1867  
10051.74925  
10038.84267  
10044.57377  
9990.350209  
10032.11279  
9975.83863  
10046.09615  
10069.19518  
10053.51674  
10040.49995  
10023.27437  
10001.22005  
10006.77748  
9977.861935  
10000.63492  
9999.636642  
10027.05566  
10019.19971  
10001.94599  
9994.021784  
9964.190611  
9993.561823  
9981.963442  
9968.639802  
9982.80558  
9978.241288  
9979.325753  
9970.204136  
9989.469057  
9964.259452  
9966.305378  
10022.79784  
10009.44708  
10006.3125  
10010.36877  
10002.92883  
10033.41596  
9985.60196  
9987.163797  
10007.30218  
9991.377079  
10052.45341  
10010.66932  
10036.88408  
10045.55406  
10039.98925  
10017.60251  
10007.99469  
10060.12093  
10073.42197  
10070.20548  
10063.44276  
10072.26953  
10097.60435  
10038.85678  
10021.25568  
10021.1451  
9824.193799  
10041.3969  
10004.03101  
9778.623291  
10049.53  
10032.68399  
10038.0721  
10057.07754  
10055.32193  
10085.03426  
10080.28085  
10031.89107  
10072.85792  
10064.66853  
10078.75744  
10102.6681  
10066.78311  
10078.49521  
10107.99512  
10075.78854  
10098.5921  
10062.09275  
10030.91896  
10032.03735  
10024.95212  
9965.038002  
9950.818422  
9959.179102  
9969.564028  
9973.311963  
9974.185526  
9940.607847  
9970.530762  
10015.45389  
10025.54945  
10025.27476  
10047.98955  
10017.83652  
10008.2175  
10026.19539  
10013.8239  
10020.02496  
10033.54607  
9994.064725  
10023.84087  
10019.77727  
10009.8307  
10056.39962  
10021.63223  
10017.57112  
9984.975621  
9960.697573  
10019.34231  
10049.05675  
10018.92992  
10049.33452  
10022.72799  
10076.35753  
10058.8611  
10048.28638  
10042.27299  
10003.44922  
10014.94438  
10068.02906  
10067.98335  
10047.84627  
9988.192411  
10022.65357  
9978.962988  
10011.37228  
9990.236719  
9978.38803  
10009.15785  
10024.4734  
10009.3734  
10059.98944  
10052.62849  
10020.96699  
10053.68968  
