10415.9457  
10359.00934  
10379.15812  
10406.21171  
10425.36257  
10486.39964  
10464.34096  
10454.46092  
10467.47871  
10445.2247  
10480.99659  
10473.92787  
10457.84692  
10520.86148  
10497.64873  
10465.01133  
10494.38829  
10516.78552  
10483.71211  
10503.1851  
10503.54788  
10487.9255  
10501.43027  
10531.64818  
10502.73655  
10453.17188  
10515.69586  
10505.3915  
10494.81897  
10525.42318  
10465.89433  
10472.86289  
10445.0405  
10458.84763  
10439.41518  
10465.47679  
10521.55814  
10465.29779  
10480.98109  
10499.82218  
10480.03828  
10464.5289  
10469.03379  
10467.35052  
10479.5465  
10463.96613  
10475.35364  
10443.37325  
10472.53443  
10436.46664  
10416.42004  
10442.36758  
10453.30443  
10453.0978  
10502.24448  
10484.5269  
10463.54595  
10498.18562  
10479.48658  
10426.61067  
10454.93659  
10470.22863  
10452.70127  
10475.39554  
10485.90673  
10476.30743  
10486.00524  
10465.63118  
10450.23415  
10482.08372  
10455.76075  
10468.10019  
10465.93775  
10473.43188  
10435.00656  
10446.32105  
10416.90752  
10461.88513  
10499.70394  
10473.66583  
10437.2613  
10471.69328  
10489.8682  
10448.54123  
10409.81003  
10358.6711  
10407.83343  
10444.73943  
10461.63003  
10481.67331  
10467.12169  
10463.92876  
10447.40237  
10463.06123  
10413.94743  
10445.78332  
10453.97596  
10415.7036  
10422.83594  
10457.8149  
10448.24456  
10464.06104  
10470.14812  
10475.17829  
10462.84242  
10465.52942  
10485.65804  
10494.34093  
10481.71687  
10477.20729  
10415.40166  
10442.86153  
10432.20216  
10462.80323  
10490.43063  
10462.55628  
10470.07723  
10478.37876  
10462.6251  
10428.9174  
10476.91255  
10449.03273  
10416.00175  
10450.79178  
10511.31503  
10466.45917  
10502.40296  
10517.37256  
10480.27031  
10483.73653  
10497.03734  
10458.53193  
10489.57061  
10515.08394  
10463.08143  
10455.21558  
10438.40437  
10462.17657  
10402.75099  
10443.08247  
10404.82287  
10401.53248  
10452.9945  
10434.21835  
10435.94669  
10445.37293  
10421.57824  
10461.14215  
10470.99902  
10464.69533  
10440.46011  
10451.38159  
10443.416  
10460.55757  
10458.55074  
10414.52169  
10397.46981  
10422.95584  
10374.2862  
10392.8926  
10422.29587  
10424.44316  
10482.02978  
10480.67146  
10450.05699  
10470.35137  
10458.99264  
10476.79279  
10470.69762  
10478.8033  
10464.16664  
10480.71038  
10496.35914  
10466.67801  
10493.20318  
10484.19554  
10461.02679  
10447.5135  
10516.35694  
10472.39186  
10519.29911  
10512.99439  
10474.01014  
10486.71234  
10449.46915  
10453.72751  
10481.44381  
10472.67526  
10455.79549  
10485.68193  
10501.17871  
10471.01279  
10473.79996  
10469.77331  
10473.20459  
10491.08529  
10489.45737  
10480.34275  
10465.83819  
10462.45912  
10423.96924  
10410.58236  
10441.94619  
10457.63914  
10466.75468  
10535.67484  
10577.35489  
10502.29942  
10512.55603  
10541.2092  
10486.56885  
10482.10879  
10492.71819  
10531.72284  
10516.4719  
10452.59102  
10409.18382  
10384.92433  
10331.61141  
10333.16102  
10326.88562  
10320.05804  
10320.37114  
10304.15911  
10369.82588  
10373.66309  
10378.40052  
10381.14403  
10390.48564  
10430.82091  
10452.29326  
10456.52687  
10445.80382  
10495.4494  
10496.07171  
10518.8544  
10513.85688  
10548.30523  
10544.86664  
10526.49764  
10492.89991  
10497.31482  
10476.03399  
10467.04314  
10499.59757  
10512.288  
10460.12388  
10465.70107  
10478.37653  
10458.34074  
10514.89052  
10503.11646  
10541.36508  
10550.80285  
10566.69018  
10582.09948  
10531.83533  
10538.69767  
10512.35319  
10483.56025  
10502.3301  
10524.58003  
10482.02025  
10482.73201  
10475.76135  
10483.91036  
10501.38415  
10464.17055  
10450.68648  
10451.37858  
10492.57749  
10527.79616  
10515.10881  
10536.78593  
10489.03037  
10478.52373  
10490.14768  
10458.68044  
10440.86413  
10454.83392  
10422.75288  
10420.20619  
10429.23145  
10441.02415  
10406.58798  
10479.91918  
10440.23565  
10448.01867  
10432.98056  
10431.1958  
10422.7357  
10413.74316  
10449.95547  
10487.40475  
10530.36299  
10528.54083  
10502.62061  
10539.31112  
10519.81513  
10472.41856  
10438.76034  
10431.0296  
10419.17546  
10419.58422  
10411.06879  
10411.06373  
10396.42065  
10424.34134  
10425.78573  
10435.26587  
10465.24945  
10408.50603  
10407.43076  
10452.48772  
10452.69983  
10475.62467  
10475.5493  
10496.33169  
10498.04286  
10509.84029  
10547.97445  
10523.60598  
10512.95169  
10531.01941  
10496.30931  
10467.32456  
10487.31201  
10475.67244  
10499.07945  
10494.04674  
10536.09837  
10546.27101  
10528.11296  
10550.58887  
10507.56216  
10489.60645  
10473.52339  
10486.26716  
10453.12665  
10497.84323  
10449.30722  
10466.0839  
10478.18425  
10498.37616  
10566.78611  
10556.73729  
10527.60456  
10524.83733  
10459.78122  
10473.23266  
10444.44878  
10433.73768  
10415.57973  
10444.46063  
10449.04996  
10462.61553  
10444.72837  
10470.69254  
10488.85244  
10464.41025  
10477.9197  
10501.35635  
10478.78942  
10446.94609  
10479.93845  
10505.39346  
10475.66713  
10424.40379  
10451.42019  
10454.025  
10432.58384  
10436.0595  
10443.82329  
10436.96995  
10441.5537  
10466.75618  
10468.38483  
10503.03432  
10490.53454  
10467.59325  
10486.29313  
10473.69585  
10457.0003  
10452.94338  
10431.53149  
10398.06278  
10460.2757  
10482.66478  
10429.19248  
10506.64781  
10488.36183  
10479.0374  
10467.22945  
10455.82151  
10437.41535  
10452.3769  
10469.90519  
10435.73041  
10478.07603  
10443.2582  
10474.95591  
10453.11846  
10418.61834  
10453.26895  
10421.57939  
10447.72144  
10461.52099  
10467.22201  
10417.96481  
10439.82765  
10435.6913  
10451.12031  
10443.24946  
10476.57972  
10467.94264  
10504.75563  
10489.45397  
10439.41197  
10497.35442  
10446.42263  
10428.50629  
10439.06001  
10464.64046  
10417.49042  
10434.25363  
10464.1257  
10453.55906  
10475.15132  
10482.86388  
10456.31372  
10469.50531  
10431.89797  
10417.59568  
10438.06245  
10442.88369  
10451.67733  
10442.66456  
10450.8981  
10440.61841  
10469.9537  
10448.20756  
10456.34452  
10490.74077  
10476.06036  
10460.4958  
10446.08615  
10430.38538  
10473.391  
10485.52174  
10428.07945  
10445.67854  
10447.46845  
10398.27186  
10441.31989  
10437.24007  
10435.03355  
10440.20262  
10454.56963  
10481.69954  
10500.93831  
10472.52848  
10421.25955  
10426.21979  
10432.26942  
10413.6514  
10439.22209  
10502.05536  
10432.37835  
10459.41682  
10483.41682  
10470.76657  
10465.42542  
10468.60173  
10467.08076  
10465.18253  
10471.57018  
10468.92899  
10467.91572  
10457.65901  
10469.25684  
10493.86284  
10527.10525  
10547.90233  
10585.88578  
10530.66951  
10529.69189  
10568.37292  
10554.39258  
10523.97011  
10553.94175  
10586.91048  
10559.85062  
10572.20632  
10548.97182  
10487.87321  
10491.76908  
10514.80624  
10490.75902  
10468.42423  
10531.3995  
10502.11375  
10463.44049  
10416.61495  
10440.81861  
10422.93933  
10444.28507  
10428.33067  
10462.67864  
10457.35512  
10491.6582  
10495.51029  
10472.3682  
10472.77639  
10475.71783  
10425.5554  
10490.92273  
10475.64761  
10496.21344  
10487.80695  
10465.33016  
10444.38356  
10483.76856  
10489.73278  
10460.51187  
10443.64149  
10458.40373  
10486.20442  
10431.59432  
10476.28975  
10453.59591  
10474.10678  
10458.89204  
10481.67388  
10421.49861  
10454.73405  
10473.79885  
10433.50871  
10452.42677  
10450.03875  
10410.68284  
10468.8062  
10475.88968  
10448.56068  
10476.67546  
10462.77519  
10444.64679  
10487.05025  
10489.32841  
10476.45157  
10487.85959  
10477.85364  
10472.54045  
10438.97097  
10455.58302  
10429.21143  
10433.15183  
10475.49687  
10463.43512  
10471.08469  
10460.00488  
10492.80515  
10446.90592  
10485.16005  
10471.09989  
10448.36867  
10474.76274  
10509.9681  
10483.04715  
10468.579  
10465.15894  
10477.73957  
10462.51214  
10467.29846  
10439.83605  
10443.85558  
10484.98626  
10472.00614  
10468.76807  
10511.77778  
10475.96346  
10489.46096  
10517.43217  
10514.15549  
10505.67895  
10538.93492  
10543.87108  
10482.57724  
10504.29315  
10455.44454  
10427.7171  
10441.52679  
10430.50815  
10401.08547  
10425.64495  
10458.55945  
10437.94622  
10427.35182  
10429.40518  
10441.68903  
10417.11024  
10435.82485  
10439.4214  
10455.39303  
10479.95048  
10457.00684  
10501.52357  
10527.33247  
10531.71936  
10486.69494  
10440.45473  
10431.56356  
10392.7677  
10411.6897  
10430.60159  
10436.37498  
10406.63862  
10427.80534  
10470.6517  
10423.7103  
10443.44734  
10449.39731  
10475.2757  
10445.8566  
10460.72495  
10483.89821  
10497.62836  
10478.00778  
10483.85721  
10513.35882  
10489.37371  
10520.97785  
10523.70531  
10511.62727  
10504.21774  
10532.79645  
10553.37762  
10502.33805  
10511.35368  
10513.93837  
10502.07521  
10506.9437  
10528.56821  
10506.7238  
10502.01338  
10541.13114  
10491.59801  
10465.57524  
10484.15099  
10478.7541  
10437.65163  
10501.53744  
10470.09739  
10479.30813  
10480.83631  
10431.07712  
10449.37639  
10450.17714  
10456.83584  
10488.11218  
10463.69947  
10446.02516  
10486.74739  
10480.46006  
10466.45656  
10482.628  
10488.92994  
10450.05678  
10447.31274  
10474.72652  
10412.18496  
10467.25751  
10470.84285  
10470.52356  
10473.28796  
10479.91574  
10440.37689  
10463.95154  
10440.37072  
10400.23032  
10423.05206  
10459.83922  
10444.8151  
10506.17032  
10501.73527  
10472.28329  
10496.68173  
10497.9559  
10503.49674  
10496.28682  
10461.11233  
10463.775  
10487.70549  
10478.46663  
10478.94778  
10458.51564  
10460.78519  
10440.37694  
10418.64634  
10447.53772  
10439.64494  
10430.16768  
10448.14166  
10434.90831  
10429.06088  
10472.69923  
10480.92068  
10489.04222  
10517.12873  
10510.97687  
10500.88152  
10489.11196  
10480.33015  
10456.62044  
10457.77927  
10484.33324  
