10414.86716  
10473.34306  
10410.52313  
10451.62862  
10411.09033  
10337.91201  
10330.40407  
10358.28238  
10315.27177  
10345.71338  
10380.73977  
10362.84773  
10344.14744  
10357.0303  
10330.80217  
10323.72888  
10284.21328  
10298.41088  
10224.26138  
10314.88746  
10254.46613  
10284.08139  
10296.37559  
10313.37965  
10294.96965  
10330.38685  
10283.03027  
10328.66036  
10275.26313  
10284.52472  
10362.05119  
10243.7344  
10352.58401  
10291.60113  
10374.64173  
10331.73561  
10400.15856  
10340.26691  
10343.51542  
10331.73756  
10337.46261  
10319.05978  
10328.64849  
10378.135  
10394.5706  
10376.01542  
10397.79215  
10370.37184  
10416.98021  
10341.97037  
10340.55731  
10372.54765  
10283.862  
10376.21271  
10308.51755  
10391.84187  
10364.88199  
10328.81096  
10314.66602  
10297.68827  
10257.26645  
10286.89042  
10307.54585  
10321.35002  
10324.87641  
10320.78947  
10325.4982  
10328.3364  
10313.7224  
10396.56021  
10289.07545  
10276.14654  
10328.70266  
10329.72502  
10355.16483  
10339.8162  
10361.74656  
10377.26545  
10323.02832  
10313.95641  
10341.22189  
10323.19981  
10353.48525  
10306.68627  
10310.93639  
10363.36369  
10371.75822  
10437.99812  
10394.24453  
10415.74085  
10415.32702  
10409.13685  
10308.48972  
10346.62256  
10287.88572  
10343.53883  
10336.70022  
10351.27069  
10361.26434  
10329.21708  
10310.17244  
10372.65072  
10345.84979  
10346.48399  
10329.05397  
10288.40019  
10366.99725  
10273.16347  
10282.56705  
10318.77238  
10288.88045  
10312.10395  
10330.23319  
10323.85246  
10349.217  
10336.3905  
10360.98959  
10366.16355  
10320.88692  
10359.4228  
10349.1664  
10356.08386  
10393.08535  
10382.43604  
10424.92177  
10382.22065  
10327.03978  
10388.45104  
10373.71299  
10322.12785  
10364.65882  
10309.83422  
10317.98445  
10345.82142  
10358.92159  
10376.35588  
10287.37022  
10318.96711  
10307.42067  
10285.75812  
10294.14512  
10356.24761  
10352.12117  
10420.89525  
10385.17601  
10380.49918  
10390.15725  
10329.79263  
10348.53788  
10364.07949  
10373.95778  
10415.83424  
10385.83802  
10318.07437  
10361.3696  
10331.1848  
10301.29526  
10265.89039  
10266.85529  
10348.61531  
10336.79549  
10336.96284  
10353.02421  
10336.84514  
10293.82113  
10324.52303  
10290.01843  
10338.13042  
10278.30949  
10276.73204  
10299.84925  
10288.23677  
10300.42753  
10309.43079  
10343.7269  
10342.16486  
10350.45343  
10315.03367  
10326.27683  
10358.64194  
10312.68226  
10395.13597  
10340.02349  
10335.08571  
10318.467  
10367.91656  
10389.51131  
10424.20595  
10392.33139  
10364.9686  
10409.38731  
10298.55569  
10420.82016  
10348.54369  
10352.86297  
10379.73232  
10370.27765  
10320.53683  
10350.3732  
10328.97006  
10423.32568  
10337.5367  
10334.83052  
10362.71646  
10344.21872  
10332.64358  
10280.21752  
10292.70891  
10306.51262  
10262.83619  
10332.83301  
10345.50974  
10343.21348  
10349.49846  
10298.82653  
10322.86688  
10313.99979  
10364.0645  
10374.10357  
10392.60955  
10444.88726  
10380.72209  
10377.10143  
10350.17108  
10296.2085  
10322.82191  
10288.66769  
10344.42401  
10330.27462  
10390.55178  
10368.72687  
10391.24866  
10367.51257  
10346.58879  
10326.52953  
10375.64212  
10301.40746  
10335.48556  
10358.40054  
10306.72903  
10362.46173  
10393.23648  
10306.62703  
10329.25863  
10358.0718  
10361.0397  
10321.94909  
10362.05546  
10351.48705  
10358.87153  
10415.91494  
10410.4476  
10339.78277  
10378.08907  
10392.10863  
10398.68812  
10407.43313  
10359.60272  
10303.25293  
10339.13024  
10278.1212  
10235.79736  
10296.55453  
10286.00126  
10320.80266  
10327.5185  
10312.91016  
10299.47456  
10277.98491  
10306.23741  
10309.74175  
10298.19665  
10298.41964  
10377.376  
10323.89194  
10317.65245  
10372.70384  
10346.71561  
10366.1471  
10347.10251  
10352.34247  
10326.05402  
10297.25596  
10349.99956  
10357.92247  
10351.67815  
10374.43876  
10247.45834  
10275.99067  
10242.70238  
10280.31612  
10336.40245  
10323.1987  
10300.07617  
10348.25876  
10365.2373  
10334.60642  
10403.649  
10356.45531  
10329.10228  
10380.07229  
10352.74949  
10369.32126  
10348.51683  
10368.33591  
10312.10706  
10315.20004  
10333.17403  
10375.82252  
10345.23006  
10283.07848  
10317.39173  
10320.54222  
10267.26146  
10256.32753  
10261.2235  
10244.99756  
10311.01383  
10296.05065  
10245.99938  
10322.47451  
10363.96641  
10403.39929  
10373.11236  
10416.64029  
10390.53721  
10413.47163  
10415.82373  
10362.38991  
10370.50075  
10317.29965  
10341.64021  
10295.25953  
10291.33468  
10297.91941  
10276.03017  
10282.57802  
10312.54713  
10335.67958  
10371.39281  
10361.96649  
10385.11279  
10392.45269  
10346.16044  
10349.97299  
10325.5624  
10365.16871  
10359.16178  
10359.54472  
10457.0387  
10361.94973  
10408.27804  
10429.79456  
10415.22101  
10465.65006  
10448.8117  
10378.13847  
10316.31543  
10331.49571  
10306.49232  
10302.77454  
10279.85272  
10302.02554  
10313.67231  
10363.82982  
10289.29731  
10291.61341  
10269.42922  
10262.10606  
10247.15576  
10315.49674  
10320.58293  
10395.29022  
10320.7014  
10343.89697  
10383.32985  
10311.16275  
10310.28218  
10362.56165  
10297.0461  
10311.26763  
10276.92326  
10368.24615  
10355.98425  
10322.01449  
10388.65787  
10400.25897  
10328.40144  
10332.49776  
10295.38687  
10336.23597  
10362.06625  
10241.86084  
10247.45821  
10346.92642  
10268.24342  
10382.80895  
10356.60059  
10378.26151  
10390.12834  
10336.86259  
10383.45122  
10350.77632  
10365.90807  
10401.94598  
10348.44603  
10346.95569  
10382.81273  
10356.97268  
10350.8383  
10420.16871  
10332.7492  
10394.59334  
10441.03909  
10385.61135  
10403.03701  
10385.65694  
10346.50414  
10327.3181  
10365.91075  
10333.53192  
10358.21991  
10310.67321  
10338.59028  
10355.15903  
10381.25989  
10325.03174  
10291.10652  
10316.9441  
10365.8988  
10373.71667  
10320.87657  
10368.2602  
10347.57913  
10358.92427  
10398.67026  
10350.58229  
10305.68606  
10360.07563  
10356.60606  
10342.067  
10348.45593  
10369.6132  
10361.897  
10387.71027  
10321.28259  
10339.98384  
10288.74959  
10276.12978  
10286.88186  
10200.9983  
10225.91864  
10256.39582  
10230.06677  
10218.80895  
10290.94233  
10328.30402  
10310.65949  
10278.80353  
10318.98527  
10317.32933  
10313.1619  
10326.43814  
10332.34856  
10383.23782  
10413.46238  
10411.32918  
10334.62901  
10360.54628  
10370.97672  
10387.74463  
10383.55181  
10360.51377  
10309.16368  
10350.44485  
10375.22597  
10270.95112  
10356.05749  
10260.74769  
10330.87045  
10257.54631  
10306.77948  
10303.00185  
10446.71834  
10353.98281  
10441.9843  
10339.14327  
10322.6766  
10345.65563  
10326.06828  
10354.57214  
10378.11827  
10331.64027  
10324.5596  
10274.67077  
10286.62451  
10289.47368  
10301.05302  
10290.8292  
10301.27007  
10247.0844  
10335.40962  
10310.99764  
10329.87276  
10325.36459  
10291.20243  
10299.51719  
10345.85801  
10306.42858  
10384.4155  
10369.60228  
10331.12487  
10390.01154  
10356.78184  
10340.66185  
10393.05086  
10361.99244  
10393.4173  
10334.37415  
10397.2839  
10359.49226  
10332.15836  
10339.38613  
10374.65232  
10311.75524  
10304.6525  
10374.48723  
10341.39782  
10365.20017  
10329.47569  
10330.64212  
10360.7575  
10368.50306  
10344.65021  
10358.44801  
10336.18203  
10351.19647  
10341.92789  
10298.6893  
10347.97029  
10365.76578  
10355.24396  
10380.96166  
10391.32489  
10416.17188  
10383.22379  
10319.61639  
10355.62857  
10350.08383  
10344.61246  
10378.69752  
10400.60894  
10333.0645  
10414.8658  
10399.79395  
10374.70397  
10398.88464  
10317.09714  
10371.5762  
10359.32245  
10321.94912  
10411.19112  
10398.25694  
10377.36883  
10363.50995  
10359.83717  
10299.28644  
10327.43663  
10318.22083  
10296.55839  
10338.9744  
10289.03182  
10339.54341  
10351.93917  
10296.49101  
10360.89846  
10350.64728  
10306.49244  
10362.77408  
10345.61588  
10351.6913  
10364.64253  
10363.37472  
10301.95672  
10295.96626  
10298.83905  
10349.98435  
10330.91661  
10369.21415  
10356.60472  
10303.65877  
10362.71114  
10285.51403  
10333.84383  
10354.88841  
10312.79474  
10318.8648  
10355.75828  
10357.15602  
10382.87934  
10355.19156  
10359.5256  
10360.34601  
10377.08121  
10403.15198  
10339.83458  
10424.83139  
10384.0975  
10452.44272  
10350.72271  
10366.42429  
10345.51614  
10313.24915  
10321.2712  
10361.56391  
10274.15764  
10282.70729  
10309.57039  
10323.19007  
10367.42486  
10315.10005  
10346.72756  
10240.43023  
10266.75961  
10267.33177  
10313.70498  
10279.83923  
10216.45914  
10318.96757  
10300.07956  
10270.75871  
10345.40833  
10263.15389  
10310.73011  
10376.81898  
10328.72664  
10314.44467  
10353.13037  
10283.44151  
10340.2306  
10351.04852  
10376.069  
10362.99648  
10393.32  
10378.62749  
10351.26688  
10369.26162  
10394.77824  
10392.35526  
10311.47962  
10384.66823  
10337.77501  
10336.18395  
10351.63826  
10395.60352  
10350.0956  
10310.36685  
10328.397  
10369.93501  
10349.15034  
10386.52809  
10404.47954  
10355.87775  
10353.73712  
10307.11637  
10303.72443  
10328.25535  
10319.42588  
10368.86523  
10358.10177  
10362.27552  
10315.14057  
10321.84144  
10360.89654  
10323.22867  
10398.49486  
10314.95444  
10331.74507  
10328.51198  
10336.59539  
10312.17681  
10357.0965  
10390.14993  
10302.60889  
10322.33581  
10333.80715  
10356.23651  
10338.78909  
10344.96962  
10300.40589  
10285.69007  
10365.8556  
10318.59326  
10373.29269  
10354.70194  
10336.48142  
10388.03919  
10344.48656  
10353.39962  
10359.25067  
10351.19811  
10381.52202  
10309.99201  
10394.01907  
10389.49409  
10432.94709  
10378.82733  
10340.97003  
10348.35352  
10325.29903  
10381.40656  
10311.25234  
10375.26701  
10275.01159  
10332.89353  
10394.09169  
10329.25969  
10367.58576  
10374.21639  
10398.38916  
10374.11344  
10451.20778  
10313.44166  
10307.77231  
10248.09871  
10226.28104  
10310.3345  
10321.99029  
10424.1479  
10390.53626  
10339.12639  
10299.46957  
10290.15797  
10303.78662  
10280.30821  
10319.26837  
10292.43519  
10297.56463  
10330.78004  
10343.56867  
10305.12071  
10336.57301  
10460.31741  
