5435.680152  
5502.787231  
5373.748803  
5268.685515  
5272.385227  
5330.5625  
5459.605946  
5386.926216  
5258.297162  
5348.513584  
5290.357321  
5433.923454  
5516.454245  
5268.630132  
5283.583714  
5296.343713  
5362.400396  
5435.983693  
5325.157627  
5342.310895  
5301.547101  
5400.003187  
5513.000796  
5327.390649  
5386.030825  
5353.699442  
5440.752335  
5454.92041  
5369.253452  
5613.984561  
5427.808933  
5361.523334  
5381.160292  
5379.660278  
5429.041358  
5336.406162  
5338.308981  
5302.254315  
5355.074927  
5479.435409  
5345.420113  
5417.465266  
5379.424619  
5357.55042  
5489.802496  
5368.182418  
5468.030881  
5333.733051  
5414.62388  
5391.981199  
5446.199564  
5563.260862  
5333.272469  
5414.413967  
5394.21037  
5437.948396  
5406.284575  
5324.079245  
5254.517167  
5447.43228  
5327.327491  
5448.522854  
5373.793338  
5422.79109  
5468.848487  
5453.744618  
5410.989637  
5337.212307  
5414.758558  
5388.003864  
5313.052936  
5565.958462  
5320.747545  
5479.531932  
5514.552742  
5329.124047  
5462.036674  
5403.079821  
5350.300792  
5464.921567  
5343.306659  
5301.180335  
5283.606636  
5419.095727  
5543.708679  
5416.884214  
5521.514282  
5389.951214  
5371.410735  
5488.92304  
5294.672225  
5420.004793  
5430.098293  
5407.803331  
5344.363438  
5306.755732  
5436.043863  
5349.67386  
5400.747938  
5575.064058  
5358.880589  
5396.944166  
5314.988902  
5374.351231  
5404.346329  
5491.712989  
5403.701939  
5398.755246  
5408.239624  
5512.970886  
5373.876924  
5313.777139  
5351.520439  
5302.668385  
5398.823014  
5551.213639  
5338.576708  
5420.504923  
5314.122447  
5341.266395  
5389.968678  
5476.846998  
5260.681107  
5317.309631  
5385.722383  
5385.438803  
5360.600262  
5349.26985  
5407.400752  
5320.944899  
5383.690071  
5372.108704  
5268.052007  
5423.73839  
5350.605774  
5372.365118  
5316.813386  
5254.374069  
5352.275736  
5305.220966  
5367.562601  
5329.131597  
5402.245672  
5296.738568  
5361.150465  
5422.270675  
5457.510031  
5449.491689  
5415.641318  
5374.657675  
5462.242363  
5348.753683  
5367.255002  
5341.420662  
5324.896731  
5283.685512  
5448.765259  
5423.406104  
5359.52141  
5340.589196  
5492.189116  
5454.824036  
5566.834727  
5244.206792  
5420.9668  
5336.477409  
5333.305056  
5307.734593  
5446.588395  
5527.675402  
5293.021638  
5283.842407  
5326.954935  
5439.515906  
5488.710669  
5324.773671  
5415.729176  
5223.647458  
5408.56868  
5489.193943  
5405.325641  
5384.996789  
5365.534676  
5335.046482  
5458.753357  
5398.643329  
5420.311505  
5364.650056  
5384.049667  
5368.449192  
5378.234794  
5418.310626  
5492.076485  
5423.953502  
5300.146729  
5424.658498  
5445.635554  
5329.182416  
5275.484248  
5431.168842  
5479.306641  
5574.084053  
5464.503211  
5424.825652  
5321.912417  
5462.313039  
5508.736172  
5370.69505  
5400.805404  
5336.986652  
5534.241516  
5386.723898  
5520.622983  
5336.963618  
5384.646052  
5492.300834  
5311.451623  
5571.591237  
5447.351926  
5352.620998  
5464.438692  
5413.929693  
5461.819922  
5435.411459  
5364.750881  
5496.960789  
5171.780435  
5037.859725  
5268.19765  
5397.576108  
5266.822701  
5222.83175  
5377.639805  
5304.104559  
5344.693221  
5346.177721  
5373.511644  
5382.785016  
5261.13528  
5335.81258  
5368.320087  
5411.39179  
5419.547289  
5233.66186  
5353.354357  
5316.550144  
5428.369531  
5417.044181  
5292.366938  
5342.203879  
5302.819896  
5249.115404  
5344.911778  
5255.673473  
5217.307453  
5300.303284  
5367.762671  
5333.241439  
5383.04541  
5575.926336  
5431.692569  
5393.095024  
5239.415753  
5409.625624  
5389.44237  
5359.329571  
5401.229781  
5334.043799  
5402.562442  
5368.589247  
5369.606586  
5246.624477  
5380.692991  
5454.434326  
5356.166345  
5285.646882  
5392.488982  
5479.011114  
5366.645386  
5322.162566  
5453.295944  
5445.913304  
5448.042435  
5477.803653  
5236.095422  
5379.816839  
5332.99504  
5417.280441  
5410.876117  
5339.523082  
5425.76563  
5217.30438  
5371.096337  
5377.946106  
5410.901359  
5296.069057  
5455.034212  
5380.022575  
5391.464064  
5395.198295  
5404.681067  
5524.15806  
5317.093347  
5480.751805  
5581.151574  
5343.045455  
5484.569166  
5351.149109  
5389.313516  
5460.751574  
5380.326551  
5421.007746  
5487.868005  
5368.495173  
5368.265479  
5561.643255  
5265.173799  
5450.756892  
5285.191075  
5203.545665  
5288.05563  
5437.944535  
5195.135909  
5354.095225  
5400.236689  
5480.001345  
5322.544792  
5276.881332  
5407.854967  
5470.655579  
5347.250868  
5518.206861  
5340.400478  
5445.401282  
5468.79325  
5345.385968  
5355.794978  
5295.174677  
5255.874472  
5423.06703  
5375.919495  
5388.3883  
5498.773231  
5377.531131  
5237.849158  
5259.716144  
5330.957413  
5373.960102  
5316.678849  
5351.539917  
5341.214225  
5389.595746  
5274.668876  
5382.798409  
5490.184178  
5421.671724  
5460.414055  
5296.243889  
5270.943808  
5358.80188  
5360.197069  
5463.312598  
5469.326251  
5420.344034  
5427.684737  
5405.015123  
5290.459106  
5372.71555  
5430.319747  
4450.687792  
5648.399181  
5303.209518  
5328.880586  
5314.798406  
5333.193837  
5356.72195  
5383.097563  
5348.150648  
5281.690822  
5303.875985  
5458.573001  
5474.840895  
5283.742912  
5443.589743  
5567.988448  
5322.81517  
5441.92438  
5396.558007  
5361.632115  
5400.835083  
5445.518207  
5401.824224  
5488.899754  
5474.776521  
5313.327602  
5476.812572  
5384.141811  
5258.70942  
5223.344137  
5412.364024  
5406.725639  
5352.577409  
5382.696995  
5334.367108  
5471.63096  
5340.44117  
5485.021453  
5489.70882  
5396.129678  
5444.858032  
5416.431266  
5326.065292  
5484.217004  
5463.350496  
5339.656635  
5557.757661  
5481.061072  
5591.033484  
5449.909737  
5493.716887  
5318.793099  
5381.87185  
5495.333849  
5504.268775  
5441.365747  
5448.388953  
5437.264614  
5293.623867  
5436.097563  
5309.031338  
5419.966579  
5334.576379  
5222.085553  
5437.169158  
5347.660119  
5272.528607  
5348.210006  
5402.693495  
5285.738462  
5424.931309  
5381.642546  
5437.035021  
5301.889964  
5410.221921  
5412.169442  
5359.605522  
5410.2087  
5258.093368  
5433.667799  
5344.616893  
5392.827828  
5436.259397  
5265.165278  
5273.498174  
5441.052623  
5222.719607  
5348.467206  
5389.595624  
5368.205341  
5369.238438  
5384.228643  
5404.764686  
5316.038253  
5273.718968  
5306.906775  
5335.096258  
5325.254639  
5300.866381  
5374.077053  
5297.676198  
5270.775611  
5370.241028  
5461.913964  
5285.459393  
5233.077042  
5380.369881  
5412.724896  
5246.437121  
5401.747535  
5374.574917  
5244.772644  
5410.408914  
5476.731896  
5326.340088  
5381.994085  
5395.204428  
5401.207217  
5356.136451  
5480.088944  
5367.303209  
5360.572077  
5298.325304  
5372.219129  
5472.423982  
5540.117225  
5380.056633  
5331.282144  
5411.454462  
5279.380061  
5388.186786  
5520.053034  
5373.022413  
5360.20252  
5286.512409  
5293.944174  
5217.185226  
5276.976464  
5204.756411  
5287.838846  
5234.128856  
5192.187293  
5260.907927  
5420.234338  
5194.42869  
5256.290344  
5396.322282  
5287.363597  
5206.214799  
5253.115455  
5147.779814  
5272.46719  
5201.172074  
5385.334441  
5341.45882  
5235.552933  
5372.330606  
5459.647323  
5291.762735  
5429.767743  
5284.058628  
5330.741893  
5477.360046  
5357.931826  
5307.610243  
5556.267207  
5045.216415  
5664.485622  
5781.924956  
5583.332257  
5571.411377  
5495.327536  
5570.696467  
5627.026449  
5434.331397  
5595.267966  
5659.111012  
5553.358051  
5512.507889  
5640.430415  
5453.620414  
5535.805094  
5534.083077  
5525.090544  
5457.538956  
5581.0044  
5497.012982  
5404.306734  
5519.812699  
5502.348962  
5399.516503  
5444.077982  
5340.039978  
5385.231605  
5305.85826  
5497.640813  
5290.302705  
5366.273599  
5290.669142  
5483.500456  
5406.72483  
5315.883648  
5339.942937  
5290.047382  
5374.057999  
5431.825776  
5327.152235  
5284.973214  
5406.0934  
5338.767806  
5308.804963  
5360.253633  
5403.791756  
5250.138621  
5297.158795  
5336.326708  
5365.428777  
5276.807471  
5236.395388  
5373.823903  
5385.925354  
5361.349148  
5498.825487  
5424.859436  
5369.269462  
5378.104455  
5443.416599  
5467.274523  
5375.934544  
5487.608295  
5413.116933  
5440.408596  
5387.017981  
5398.043515  
5313.724915  
5402.906677  
5357.225756  
5466.993414  
5463.933647  
5383.080723  
5326.029652  
5361.495093  
5362.860513  
5331.802251  
5327.12997  
5437.10907  
5517.54563  
5318.641161  
5334.038373  
5404.657649  
5391.316035  
5478.528891  
5409.002144  
5362.188341  
5356.128301  
5409.532351  
5425.842044  
5426.913367  
5467.656391  
5418.862668  
5387.405947  
5393.83015  
5247.553597  
5289.481647  
5459.103277  
5217.848131  
5257.460216  
5349.168924  
5422.948778  
5337.991513  
5348.871494  
5395.336479  
5084.807373  
5310.13264  
5409.138839  
5347.536406  
5477.514211  
5428.72682  
5352.055834  
5353.694057  
5358.444485  
5371.33823  
5304.62133  
5413.345236  
5448.660249  
5328.38165  
5345.615388  
5421.654164  
5453.936818  
5357.291074  
5420.569291  
5279.753617  
5396.365465  
5168.80914  
5400.183711  
5465.263205  
5497.450193  
5478.699428  
5361.143207  
5438.02202  
5461.910345  
5481.058697  
