10412.6121  
10402.9659  
10330.14229  
10320.50539  
10380.08287  
10311.79069  
10321.69248  
10342.05554  
10299.15383  
10299.01778  
10343.69743  
10318.32892  
10329.60836  
10351.09416  
10312.13173  
10284.48604  
10283.10431  
10278.85404  
10291.5318  
10312.671  
10315.70412  
10287.33649  
10289.33488  
10288.84658  
10282.77883  
10277.73574  
10315.28276  
10279.18673  
10333.67904  
10316.43663  
10299.57861  
10325.50869  
10320.61802  
10290.88037  
10254.3229  
10294.42432  
10315.41705  
10286.53977  
10296.61676  
10312.35848  
10261.66221  
10289.45827  
10303.53493  
10331.04498  
10309.8938  
10321.06868  
10328.29655  
10252.21128  
10331.73411  
10285.35288  
10294.97363  
10310.14954  
10295.45782  
10306.30109  
10337.20197  
10349.704  
10301.49646  
10328.73126  
10324.09151  
10284.02386  
10304.83539  
10351.57522  
10317.31297  
10324.08248  
10299.85997  
10324.93079  
10314.98812  
10312.56663  
10354.5685  
10313.78017  
10337.73545  
10321.42639  
10340.53198  
10322.26017  
10322.34939  
10309.64852  
10289.70787  
10329.10217  
10344.30074  
10316.42657  
10300.8197  
10304.86552  
10310.35547  
10377.06173  
10388.74491  
10404.8266  
10340.2489  
10339.60248  
10280.01324  
10258.35645  
10308.96773  
10298.87545  
10274.70642  
10331.16892  
10263.51536  
10201.36462  
10267.82113  
10262.45211  
10285.50635  
10322.76697  
10330.03467  
10343.65261  
10356.64693  
10370.80524  
10365.10872  
10323.14844  
10321.87653  
10292.55396  
10218.09674  
10284.394  
10284.48999  
10271.9767  
10308.67259  
10353.09316  
10274.97146  
10327.57684  
10343.49892  
10339.5968  
10333.01792  
10353.83346  
10301.79336  
10270.57448  
10310.45921  
10322.49489  
10292.10913  
10335.05037  
10351.47571  
10300.65129  
10361.81183  
10317.66223  
10281.8831  
10294.34658  
10288.37801  
10282.83999  
10292.76626  
10320.98924  
10335.08189  
10302.56049  
10333.05153  
10311.49178  
10293.68066  
10274.54413  
10282.60065  
10319.9221  
10322.99089  
10321.17725  
10327.80011  
10325.59117  
10325.77804  
10295.34764  
10277.95597  
10302.25909  
10302.90438  
10291.4622  
10332.84277  
10340.66207  
10368.7889  
10363.32674  
10336.14343  
10342.50787  
10344.64339  
10307.90009  
10300.19775  
10282.81451  
10298.93872  
10294.76754  
10308.91608  
10329.6817  
10326.04441  
10325.16748  
10293.94523  
10289.13206  
10317.54097  
10287.93404  
10339.78296  
10348.83049  
10291.66054  
10313.88849  
10295.3292  
10267.03601  
10279.84422  
10287.34426  
10261.79976  
10311.25248  
10299.23763  
10330.41319  
10286.7099  
10311.93359  
10342.74947  
10324.35107  
10356.20384  
10360.92247  
10342.40277  
10342.20589  
10293.31907  
10261.58244  
10276.17202  
10318.99666  
10350.45844  
10311.40889  
10330.61094  
10310.05406  
10264.55949  
10304.11222  
10300.92981  
10287.7135  
10266.00458  
10268.06862  
10287.31765  
10286.70689  
10339.15538  
10352.5164  
10321.00793  
10335.01202  
10338.36031  
10306.5518  
10321.58636  
10307.56177  
10300.11253  
10346.14758  
10396.25374  
10385.9598  
10404.02258  
10419.33217  
10369.86863  
10333.94863  
10303.67407  
10242.31071  
9994.964193  
10450.77305  
10340.35378  
10317.11582  
10348.9623  
10327.00519  
10333.76009  
10325.64303  
10305.16968  
10282.69822  
10273.15883  
10272.6912  
10319.64677  
10266.58344  
10281.71364  
10294.44314  
10161.24414  
10348.34939  
10335.59847  
10313.44961  
10339.71114  
10341.52559  
10324.25114  
10331.30632  
10327.99792  
10294.00403  
10307.89478  
10304.23981  
10278.75769  
10250.17031  
10339.58748  
10361.66549  
10337.89067  
10367.20158  
10332.40869  
10275.58032  
10233.63902  
10283.51815  
10306.23275  
10269.29563  
10328.38383  
10333.10577  
10308.43382  
10282.00767  
10322.05444  
10323.58116  
10304.27999  
10348.59401  
10339.46362  
10304.82499  
10326.44257  
10323.32788  
10292.63125  
10293.22758  
10311.8057  
10295.38234  
10308.28646  
10304.75382  
10332.28487  
10346.03853  
10315.0223  
10368.27604  
10345.11454  
10313.51331  
10286.0955  
10300.03412  
10265.75814  
10285.57292  
10299.0436  
10284.20587  
10311.24713  
10341.09403  
10324.48059  
10288.96832  
10315.85254  
10291.47943  
10272.15  
10317.82568  
10307.50751  
10305.27085  
10286.58226  
10304.02262  
10297.65088  
10282.78571  
10319.27207  
10337.88647  
10316.38165  
10344.26597  
10317.40879  
10283.37351  
10286.95496  
10332.16007  
10290.5603  
10288.98588  
10318.41101  
10327.82613  
10270.67163  
10315.02602  
10310.37087  
10281.80884  
10318.39219  
10359.0439  
10372.52246  
10373.31604  
10384.36943  
10381.95229  
10322.79374  
10282.21969  
10281.64083  
10303.99917  
10273.93933  
10281.39473  
10300.99974  
10347.43142  
10361.89058  
10368.57841  
10360.09642  
10331.07579  
10315.49601  
10292.01308  
10247.71405  
10305.82125  
10325.99626  
10326.05229  
10346.5837  
10319.30357  
10324.14675  
10286.13723  
10335.11289  
10321.44151  
10297.03959  
10285.6701  
10300.45152  
10287.86597  
10324.67592  
10329.87573  
10327.88153  
10333.97748  
10342.21857  
10338.38049  
10314.20213  
10320.559  
10317.15686  
10326.29712  
10290.88023  
10290.3031  
10306.87069  
10274.61971  
10277.96208  
10303.32184  
10324.87838  
10332.53223  
10316.12632  
10315.02482  
10244.77362  
10299.33329  
10268.46586  
10282.50354  
10324.62309  
10331.41711  
10337.55859  
10333.73966  
10395.25781  
10350.49837  
10336.07894  
10309.14024  
10294.13806  
10284.44869  
10287.4268  
10308.24552  
10329.1106  
10328.44232  
10352.02112  
10348.84471  
10300.77024  
10285.04201  
10286.13196  
10301.78019  
10328.61841  
10305.06222  
10297.53444  
10300.31657  
10343.99457  
10347.01461  
10332.95133  
10359.91471  
10352.5601  
10319.26082  
10325.11873  
10350.86261  
10280.00183  
10302.2286  
10284.64158  
10333.47978  
10293.51149  
10292.49644  
10310.78835  
10291.90316  
10290.90554  
10332.22341  
10350.80727  
10303.85057  
10341.07127  
10365.54574  
10356.14062  
10379.08687  
10354.56492  
10322.81956  
10321.63157  
10311.86672  
10313.36812  
10305.64294  
10338.98867  
10337.16195  
10336.01086  
10314.17432  
10315.30632  
10295.70431  
10313.33293  
10344.92902  
10342.40761  
10341.28217  
10313.2368  
10314.86564  
10312.73608  
10304.06891  
10342.24483  
10323.29657  
10310.60248  
10321.28038  
10300.56315  
10273.77039  
10262.43665  
10312.04161  
10293.64622  
10301.45394  
10334.14073  
10347.16207  
10318.98334  
10332.21202  
10301.84208  
10283.22544  
10310.52301  
10286.54059  
10247.21198  
10326.29513  
10361.75647  
10331.52041  
10336.96183  
10326.91545  
10299.22961  
10283.65696  
10312.60388  
10326.97205  
10322.22805  
10328.65688  
10348.30151  
10300.64333  
10279.62008  
10307.04797  
10289.05343  
10303.07479  
10346.77435  
10366.07054  
10343.19348  
10346.52393  
10357.40554  
10289.82259  
10330.53355  
10337.8116  
10362.44604  
10338.8889  
10371.84526  
10389.12079  
10343.37604  
10341.37274  
10311.14073  
10252.63332  
10262.47213  
10312.9483  
10332.26886  
10320.8171  
10341.15769  
10344.5861  
10334.6368  
10370.94094  
10372.38922  
10331.16919  
10325.18288  
10309.20766  
10330.65965  
10359.47778  
10380.26204  
10374.38664  
10375.65448  
10423.19246  
10381.70884  
10329.83765  
10347.07231  
10355.23834  
10295.53621  
10315.75977  
10229.66355  
10287.48114  
10362.42792  
10372.53302  
10337.76479  
10377.66187  
10370.25041  
10357.83407  
10360.53284  
10348.9365  
10339.60783  
10283.54561  
10275.619  
10278.62364  
10245.5894  
10261.48415  
10271.50439  
10252.42139  
10281.16797  
10285.6098  
10310.40967  
10343.87592  
10381.00429  
10341.71452  
10334.658  
10349.69377  
10332.70931  
10292.4988  
10330.34163  
10320.02246  
10307.15542  
10334.42912  
10375.73751  
10329.74483  
10367.76853  
10374.71753  
10360.81586  
10362.67436  
10345.92324  
10370.63031  
10389.44781  
10396.92735  
10398.82286  
10402.39573  
10436.01992  
10373.73492  
10360.38955  
10364.43215  
10401.71503  
10385.90074  
10399.60044  
10440.41884  
10381.18927  
10392.24036  
10388.81443  
10167.20083  
10190.54126  
10249.03719  
10231.30322  
10244.3586  
10289.35352  
10282.40098  
10286.14282  
10262.73617  
10218.25663  
10266.10109  
10225.99742  
10201.47518  
10198.6886  
10190.39461  
10215.99426  
10254.80994  
10223.64535  
10242.05768  
10251.8842  
10218.34137  
10208.62502  
10210.29016  
10252.06582  
10238.54057  
10234.47691  
10290.06537  
10255.61344  
10248.7124  
10228.83042  
10241.42208  
10247.01198  
10252.23696  
10277.76636  
10286.74457  
10291.76034  
10272.37604  
10255.11239  
10247.77079  
10235.92214  
10246.25006  
10224.69647  
10256.49178  
10245.96694  
10221.90125  
10255.705  
10245.8327  
10368.23733  
10273.54234  
10313.23315  
10305.23497  
10337.67312  
10351.42904  
10345.0141  
10389.32517  
10385.6825  
10362.97247  
10368.26508  
10373.62856  
10346.3457  
10318.38184  
10348.13601  
10353.16528  
10339.75118  
10334.90662  
10298.30916  
10328.44047  
10332.4668  
10350.00016  
10328.59243  
10285.18461  
10298.68353  
10284.9919  
10277.82574  
10312.85748  
10311.63017  
10330.34491  
10383.92312  
10359.89341  
10369.17727  
10337.44737  
10331.88064  
10352.41347  
10341.12663  
10301.12236  
10351.55202  
10303.31209  
10289.1427  
10282.62777  
10306.81836  
10318.60502  
10304.11745  
10340.01048  
10373.05153  
10345.40751  
10362.41829  
10322.91897  
10286.73096  
10287.32054  
10266.52161  
10271.95913  
10281.42291  
10279.0305  
10310.6766  
10319.8906  
10302.41014  
10274.12642  
10289.95723  
10257.84043  
10271.96676  
10264.97831  
10297.77376  
10305.58276  
10320.63849  
10302.34552  
10287.81213  
10287.98838  
10253.18526  
10294.63403  
10276.77889  
10299.19861  
10280.76227  
10337.68111  
10282.15141  
10326.83435  
10316.80263  
10283.25112  
10281.20994  
10317.86607  
10324.5708  
10311.68016  
10336.7971  
10331.23391  
10306.45386  
10319.33181  
10347.78383  
10314.78817  
10339.09943  
10320.58457  
10299.68363  
10307.18644  
10312.60463  
10336.10266  
10307.53292  
10349.79083  
10347.94527  
10305.1959  
10335.83156  
10325.08049  
10311.00751  
10317.75193  
10288.36619  
10279.68467  
10249.16945  
10311.02234  
10276.69914  
10374.40822  
10346.33158  
10316.00391  
10377.96537  
10360.33952  
10334.18215  
10252.44484  
10290.70361  
10276.15047  
10257.40169  
10298.67841  
10338.96621  
10305.71724  
10315.22493  
10354.10728  
10311.51933  
10296.91087  
10307.53507  
10327.6958  
10284.73397  
10317.92212  
10322.71429  
10283.51141  
10272.19446  
10308.86908  
10274.65916  
10309.15169  
10350.9787  
10309.0599  
10309.14764  
10322.35524  
10320.21981  
10298.08223  
10325.57361  
10329.54211  
10279.24746  
10332.81732  
10309.06441  
10307.89984  
10334.46187  
10347.00909  
10350.90533  
10348.05056  
10369.26493  
10307.42489  
10275.81999  
10312.55182  
