10070.33486  
10030.93685  
10066.42033  
10088.35063  
10097.45969  
10102.12151  
10100.9194  
10138.29059  
10154.9441  
10114.23963  
10116.80752  
10127.38946  
10169.21647  
10158.92179  
10187.00733  
10164.30849  
10144.33002  
10104.75317  
10101.29741  
10126.73169  
10133.6036  
10137.5087  
10124.84995  
10168.04065  
10139.47677  
10140.08938  
10194.03646  
10155.06764  
10192.18386  
10169.52332  
10155.57909  
10179.08062  
10150.51806  
10151.60603  
10167.40069  
10182.89477  
10144.54239  
10141.60824  
10169.19221  
10162.76725  
10116.18045  
10169.18449  
10139.24575  
10161.09358  
10129.74474  
10130.33381  
10151.48227  
10128.05623  
10175.6494  
10157.9805  
9796.701802  
10256.82994  
10146.63034  
10114.19398  
10102.36099  
10103.34421  
10117.15902  
10107.75367  
10101.69429  
10134.63468  
10125.69761  
10133.90216  
10119.66236  
10133.9036  
10143.21586  
10135.65846  
10135.39232  
10124.40046  
10093.71051  
10126.42398  
10120.351  
10113.69676  
10094.95729  
10106.33049  
10123.15827  
10103.22092  
10117.55554  
10119.93014  
10125.97767  
10148.22839  
10126.12187  
10104.5775  
10099.14997  
10118.40631  
10112.70051  
10113.79761  
10136.37977  
10141.15175  
10170.39609  
10184.90614  
10193.6886  
10156.86222  
10192.39651  
10173.24822  
10143.11865  
10147.11681  
10112.95334  
10104.69653  
10132.1478  
10124.11743  
10192.12353  
10171.58948  
10178.34999  
10176.42115  
10105.54368  
10113.80017  
10125.13455  
10145.63941  
10159.90063  
10175.64326  
10187.31553  
10192.86948  
10174.95583  
10141.8934  
10112.77719  
10140.25613  
10141.21007  
10158.00662  
10189.45283  
10143.5027  
10100.71114  
10106.8898  
10111.88043  
10104.20475  
10071.22475  
10123.9584  
10090.87803  
10162.33347  
10149.59451  
10144.57256  
10125.73769  
10076.92309  
10117.28824  
10122.6825  
10110.2396  
10109.92983  
10112.43601  
10124.46875  
10111.02123  
10106.67792  
10127.38943  
10109.80337  
10107.77975  
10099.11007  
10082.91067  
10091.37479  
10097.49036  
10089.41142  
10111.80041  
10092.01983  
10064.45199  
10083.99203  
10113.0333  
10128.66931  
10112.12752  
10122.76754  
10143.9298  
10137.78146  
10101.94464  
10150.75521  
10117.56396  
10143.4905  
10143.76274  
10130.75989  
10150.01156  
10118.14075  
10121.11296  
10092.56042  
10135.74244  
10157.25284  
10102.75161  
10122.4812  
10125.29177  
10128.97919  
10157.75037  
10154.53956  
10123.82774  
10101.82732  
10076.43109  
10069.32293  
10098.81714  
10103.56701  
10075.40522  
10121.39965  
10114.12389  
10122.03435  
10137.81417  
10115.19567  
10117.92986  
10105.10175  
10080.89232  
10111.4141  
10085.37615  
10105.39898  
10103.82677  
10128.37957  
10152.71126  
10091.73936  
10110.38404  
10145.61947  
10152.76989  
10158.22254  
10195.12602  
10214.96704  
10192.79785  
10188.51606  
10170.93291  
10164.08799  
10186.15928  
10206.65965  
10250.02826  
10206.89617  
10180.64282  
10150.3099  
10126.84035  
10168.878  
10207.92486  
10216.17546  
10196.9616  
10253.89387  
10214.42897  
10168.29947  
10180.61682  
10145.00838  
10145.82297  
10150.00212  
10154.40442  
10108.72452  
10117.35412  
10064.60254  
10117.56728  
10092.13004  
10117.69241  
10139.08168  
10153.72864  
10099.09497  
10081.13635  
10080.55801  
10072.69527  
10070.97213  
10086.7593  
10085.93038  
10070.5138  
10066.41701  
10078.08977  
10028.53516  
10067.78053  
10102.55057  
10117.65588  
10121.85837  
10144.43634  
10138.97151  
10118.58088  
10128.10119  
10144.92207  
10144.09869  
10109.7041  
10096.93634  
10102.92666  
10101.19881  
10114.89037  
10146.86825  
10177.86651  
10150.64851  
10175.95126  
10168.02441  
10124.74045  
10130.62191  
10119.12066  
10111.65115  
10141.58098  
10142.23743  
10135.96163  
10121.22914  
10126.30064  
10171.44411  
10150.11351  
10132.75586  
10155.3766  
10085.55936  
10132.49537  
10136.62129  
10117.40669  
10161.23096  
10149.03013  
10163.94284  
10112.51013  
10154.34918  
10175.90568  
10140.19335  
10154.09439  
10159.1825  
10134.74962  
10141.47581  
10122.99305  
10157.73518  
10159.30885  
10132.53333  
10125.30576  
10101.50544  
10114.94407  
10115.64409  
10101.55022  
10128.70823  
10125.67022  
10170.99633  
10165.57719  
10124.66556  
10152.41463  
10148.89467  
10144.08548  
10117.73323  
10118.27056  
10105.01256  
10099.44728  
10115.1674  
10079.46739  
10093.34335  
10063.46068  
10075.22014  
10113.19664  
10126.28401  
10112.84565  
10114.24437  
10091.28084  
10089.69712  
10109.58697  
10145.41335  
10175.88604  
10132.30104  
10108.7118  
10142.40101  
10141.49098  
10120.21608  
10096.49556  
10084.53927  
10112.48116  
10122.18194  
10126.68049  
10109.46988  
10132.44956  
10126.09674  
10141.95823  
10135.68998  
10151.04662  
10157.18423  
10180.73439  
10179.74534  
10140.78251  
10128.80714  
10113.12424  
10116.78245  
10133.97101  
10093.19761  
10108.38198  
10151.06925  
10139.44836  
10101.39755  
10139.5836  
10128.61569  
10109.02267  
10102.3547  
10138.04235  
10121.69451  
10125.44679  
10124.85313  
10093.54743  
10131.60752  
10154.67209  
10170.98534  
10198.96906  
10180.17611  
10134.75099  
10152.60711  
10135.37711  
10092.4454  
10132.48788  
10105.92328  
10072.83577  
10091.84088  
10099.17611  
10116.07127  
10126.34877  
10128.89453  
10118.38021  
10019.25409  
10098.00849  
10169.47114  
10145.99384  
10123.94407  
10131.31339  
10175.50272  
10184.96857  
10160.96361  
10182.4235  
10218.84774  
10175.55803  
10152.02052  
10166.96913  
10153.85667  
10144.45027  
10167.8173  
10152.5659  
10119.94538  
10157.9401  
10127.99066  
10120.13219  
10106.92955  
10072.49148  
10064.47549  
10053.27747  
10111.50677  
10143.92469  
10088.84584  
10110.86403  
10134.15459  
10103.2547  
10130.68359  
10137.13348  
10140.10911  
10132.59875  
10109.13881  
10109.77277  
10134.50522  
10109.8252  
10109.35823  
10133.93188  
10144.09313  
10145.21514  
10179.48882  
10097.36014  
10120.11467  
10118.18165  
10138.41599  
10104.69383  
10111.34392  
10124.42196  
10117.34853  
10137.25212  
10121.44838  
10151.25297  
10130.27249  
10134.06608  
10125.20461  
10094.12708  
10133.63471  
10164.406  
10195.19678  
10111.10993  
10123.54301  
10154.27  
10181.52842  
10192.61703  
10179.24519  
10210.01445  
10176.97172  
10167.13621  
10191.1251  
10163.56101  
10176.72503  
10214.75651  
10163.78984  
10132.34027  
10110.21681  
10120.05436  
10135.47774  
10134.76086  
10121.45312  
10131.5903  
10149.42663  
10166.55452  
10156.17131  
10180.3231  
10206.84231  
10207.54161  
10228.68964  
10218.20584  
10173.97815  
10174.13982  
10168.74297  
10154.62258  
10150.70027  
10122.19884  
10072.88434  
10104.5408  
10063.37426  
10080.44676  
10090.65413  
10094.74812  
10086.10905  
10074.41466  
10062.6687  
10063.92035  
10063.30973  
10037.93644  
10084.9302  
10089.65037  
10099.94846  
10080.10077  
10132.11902  
10148.79324  
10161.64367  
10137.64237  
10139.03977  
10158.70532  
10155.56624  
10145.21255  
10168.81542  
10127.47709  
10147.62189  
10146.63087  
10149.38612  
10111.3182  
10091.44591  
10108.15825  
10074.62988  
10083.21698  
10073.16043  
10137.37041  
10113.71591  
10173.34091  
10157.27015  
10207.7611  
10222.52794  
10193.02124  
10192.59793  
10182.21343  
10129.63359  
10138.61642  
10103.81905  
10069.2959  
10108.79291  
10064.47478  
10094.97425  
10082.73705  
10036.80283  
10109.46895  
10046.71159  
10085.53752  
10073.38264  
10078.49166  
10124.05123  
10116.64573  
10061.22475  
10060.20082  
10078.88578  
10073.87879  
10068.94076  
10110.90713  
10110.62568  
10119.133  
10127.99509  
10126.12663  
10087.95021  
10084.18532  
10083.47958  
10052.22556  
10060.27803  
10098.8961  
10120.45922  
10130.12923  
10154.23471  
10189.68375  
10173.88428  
10168.41722  
10160.24127  
10165.70277  
10135.04597  
10151.05108  
10158.32285  
10163.06014  
10125.90751  
10167.29012  
10178.5864  
10142.54893  
10152.65823  
10128.61085  
10141.43532  
10148.35083  
10123.19915  
10114.45513  
10146.36039  
10144.28947  
10164.81996  
10165.35213  
10198.4766  
10173.36525  
10189.82538  
10173.40125  
10156.50057  
10176.63032  
10173.07493  
10203.01306  
10203.47305  
10246.12155  
10231.64968  
10198.55868  
10166.95825  
10129.82428  
10111.39467  
10132.44916  
10096.02158  
10103.39126  
10144.13227  
10125.54332  
10157.39977  
10133.93979  
10126.49733  
10113.21844  
10111.96504  
10111.67768  
10061.64149  
10098.05309  
10133.40468  
10136.27184  
10192.17928  
10132.32275  
10145.00171  
10124.78062  
10128.41778  
10161.51844  
10123.50197  
10114.29203  
10111.4609  
10093.60957  
10090.42577  
10109.35373  
10116.52841  
10127.97162  
10128.76144  
10166.02236  
10197.5051  
10184.39432  
10166.21777  
10162.55404  
10140.74876  
10126.78248  
10154.98797  
10112.68413  
10098.76354  
10119.55064  
10099.93589  
10127.25598  
10151.90502  
10173.87361  
10160.3569  
10171.71643  
10114.5874  
10130.78872  
10115.17322  
10086.66259  
10104.35639  
10096.93266  
10072.95046  
10093.07916  
10089.52945  
10110.75555  
10101.07272  
10085.41031  
10126.44151  
10123.96889  
10144.86303  
10149.20017  
10132.12391  
10150.80068  
10167.3231  
10087.09202  
10121.35976  
10140.66006  
10103.96984  
10142.44068  
10106.71259  
10093.04271  
10083.0767  
10088.44343  
10100.02143  
10087.73518  
10147.27508  
10178.08492  
10149.72754  
10139.38267  
10130.34795  
10111.51756  
10143.92197  
10150.76989  
10138.13522  
10138.18178  
10144.98214  
10114.81997  
10109.29819  
10171.34113  
10138.18616  
10170.99965  
10187.56353  
10194.47124  
10215.24711  
10153.23269  
10121.15379  
10101.82627  
10121.39851  
10111.87663  
10113.73651  
10106.84543  
10082.81618  
10082.64169  
10085.73287  
10088.88498  
10082.75771  
10091.40292  
10099.60315  
10083.55305  
10132.83086  
10188.67471  
10187.70181  
10217.87119  
10223.92963  
10191.26073  
10163.46711  
10144.6403  
10094.8217  
10058.68392  
10108.09729  
10129.96005  
10124.99057  
