10370.53639  
10320.21915  
10290.54331  
10332.03205  
10344.7855  
10311.71257  
10323.53912  
10290.82913  
10309.46815  
10325.87931  
10276.63069  
10313.40421  
10337.94531  
10294.67722  
10337.82063  
10285.66108  
10367.10148  
10282.72059  
10318.13204  
10359.77594  
10345.35329  
10348.89637  
10371.10653  
10305.24963  
10326.42791  
10303.10426  
10305.8644  
10340.19528  
10292.82514  
10335.57442  
10327.02232  
10321.5766  
10361.07548  
10318.39445  
10344.52174  
10337.81977  
10352.62692  
10359.83984  
10282.30072  
10320.42021  
10286.75721  
10335.39126  
10315.14918  
10276.3665  
10322.73162  
10275.07034  
10344.00899  
10362.7045  
10305.55288  
10346.79403  
10362.12603  
10316.75592  
10370.77309  
10332.69043  
10336.58482  
10381.94198  
10343.70841  
10341.98705  
10353.91044  
10301.7793  
10304.84812  
10273.3482  
10336.93311  
10328.17673  
10360.16194  
10380.94603  
10319.01344  
10369.72277  
10323.97223  
10368.15125  
10320.79234  
10323.12618  
10378.48667  
10307.81514  
10331.402  
10335.53852  
10300.46763  
10357.2072  
10345.07672  
10322.98067  
10313.80739  
10308.65688  
10309.13678  
10255.09665  
10300.13772  
10317.88815  
10266.40789  
10311.74431  
10241.87141  
10326.52304  
10308.66245  
10346.56104  
10347.62029  
10298.26867  
10320.28065  
10300.66148  
10284.91309  
10327.11839  
10303.90315  
10326.18638  
10363.37219  
10351.31293  
10371.75784  
10337.71421  
10343.18098  
10316.79524  
10321.97763  
10321.94626  
10307.78892  
10316.67908  
10321.30118  
10324.92759  
10303.97751  
10300.27619  
10360.23544  
10296.90861  
10344.38066  
10359.98354  
10354.97277  
10353.80974  
10331.56075  
10359.40283  
10302.56621  
10303.99288  
10329.39962  
10282.58562  
10346.57057  
10357.0442  
10287.52562  
10355.20812  
10330.86207  
10303.12842  
10313.81284  
10261.82419  
10297.77249  
10263.75557  
10322.2639  
10279.13373  
10342.91998  
10277.04409  
10269.20376  
10307.43805  
10291.39812  
10353.81939  
10369.96301  
10341.3673  
10411.42228  
10392.64243  
10410.6381  
10408.11871  
10379.99802  
10374.57907  
10372.44287  
10334.92265  
10319.89284  
10316.56078  
10315.8887  
10365.64261  
10291.47863  
10318.53079  
10315.12753  
10268.16708  
10291.80383  
10270.6954  
10339.4236  
10279.46869  
10341.98038  
10324.61828  
10292.88764  
10297.22162  
10266.52789  
10320.42208  
10284.4726  
10354.44534  
10322.44847  
10353.47872  
10354.85814  
10303.76218  
10357.20269  
10346.34826  
10314.07841  
10362.80035  
10320.2828  
10298.68095  
10355.82373  
10327.63477  
10342.43164  
10305.20321  
10311.87618  
10315.5019  
10251.97906  
10306.12764  
10305.34975  
10329.77915  
10335.20539  
10319.03455  
10332.79314  
10337.8615  
10325.62675  
10334.60185  
10291.59694  
10318.94385  
10292.70169  
10295.92325  
10332.26126  
10306.43339  
10324.48354  
10333.72478  
10324.72912  
10331.0077  
10338.17075  
10321.58726  
10332.16375  
10305.89422  
10330.28984  
10330.30618  
10288.67578  
10348.76387  
10326.98906  
10313.79777  
10365.38594  
10313.80233  
10358.63006  
10329.08298  
10292.8835  
10308.22389  
10247.7535  
10294.20183  
10306.07988  
10314.02539  
10388.22099  
10309.50574  
10386.6308  
10363.6389  
10290.01525  
10368.85823  
10333.91673  
10321.89895  
10367.78903  
10282.11469  
10336.50121  
10315.91593  
10298.9838  
10352.15516  
10275.82201  
10344.24607  
10300.23495  
10320.26023  
10366.52717  
10267.10257  
10338.41926  
10330.57273  
10298.53286  
10376.06388  
10322.91998  
10334.13264  
10398.77795  
10271.89378  
10340.45189  
10323.21054  
10267.36116  
10328.29601  
10237.43997  
10328.3316  
10336.61788  
10334.12196  
10305.0671  
10377.56856  
10081.53955  
10277.88933  
10227.71143  
10315.59358  
10293.51212  
10358.28616  
10363.28493  
10372.7147  
10401.3333  
10334.62089  
10359.51899  
10360.73193  
10340.31939  
10383.81371  
10325.66854  
10370.18965  
10352.39993  
10299.6412  
10363.49618  
10292.89867  
10336.81692  
10296.99658  
10263.34766  
10358.9188  
10301.37695  
10372.33304  
10341.54935  
10304.44296  
10338.53981  
10310.73957  
10352.64939  
10364.23802  
10328.79254  
10387.25666  
10339.39625  
10353.90993  
10365.66053  
10306.81365  
10345.85248  
10341.1001  
10291.66277  
10334.38316  
10306.57089  
10334.16777  
10308.52591  
10303.95358  
10319.66716  
10239.35808  
10306.71329  
10295.09076  
10305.41093  
10304.99446  
10270.34355  
10343.90929  
10307.72452  
10274.86612  
10334.18382  
10308.88433  
10310.00715  
10329.21183  
10294.75675  
10318.86848  
10327.06758  
10301.27605  
10344.98572  
10314.08643  
10343.25551  
10318.81595  
10352.33309  
10345.49492  
10295.71774  
10345.19276  
10324.02597  
10294.78653  
10352.38534  
10330.82913  
10289.73673  
10357.86969  
10372.12704  
10275.02401  
10332.40479  
10347.09628  
10306.06316  
10342.59096  
10290.06526  
10368.13566  
10319.45732  
10336.08421  
10375.84292  
10366.58421  
10359.96048  
10324.97544  
10352.60897  
10363.9871  
10319.11851  
10352.71777  
10343.38511  
10297.68575  
10316.84039  
10282.73538  
10319.37893  
10329.78829  
10302.1661  
10332.81201  
10325.07491  
10310.27884  
10311.47912  
10244.36656  
10308.95384  
10313.93414  
10305.30877  
10302.49239  
10332.92236  
10324.14416  
10338.55141  
10364.88758  
10308.90542  
10266.29779  
10294.33442  
10336.98035  
10304.90703  
10345.59435  
10338.43865  
10368.86644  
10306.95129  
10305.02746  
10326.4954  
10282.59544  
10312.27057  
10328.81514  
10323.34694  
10385.61874  
10321.38827  
10364.46806  
10332.08123  
10305.43784  
10351.52961  
10294.53162  
10285.68885  
10316.47309  
10251.14654  
10328.08783  
10333.73277  
10268.55282  
10366.67633  
10343.5712  
10326.18469  
10327.32005  
10291.06017  
10314.60533  
10305.32261  
10326.6746  
10335.00506  
10327.33177  
10379.73314  
10347.96576  
10343.84717  
10383.6161  
10317.97246  
10344.60478  
10331.80604  
10275.96358  
10330.84404  
10210.43756  
10391.91656  
10314.86974  
10282.61489  
10325.77292  
10322.9109  
10326.67403  
10353.58522  
10290.47059  
10301.44818  
10320.17271  
10368.80348  
10342.51855  
10415.39832  
10401.36759  
10380.60748  
10417.90074  
10344.29127  
10353.02944  
10422.4018  
10374.44454  
10449.31483  
10400.46008  
10372.54372  
10401.86972  
10301.15794  
10346.50962  
10371.83769  
10296.79219  
10306.13502  
10312.22165  
10277.90289  
10291.91355  
10263.48891  
10331.24667  
10302.18626  
10258.89585  
10332.88511  
10256.86388  
10290.50985  
10290.63034  
10253.89801  
10326.56112  
10306.42064  
10285.95781  
10190.85145  
10474.41188  
10254.58238  
10221.01473  
10249.47909  
10266.09763  
10330.72918  
10246.52395  
10336.78177  
10358.55414  
10297.58453  
10367.10645  
10334.13296  
10270.2303  
10315.30322  
10312.21071  
10307.92322  
10357.07588  
10326.71533  
10334.83263  
10368.7521  
10329.61006  
10363.14278  
10363.82767  
10384.89419  
10418.3237  
10375.89861  
10344.37928  
10357.65996  
10309.81517  
10327.04647  
10308.6362  
10294.67463  
10337.60265  
10262.98308  
10292.62336  
10305.49239  
10300.11917  
10326.50078  
10346.69221  
10302.99469  
10319.78806  
10269.21059  
10315.57597  
10343.58694  
10315.14192  
10366.31922  
10326.38281  
10305.82904  
10364.8538  
10346.88379  
10344.05365  
10379.08979  
10308.41013  
10373.28889  
10407.89542  
10361.71398  
10402.5166  
10365.13882  
10320.75641  
10302.44841  
10269.7282  
10306.35696  
10311.91334  
10314.86638  
10370.5127  
10353.54779  
10355.03277  
10357.39944  
10310.98923  
10325.41869  
10345.9371  
10241.521  
10327.88324  
10289.58703  
10303.24121  
10336.46846  
10263.52878  
10291.67995  
10303.61992  
10241.7986  
10289.55971  
10297.66297  
10280.34964  
10297.5735  
10271.68575  
10305.16791  
10330.23363  
10312.13626  
10362.86647  
10343.24701  
10382.95258  
10396.82023  
10331.71866  
10310.87957  
10337.60403  
10277.2633  
10324.93974  
10265.67693  
10305.29415  
10338.25457  
10300.7994  
10317.23331  
10314.39913  
10274.55339  
10294.2803  
10239.37687  
10289.31899  
10279.98317  
10260.9911  
10290.0895  
10351.90636  
10296.43761  
10363.18402  
10373.09355  
10322.24388  
10453.60734  
10434.13454  
10408.81411  
10322.04237  
10331.2074  
10280.44798  
10263.76163  
10252.96614  
10219.60702  
10218.79001  
10242.70801  
10250.17969  
10244.9543  
10300.47717  
10274.2398  
10312.12928  
10285.04866  
10294.18896  
10323.31609  
10256.71639  
10334.31463  
10342.61213  
10262.36276  
10345.54443  
10334.2282  
10351.90944  
10373.1796  
10328.58505  
10370.26858  
10366.69284  
10352.13267  
10379.01132  
10326.00371  
10341.27921  
10272.49374  
10405.75942  
10297.95591  
10341.18397  
10336.15964  
10375.59691  
10345.68262  
10339.37414  
10356.52085  
10322.55957  
10354.07787  
10346.52166  
10340.95746  
10368.9209  
10335.54489  
10352.1088  
10376.12974  
10373.5791  
10351.47903  
10382.47386  
10329.33163  
10290.56095  
10327.75629  
10340.65527  
10322.59119  
10357.17188  
10333.83183  
10340.82192  
10369.77212  
10333.68644  
10383.03297  
10357.58289  
10352.43848  
10407.49044  
10378.81557  
10428.28016  
10369.16788  
10354.25638  
10365.58726  
10303.82459  
10332.24213  
10331.05946  
10276.07945  
10304.80716  
10265.71677  
10336.12853  
10307.47116  
10322.66306  
10328.71602  
10336.00844  
10343.78194  
10404.52849  
10387.83694  
10322.31451  
10370.21634  
10348.02947  
10352.2818  
10364.97044  
10322.92538  
10346.33301  
10317.54906  
10285.45235  
10306.6734  
10208.19816  
10265.33034  
10268.79673  
10282.60199  
10282.81115  
10255.29926  
10292.85696  
10272.52016  
10322.67009  
10295.1632  
10279.44643  
10307.81609  
10264.79064  
10317.57927  
10335.89944  
10312.18661  
10323.3314  
10349.47156  
10301.67581  
10381.16418  
10344.03582  
10312.30064  
10344.245  
10360.92248  
10346.33545  
10405.87299  
10376.66162  
10386.88617  
10379.12692  
10296.53487  
10333.17047  
10297.95881  
10301.77697  
10318.33266  
10333.87167  
10316.5812  
10341.13882  
10295.77625  
10293.51841  
10281.27065  
10267.87152  
10282.86799  
10275.88247  
10289.75247  
10302.3727  
10293.84599  
10332.67262  
10313.44324  
10375.74618  
10345.52849  
10348.70132  
10305.63497  
10318.77976  
10345.6082  
10305.17182  
10291.16294  
10323.17592  
10295.91151  
10318.49647  
10323.16403  
10299.29475  
10342.50279  
10292.94431  
10293.73495  
10301.55874  
10307.86753  
10307.8266  
10303.76982  
10306.36506  
10348.91593  
10323.93871  
10348.66481  
10339.24052  
10295.50485  
10374.68362  
10335.5062  
10321.41142  
10348.50882  
10302.15582  
10358.68529  
10321.18848  
10276.13169  
10334.28361  
10297.21326  
10297.82887  
10374.49477  
10365.75753  
10371.05854  
10388.745  
