9494.961326  
9464.493577  
9481.642578  
9491.767566  
9512.516126  
9504.258326  
9468.522423  
9483.25318  
9449.422413  
9456.40173  
9427.364383  
9439.555727  
9406.808744  
9402.910983  
9403.765262  
9396.638509  
9385.767616  
9354.245681  
9375.618427  
9376.99066  
9375.795047  
9392.660807  
9350.887307  
9351.946765  
9342.66271  
9350.052246  
9320.99071  
9325.390087  
9338.696051  
9309.729342  
9340.963767  
9315.141539  
9307.440079  
9322.90491  
9333.258439  
9307.747796  
9302.337227  
9308.137608  
9306.111328  
9290.714393  
9305.488882  
9315.04983  
9296.864446  
9279.570901  
9277.396697  
9296.596767  
9301.315067  
9293.979317  
9316.735414  
9331.987492  
9333.537873  
9332.234851  
9323.340532  
9306.267979  
9330.059658  
9320.207094  
9347.001127  
9335.909192  
9331.425506  
9316.427784  
9313.949356  
9303.332344  
9326.984988  
9332.014673  
9340.959185  
9349.894043  
9336.524239  
9344.443998  
9342.224234  
9363.737305  
9359.052534  
9347.589769  
9388.031413  
9351.563815  
9364.267866  
9342.347105  
9335.026467  
9372.832532  
9349.391514  
9341.247133  
9327.617726  
9318.573643  
9356.998535  
9358.348933  
9373.253155  
9340.571026  
9376.239934  
9331.715783  
9371.278771  
9356.865597  
9355.685384  
9378.768429  
9378.104955  
9365.864809  
9358.363419  
9350.01545  
9340.084059  
9370.021923  
9360.023638  
9369.455291  
9381.62212  
9385.000526  
9395.425819  
9365.065367  
9342.808218  
9388.3906  
9397.252504  
9375.414288  
9392.990485  
9431.838053  
9396.776267  
9434.251715  
9406.368039  
9404.771747  
9368.860865  
9391.476713  
9347.914363  
9378.011393  
9350.942808  
9385.413825  
9348.976976  
9404.003092  
9393.285807  
9381.984337  
9373.165865  
9381.06742  
9339.399564  
9392.133063  
9394.11745  
9334.319348  
9371.836789  
9381.902732  
9393.674016  
9367.169496  
9406.731445  
9375.811912  
9419.279798  
9397.411371  
9444.70176  
9424.453914  
9397.684107  
9404.853791  
9406.372546  
9416.897311  
9435.497759  
9398.477877  
9376.650328  
9391.040978  
9410.213416  
9363.907252  
9407.287573  
9392.044346  
9375.804124  
9354.617501  
9358.589919  
9331.537685  
9383.101149  
9354.833358  
9375.947879  
9347.063239  
9329.755672  
9394.671725  
9379.370117  
9416.227652  
9381.253193  
9391.179124  
9382.14368  
9402.315154  
9415.82045  
9418.54869  
9374.309044  
9406.066344  
9376.526305  
9408.812087  
9414.510542  
9428.200233  
9387.236316  
9368.299529  
9400.80023  
9372.784956  
9393.005021  
9420.097569  
9385.195087  
9396.04198  
9387.601312  
9411.529748  
9408.193647  
9378.610589  
9374.718237  
9372.880609  
9388.595177  
9380.016489  
9371.756135  
9376.009515  
9379.442308  
9351.886531  
9412.475836  
9379.805314  
9382.28776  
9353.866687  
9351.843387  
9341.012971  
9339.6642  
9348.797301  
9383.779672  
9403.090883  
9386.405449  
9407.06424  
9391.902832  
9390.047927  
9396.425305  
9423.758789  
9435.301019  
9377.096091  
9362.80927  
9381.671011  
9373.480606  
9347.645545  
9375.419246  
9373.584736  
9362.560797  
9344.509716  
9354.893968  
9396.118565  
9380.315392  
9377.055076  
9361.14065  
9375.832156  
9369.150791  
9384.946051  
9376.003894  
9371.808318  
9359.75  
9363.447554  
9381.996983  
9378.1405  
9371.28269  
9386.158479  
9376.417167  
9368.254157  
9364.958797  
9376.135579  
9364.988657  
9387.680364  
9382.889824  
9409.410695  
9364.04536  
9377.696252  
9374.082307  
9372.891001  
9367.200621  
9403.629395  
9395.917681  
9386.579452  
9390.570613  
9382.451197  
9374.711626  
9381.515938  
9344.588529  
9373.5859  
9364.125388  
9273.477264  
9203.391464  
9197.246707  
9415.748372  
9329.120605  
9370.098983  
9389.652294  
9377.2189  
9360.97218  
9344.375513  
9332.571802  
9394.908979  
9397.458183  
9414.70941  
9383.089355  
9396.767766  
9386.375225  
9415.891013  
9378.939178  
9389.325909  
9396.951497  
9419.162585  
9380.478854  
9373.408779  
9392.173114  
9410.294296  
9389.741774  
9371.342698  
9393.288624  
9407.358724  
9423.940855  
9412.083521  
9380.409142  
9389.746444  
9382.253268  
9416.205692  
9407.732059  
9385.614759  
9434.086513  
9413.907427  
9375.612467  
9400.869992  
9397.684207  
9378.59718  
9394.979993  
9395.525391  
9362.303523  
9389.639586  
9357.027794  
9368.884966  
9377.720315  
9391.638709  
9402.417506  
9377.651743  
9392.230243  
9410.234262  
9418.457257  
9409.296612  
9367.081606  
9396.259928  
9384.316356  
9398.113995  
9390.978052  
9407.661108  
9399.238557  
9406.573843  
9395.566857  
9395.885717  
9411.604242  
9417.402394  
9406.010892  
9385.983236  
9430.633589  
9426.242375  
9418.92185  
9412.311098  
9390.836902  
9397.944962  
9373.986416  
9430.138697  
9409.960024  
9438.957407  
9427.090507  
9439.201886  
9386.168031  
9375.410845  
9378.738744  
9362.188351  
9346.951122  
9353.619929  
9370.640112  
9363.240472  
9390.850598  
9402.409831  
9421.795398  
9403.515963  
9402.308769  
9371.352101  
9349.515512  
9370.987029  
9360.93298  
9378.968487  
9402.003906  
9359.913562  
9359.548653  
9364.763572  
9377.845716  
9336.221016  
9379.604605  
9378.377441  
9442.257274  
9407.092085  
9417.286371  
9437.918682  
9412.594338  
9371.124011  
9386.468149  
9394.3046  
9367.136443  
9374.01123  
9373.550268  
9367.612505  
9369.564203  
9387.901968  
9379.215382  
9389.009352  
9377.529848  
9389.757988  
9396.402557  
9372.458459  
9374.178811  
9396.595428  
9420.181753  
9397.256636  
9422.006698  
9438.59991  
9442.966747  
9420.371369  
9420.538286  
9419.6018  
9402.398638  
9399.184082  
9395.845565  
9406.367288  
9405.768555  
9417.305514  
9357.212327  
9440.233549  
9382.81394  
9415.50323  
9392.56891  
9394.256711  
9360.087916  
9410.356245  
9428.216897  
9419.037435  
9401.737505  
9399.183882  
9399.544697  
9399.818284  
9358.261005  
9347.389598  
9382.427997  
9352.15456  
9396.928561  
9384.558431  
9370.49518  
9346.372471  
9376.068998  
9354.064704  
9350.787297  
9377.644419  
9398.386243  
9392.79188  
9386.613544  
9347.189303  
9372.728052  
9370.645232  
9383.171474  
9362.978128  
9362.385216  
9375.802885  
9405.911846  
9360.324006  
9368.789451  
9369.788261  
9397.436436  
9368.200784  
9341.717936  
9380.102627  
9382.992626  
9353.501139  
9398.624487  
9386.67627  
9380.827674  
9379.111378  
9392.111579  
9379.631961  
9390.06533  
9344.478102  
9375.800218  
9369.258839  
9350.244954  
9367.518805  
9380.184946  
9377.194699  
9349.953451  
9339.672213  
9363.171337  
9333.473783  
9338.709235  
9383.97943  
9367.089456  
9373.959936  
9379.281676  
9384.899051  
9380.182918  
9373.024815  
9365.358048  
9370.716033  
9370.505283  
9372.941431  
9354.400691  
9412.795748  
9420.739984  
9396.297601  
9402.072967  
9383.473395  
9359.191156  
9373.621282  
9353.494992  
9349.702674  
9368.275679  
9384.408403  
9370.982898  
9374.591021  
9391.278746  
9403.791604  
9379.904885  
9378.414062  
9374.889511  
9381.235852  
9375.812262  
9341.598921  
9379.907076  
9390.063752  
9420.599008  
9381.910457  
9388.332545  
9390.27176  
9408.024627  
9354.837728  
9380.428385  
9376.650228  
9392.48902  
9394.735978  
9389.511256  
9421.031563  
9421.762658  
9385.686135  
9416.862655  
9395.9453  
9397.297388  
9401.382074  
9401.911396  
9397.513309  
9391.618152  
9384.037698  
9362.664839  
9403.605982  
9401.539025  
9383.22372  
9359.527907  
9383.753005  
9387.071665  
9338.629845  
9391.144994  
9416.72784  
9378.93308  
9381.287385  
9369.506773  
9387.727451  
9344.463729  
9367.945901  
9392.465232  
9389.476074  
9397.875438  
9384.222306  
9391.308744  
9379.784543  
9419.058619  
9387.862179  
9412.260842  
9399.670936  
9374.583646  
9374.586626  
9402.75025  
9383.736879  
9350.573981  
9358.095265  
9403.564791  
9358.115447  
9345.554274  
9373.904385  
9393.049992  
9403.541516  
9365.734575  
9366.057004  
9421.600598  
9394.066832  
9389.102764  
9373.209398  
9393.20966  
9359.594013  
9353.221329  
9322.015612  
9396.738607  
9352.428723  
9357.660682  
9382.604279  
9376.852602  
9353.156939  
9374.940017  
9368.095628  
9377.835988  
9350.48907  
9331.309207  
9368.915352  
9402.995105  
9403.075921  
9355.568497  
9378.905198  
9381.675906  
9398.924341  
9356.008564  
9390.311135  
9394.87669  
9409.086351  
9361.091259  
9394.076785  
9393.597143  
9387.052371  
9364.916817  
9370.301583  
9406.029021  
9367.067808  
9357.286571  
9354.529334  
9389.46249  
9360.447942  
9413.392365  
9383.404647  
9350.950558  
9358.786145  
9379.788161  
9383.102564  
9330.491073  
9356.099572  
9402.239308  
9402.350749  
9399.690981  
9333.99518  
9348.193059  
9382.631861  
9379.457419  
9403.242388  
9427.75452  
9423.170786  
9420.489446  
9424.911909  
9439.192082  
9427.353478  
9416.068697  
9405.986078  
9396.13732  
9350.324607  
9328.178686  
9360.48286  
9366.43909  
9360.41713  
9351.504132  
9385.485702  
9385.97034  
9335.90153  
9361.531738  
9345.332257  
9351.67324  
9331.635154  
9366.213479  
9386.622984  
9389.088467  
9362.295898  
9389.300218  
9361.666792  
9345.058544  
9335.091296  
9377.973695  
9388.088204  
9359.123422  
9338.285569  
9373.159968  
9357.438189  
9345.565567  
9367.207169  
9396.387758  
9385.287623  
9388.37808  
9392.363482  
9405.82795  
9411.062913  
9374.979567  
9404.760016  
9388.502341  
9431.195863  
9444.447028  
9417.995656  
9367.814603  
9361.645408  
9339.017253  
9314.225248  
9287.680476  
9360.570125  
9362.741837  
9371.291617  
9348.178874  
9350.57055  
9373.217348  
9378.612743  
9389.260592  
9358.801595  
9399.833521  
9391.443948  
9380.93303  
9351.538775  
9378.540127  
9381.563589  
9398.622759  
9378.862893  
9377.737668  
9398.851876  
9370.574394  
9415.756523  
9420.539325  
9426.807342  
9384.684282  
9428.482259  
9414.712916  
9410.4138  
9371.794384  
9397.652068  
9378.554925  
9385.717936  
9364.56384  
9382.70931  
9395.427096  
9376.38419  
9390.773012  
9369.084097  
9376.71229  
9341.075746  
9368.812826  
9341.375789  
9344.533767  
9355.039451  
9396.357898  
9389.104354  
9356.122133  
9364.79854  
9369.381911  
9384.749987  
9373.224772  
9393.890337  
9411.212953  
9389.839456  
9361.394343  
9389.933243  
9416.179024  
9403.920836  
9401.31419  
9377.417368  
9370.097969  
9377.935973  
9379.146697  
9373.099697  
9408.949244  
