10523.54899  
10509.83054  
10461.55823  
10459.25746  
10446.38331  
10491.45578  
10411.98119  
10463.4015  
10411.76865  
10384.22439  
10447.79579  
10407.67657  
10446.56302  
10456.99313  
10410.60123  
10405.03442  
10373.98508  
10392.67628  
10383.20441  
10408.93879  
10473.07604  
10496.88864  
10498.85735  
10442.14483  
10402.82774  
10356.01813  
10377.83901  
10417.50297  
10413.33164  
10407.61947  
10432.91791  
10356.04833  
10420.05456  
10420.91218  
10441.27957  
10439.87509  
10447.15879  
10425.34906  
10408.07731  
10421.22481  
10434.20729  
10412.09099  
10423.94445  
10373.35987  
10425.66076  
10446.93221  
10470.26531  
10475.342  
10460.68389  
10488.17248  
10473.99396  
10427.71304  
10396.51968  
10396.71247  
10371.33058  
10494.21326  
10448.59344  
10438.91808  
10434.1671  
10439.25079  
10473.15542  
10458.71958  
10449.7931  
10432.21365  
10441.00785  
10465.96735  
10464.7867  
10424.91767  
10399.98902  
10383.71403  
10367.68744  
10423.45545  
10427.82437  
10405.42919  
10434.86649  
10425.30806  
10440.04369  
10426.9104  
10400.03904  
10424.11404  
10437.5538  
10487.84077  
10445.52147  
10421.71195  
10339.28862  
10379.08017  
10386.67151  
10411.05251  
10396.61956  
10463.04603  
10441.57719  
10388.0953  
10356.25468  
10377.07098  
10359.81897  
10380.18114  
10421.88327  
10412.9103  
10457.19341  
10446.13578  
10446.36623  
10425.29872  
10409.3542  
10358.93068  
10398.14534  
10385.13351  
10439.69813  
10393.65426  
10434.24226  
10494.55679  
10481.53129  
10442.54551  
10458.79877  
10450.88976  
10425.25004  
10442.38178  
10461.27793  
10488.77261  
10509.99932  
10479.72747  
10406.08352  
10359.98277  
10436.83679  
10418.78447  
10490.33732  
10479.91583  
10405.8059  
10445.38121  
10411.05493  
10395.14623  
10424.0183  
10454.2383  
10417.15347  
10451.03422  
10422.54597  
10417.41312  
10440.80651  
10428.05727  
10419.01747  
10396.01756  
10452.48983  
10369.53899  
10389.75455  
10409.77368  
10444.47317  
10410.85602  
10407.21088  
10395.51282  
10417.50018  
10392.09841  
10408.06788  
10421.01152  
10417.21182  
10426.22651  
10402.06377  
10414.53049  
10407.93022  
10431.52611  
10461.59364  
10461.04765  
10511.62513  
10477.77812  
10529.9918  
10506.38121  
10494.14188  
10469.10337  
10446.28984  
10425.49574  
10443.54347  
10422.54625  
10445.36319  
10416.27976  
10401.981  
10423.71352  
10403.83076  
10385.23425  
10415.0709  
10469.6056  
10440.64186  
10446.91738  
10507.62953  
10547.21637  
10557.52734  
10567.89381  
10484.34836  
10505.36938  
10477.23056  
10450.54009  
10410.02769  
10406.39481  
10379.48093  
10332.86417  
10310.05273  
10340.01938  
10368.03805  
10383.87157  
10365.24646  
10382.15619  
10364.08188  
10324.55546  
10367.96389  
10347.75251  
10400.47232  
10395.95003  
10374.94109  
10366.1067  
10330.44117  
10353.52163  
10384.51457  
10432.05953  
10464.84758  
10458.04481  
10461.14103  
10397.96733  
10463.75868  
10459.7116  
10430.32302  
10465.67287  
10437.50273  
10504.14123  
10488.12848  
10478.18568  
10465.15507  
10422.34937  
10482.7867  
10483.06856  
10544.08971  
10532.89971  
10559.67497  
10481.74926  
10434.52801  
10483.16333  
10430.42742  
10485.66977  
10481.52191  
10429.77121  
10430.74816  
10385.12316  
10404.03355  
10438.1587  
10427.68007  
10468.85877  
10486.18398  
10489.55981  
10496.92149  
10511.40218  
10478.806  
10437.74396  
10481.62205  
10458.83564  
10471.64822  
10453.73635  
10478.81626  
10481.02821  
10460.56442  
10501.41047  
10494.80555  
10471.3816  
10445.50932  
10466.2861  
10448.69323  
10564.33586  
10506.52764  
10495.37979  
10444.14389  
10451.86177  
10399.83415  
10278.57149  
10262.23902  
10285.83498  
10225.80992  
10312.03184  
10274.52405  
10277.38571  
10291.10536  
10284.76426  
10303.29754  
10343.22735  
10370.65933  
10409.56959  
10387.57411  
10453.78595  
10457.15356  
10456.02268  
10457.63779  
10452.30214  
10432.66314  
10424.97778  
10437.88596  
10471.39967  
10498.38806  
10485.77189  
10496.48414  
10476.16907  
10464.65251  
10453.38093  
10495.40284  
10470.34198  
10451.74394  
10411.38932  
10427.95342  
10423.12743  
10493.93803  
10493.7999  
10467.254  
10456.55624  
10401.21484  
10427.89267  
10439.23008  
10449.35228  
10434.5869  
10402.97588  
10390.47319  
10361.3291  
10384.48784  
10428.86208  
10406.37839  
10386.4562  
10393.80802  
10393.76566  
10446.62443  
10399.21827  
10412.12166  
10417.25475  
10408.06956  
10399.33782  
10429.66106  
10469.84077  
10422.11418  
10392.26306  
10416.36593  
10395.1475  
10444.16097  
10417.05312  
10452.23854  
10440.63073  
10442.43809  
10388.69942  
10449.25387  
10482.4705  
10485.41463  
10513.73493  
10472.39086  
10402.17274  
10410.44341  
10379.1367  
10430.54459  
10401.80981  
10419.75114  
10422.83715  
10400.56431  
10413.83275  
10502.47129  
10509.71114  
10453.42882  
10461.19905  
10456.40006  
10500.9136  
10508.20259  
10480.97408  
10491.06392  
10506.11271  
10461.96956  
10516.76653  
10527.83113  
10538.034  
10500.67503  
10509.42117  
10555.48463  
10564.69627  
10492.33925  
10466.86243  
10465.98852  
10412.581  
10487.46521  
10408.54625  
10438.74213  
10386.28046  
10447.09327  
10428.17084  
10333.06302  
10389.72323  
10391.6058  
10424.90959  
10443.21954  
10344.95436  
10340.30968  
10350.97859  
10325.90724  
10382.48865  
10415.89803  
10429.49545  
10435.6716  
10354.74788  
10365.02978  
10337.12108  
10395.88121  
10415.76155  
10404.08581  
10445.35556  
10392.54424  
10404.38508  
10418.59766  
10389.47518  
10409.70515  
10397.61332  
10441.50658  
10451.23963  
10483.30887  
10457.05255  
10463.17186  
10448.83201  
10505.70336  
10511.74351  
10444.06858  
10477.33345  
10493.1208  
10520.95722  
10537.87966  
10516.9138  
10460.7013  
10426.0175  
10433.68522  
10387.71812  
10421.86791  
10430.95034  
10465.37607  
10463.52489  
10440.53169  
10436.14446  
10477.60836  
10502.22677  
10501.25514  
10454.11063  
10421.54688  
10383.87758  
10388.24071  
10407.4281  
10464.7201  
10440.08809  
10488.89888  
10546.10648  
10599.8991  
10587.03611  
10542.47503  
10481.40485  
10452.63578  
10350.4359  
10336.99558  
10239.63045  
10211.51373  
10261.33739  
10247.99449  
10267.34307  
10302.4171  
10297.30307  
10328.7027  
10336.23203  
10353.50868  
10352.06808  
10433.16476  
10430.60726  
10411.8233  
10424.17503  
10443.37445  
10425.09489  
10382.32903  
10433.09088  
10440.74245  
10446.46982  
10462.62146  
10459.4796  
10467.60001  
10443.55852  
10461.83949  
10412.72767  
10427.38854  
10452.66106  
10468.72115  
10473.69491  
10516.5297  
10490.81556  
10462.96156  
10450.72603  
10442.98974  
10460.43534  
10526.30802  
10479.51944  
10518.20484  
10511.19852  
10483.34159  
10465.63158  
10417.27213  
10376.33152  
10420.21755  
10453.42025  
10466.11114  
10516.37098  
10518.7455  
10465.04008  
10503.5618  
10454.63845  
10412.17259  
10395.81318  
10396.00988  
10431.72048  
10481.42792  
10497.37819  
10458.42278  
10454.08002  
10445.16937  
10346.5705  
10461.52946  
10391.91941  
10402.61912  
10423.68217  
10389.20574  
10472.25903  
10424.65776  
10414.14411  
10421.74482  
10420.58513  
10456.0374  
10443.00733  
10463.24158  
10468.56897  
10424.21693  
10428.02814  
10414.85786  
10406.94364  
10407.45775  
10368.69423  
10359.45506  
10401.39822  
10391.05775  
10400.83907  
10398.06372  
10408.21506  
10397.05463  
10413.92029  
10414.1063  
10429.42952  
10432.68776  
10424.1844  
10425.40811  
10404.35678  
10449.69929  
10409.45312  
10431.31834  
10411.64079  
10447.92757  
10406.88287  
10456.81946  
10431.20803  
10471.10757  
10447.39486  
10494.05695  
10430.93052  
10473.49095  
10466.17996  
10456.53143  
10472.59053  
10466.30124  
10489.87371  
10454.31204  
10459.3752  
10507.30721  
10541.21459  
10507.9241  
10472.0693  
10488.18407  
10455.98568  
10503.37649  
10530.49595  
10535.81974  
10573.76078  
10532.97227  
10524.41036  
10532.06244  
10533.05985  
10525.34992  
10475.03788  
10480.98566  
10429.52738  
10487.83975  
10465.7369  
10425.76771  
10424.76185  
10505.65796  
10512.36455  
10424.95694  
10341.28669  
10326.1645  
10279.72982  
10232.6734  
10301.1117  
10299.73699  
10304.5176  
10332.42184  
10314.84773  
10383.73336  
10400.1311  
10358.61684  
10392.06571  
10412.88864  
10405.40017  
10410.29068  
10440.64306  
10432.61113  
10479.61245  
10507.51227  
10476.1194  
10464.17584  
10466.33975  
10447.13429  
10493.29654  
10454.96853  
10473.70073  
10396.56012  
10386.71951  
10358.36184  
10387.11127  
10379.17092  
10380.65658  
10425.29266  
10441.69341  
10407.71521  
10437.35659  
10433.70891  
10436.33922  
10415.76769  
10405.99167  
10385.02215  
10414.41743  
10471.4983  
10459.85823  
10457.68649  
10413.39973  
10426.08898  
10421.63222  
10408.94146  
10464.42224  
10425.43641  
10465.41922  
10428.21392  
10402.27062  
10401.12736  
10374.46722  
10372.53844  
10401.25619  
10412.64774  
10408.12434  
10377.46543  
10425.62299  
10465.46914  
10436.61861  
10402.59766  
10341.49186  
10368.11111  
10358.54807  
10380.69625  
10394.2282  
10441.70348  
10416.13712  
10423.50203  
10401.25319  
10385.8993  
10433.57709  
10346.85504  
10398.78833  
10364.90327  
10362.47179  
10430.04317  
10395.23651  
10463.37922  
10480.98931  
10497.74561  
10445.86133  
10471.13871  
10437.86474  
10485.52089  
10446.1182  
10497.69176  
10469.43761  
10452.25538  
10458.4832  
10444.33702  
10419.66742  
10417.32873  
10420.7701  
10447.89718  
10467.80983  
10422.32556  
10395.5093  
10428.45547  
10420.43781  
10452.09338  
10457.73848  
10501.8177  
10456.62141  
10488.0953  
10441.34878  
10456.11404  
10433.08866  
10445.58623  
10468.66159  
10462.7407  
10517.11601  
10503.57313  
10505.3425  
10457.4764  
10436.58441  
10428.95165  
10442.02714  
10417.80001  
10408.32894  
10386.81525  
10394.84723  
10417.13399  
10440.09414  
10433.51089  
10378.56331  
10328.48373  
10347.09113  
10369.43118  
10459.19415  
