8376.106601  
8256.551717  
8207.365438  
8217.37283  
8203.238186  
8116.762465  
8163.98921  
8169.677911  
8116.777934  
8089.033027  
8047.361782  
8102.607707  
8136.534166  
8171.602607  
8139.716885  
8121.040961  
8119.533549  
8108.055332  
8088.728129  
8095.483568  
8087.669942  
8062.837694  
8110.341661  
8065.909858  
8134.631999  
8146.130385  
8129.346775  
8123.471124  
8133.522203  
8171.975389  
8135.080112  
8147.133898  
8153.097073  
8177.507921  
8192.522244  
8240.596666  
8196.771857  
8208.107571  
8218.210463  
8203.709073  
8156.318034  
8129.896301  
8126.679979  
8127.623908  
8108.308675  
8156.01454  
8166.494215  
8176.352627  
8139.808499  
8127.943549  
8121.755154  
8164.65998  
8140.358568  
8124.083157  
8107.465142  
8108.124681  
8089.803657  
8130.104112  
8129.094672  
8132.995707  
8146.388224  
8160.02259  
8174.929348  
8159.162788  
8158.038818  
8182.053989  
8178.265611  
8188.594577  
8150.272237  
8178.545458  
8159.521322  
8181.287075  
8219.801093  
8160.740485  
8208.861952  
8239.493713  
8246.240004  
8254.525269  
8239.174479  
8225.250149  
8229.540927  
8201.978543  
8206.352804  
8228.98074  
8202.724833  
8141.455343  
8178.874763  
8226.45143  
8206.602634  
8257.565918  
8260.455912  
8237.113993  
8241.265435  
8298.229316  
8210.791246  
8198.995538  
8197.338467  
8162.77733  
8173.963752  
8185.711568  
8135.650404  
8172.075989  
8239.672472  
8151.492418  
8090.95851  
8080.469062  
8212.815911  
8157.366123  
8170.725803  
8171.723206  
8206.123488  
8232.450853  
8111.334785  
8114.459167  
8162.322238  
8160.179599  
8128.443129  
8179.407891  
8157.683302  
8155.930366  
8199.299784  
8157.934875  
8192.885539  
8132.208069  
8199.557814  
8210.71896  
8151.663113  
8131.191074  
8135.502733  
8216.796719  
8136.84181  
8122.279561  
8253.882779  
8214.185689  
8192.810764  
8271.091315  
8248.381009  
8152.385796  
8200.403741  
8219.277873  
8181.168369  
8165.730632  
8289.998942  
8231.861125  
8163.733826  
8223.321309  
8081.464417  
8090.974514  
8143.048957  
8119.109429  
8177.058953  
8034.744371  
8111.863125  
8143.633694  
8105.575426  
8026.601135  
8033.164001  
8031.646464  
8061.788723  
8066.639398  
8104.607029  
8103.402981  
8158.386461  
8091.555779  
8136.277724  
8121.91314  
8230.794108  
8125.645325  
8156.247321  
8204.605625  
8131.994229  
8099.724996  
8134.032199  
8204.294854  
8138.747416  
8118.804715  
8114.089796  
8131.160048  
8072.234314  
8007.056851  
8125.815348  
8072.733921  
8043.961948  
8093.247206  
8154.204834  
8092.455858  
8089.527276  
8123.917616  
8088.098531  
8134.931688  
8104.440789  
8091.779439  
8141.613071  
8228.678311  
8139.696499  
8160.483656  
8209.260369  
8226.028951  
8194.325012  
8219.35435  
8248.984246  
8187.662062  
8146.930583  
8231.51673  
8148.097588  
8122.651171  
8149.590732  
8107.044908  
8106.546346  
8136.045003  
8158.232958  
8151.406765  
8169.607368  
8214.044257  
8197.641608  
8292.792887  
8226.617282  
8181.733839  
8226.518982  
8157.244242  
8139.168857  
8121.812968  
8148.85513  
8064.199897  
8112.869975  
8173.134983  
8116.313341  
8090.868218  
8124.571262  
8174.410075  
8127.885227  
8067.834737  
8093.656772  
8087.918735  
8079.393107  
8100.075541  
8111.995348  
7994.878838  
8057.918484  
8171.482598  
8092.434089  
8085.235419  
8052.727098  
8125.259901  
8107.562941  
8087.402554  
8083.50843  
8139.724908  
8121.379537  
8103.154656  
8169.369256  
8131.417908  
8089.291707  
8062.510932  
8033.229167  
8180.453518  
8133.036458  
8160.990065  
8138.890889  
8205.853238  
8183.844571  
8190.086555  
8160.799438  
8204.64114  
8143.023282  
8099.330634  
8064.812195  
8179.032186  
8160.825806  
8188.304301  
8144.099419  
8236.212646  
8132.148132  
8114.286051  
8150.612888  
8113.618747  
8108.835103  
8064.348117  
8199.932943  
8167.220018  
8139.070204  
8124.977146  
8211.69652  
8131.415697  
8106.544284  
8109.284776  
8128.93006  
8117.88185  
8120.468309  
8135.474216  
8214.293932  
8128.627808  
8174.036309  
8177.133199  
8203.145698  
8221.662679  
8173.41605  
8166.177124  
8250.899875  
8127.793349  
8143.652113  
8219.639682  
8135.258233  
8133.972243  
8185.65351  
8168.017239  
8081.347534  
8074.148126  
8114.644565  
8088.127163  
8030.36771  
8098.884372  
8075.696092  
8074.908596  
8090.206624  
8095.223389  
8140.346042  
8106.532016  
8115.488817  
8201.833801  
8217.524984  
8220.095059  
8186.272603  
8120.297709  
8174.413161  
8210.836663  
8186.068705  
8193.237908  
8195.055535  
8175.671482  
8226.89997  
8108.176514  
8144.594293  
8171.37738  
8163.646803  
8164.602288  
8186.828437  
8247.817268  
8112.387241  
8138.641385  
8152.614292  
8148.470127  
8077.602485  
8096.303297  
8148.332574  
8077.615573  
8112.877062  
8164.854045  
8095.831407  
8079.607347  
8095.783495  
8084.563789  
7962.750034  
8082.9674  
8045.365424  
8118.087402  
8123.232605  
8228.359131  
8161.902188  
8145.175388  
8212.231615  
8237.626912  
8159.396905  
8200.529121  
8131.23704  
8115.067735  
8117.302409  
8210.764845  
8128.175795  
8098.971402  
8098.018277  
8125.771294  
8011.60239  
8050.478685  
8092.743178  
8122.269443  
8118.497274  
8111.036892  
8214.007128  
8120.414076  
8088.332838  
8102.363736  
8046.28987  
8099.616855  
8159.454122  
8245.169813  
8157.507541  
8229.120992  
8276.59653  
8282.403937  
8164.461392  
8191.717367  
8244.777398  
8092.190036  
8148.69515  
8231.178087  
8084.626682  
8009.019714  
8144.325127  
8047.141629  
7993.964952  
8183.676161  
8271.732876  
8193.627231  
8286.312826  
8239.929864  
8170.094428  
8177.179769  
8248.430406  
8153.132317  
8166.176378  
8141.607015  
8233.645298  
8142.703912  
8157.002543  
8098.546889  
8197.558655  
8153.196065  
8178.357686  
8196.721815  
8181.968452  
8225.501526  
8191.896105  
8165.707865  
8101.317525  
8130.681166  
8170.891466  
8105.146118  
8115.687046  
8162.457377  
8140.787557  
8176.352186  
8031.457574  
8119.765286  
8141.793749  
8220.76709  
8132.585626  
8154.881361  
8246.761136  
8222.036981  
8201.442783  
8166.125224  
8264.959927  
8174.498949  
8273.601562  
8240.42848  
8274.550259  
8267.297885  
8240.608771  
8364.448602  
8258.920444  
8265.728638  
8224.467556  
8282.906982  
8316.307488  
8176.562358  
8189.318522  
8249.346842  
8350.325487  
8242.85414  
8215.345445  
8280.541802  
8262.953193  
8176.906304  
8202.555515  
8229.355584  
8169.782667  
8137.285597  
8189.626655  
8282.741272  
8104.74408  
8111.568597  
8187.934557  
8118.842068  
8047.716865  
8026.652174  
8059.161329  
7980.377401  
7951.493707  
7984.601535  
8007.650425  
8100.651754  
8062.254055  
8030.337246  
8086.433431  
8107.50725  
8005.893731  
8053.72777  
8038.465671  
8139.915582  
8082.631334  
8108.001702  
8226.065274  
8097.135186  
8083.005432  
8071.856018  
8115.754354  
8130.120083  
8134.600688  
8111.311693  
8212.055176  
8046.744066  
8081.22269  
8030.76494  
8155.658637  
8062.136834  
8151.548869  
8280.454197  
8288.863681  
8321.20773  
8207.938572  
8252.309123  
8320.310547  
8253.762804  
8134.214423  
8145.989658  
8234.758118  
8088.913547  
8051.973633  
7995.942871  
8030.084425  
8160.791517  
7645.494663  
8170.273085  
8266.015428  
8102.496263  
8130.678942  
8192.608771  
8216.459615  
8231.589525  
8242.369419  
8180.797004  
8197.368496  
8171.47113  
8201.885647  
8107.443841  
8197.44163  
8220.257202  
8318.2889  
8282.045241  
8226.568149  
8155.760824  
8327.049791  
8215.474779  
8216.147759  
8199.707336  
8046.724453  
8034.927877  
8126.922763  
8173.827277  
8178.582072  
8169.551724  
8142.038181  
8099.567485  
8123.860216  
8016.061266  
8053.91647  
8099.360352  
8146.612868  
8192.924127  
8055.404182  
8087.244364  
8105.113586  
8087.767565  
8112.793538  
8097.163615  
8186.20872  
8208.613681  
8199.254422  
8256.984653  
8241.329149  
8308.306241  
8216.54621  
8214.06444  
8277.289171  
8284.719143  
8126.699944  
8128.514208  
8159.953912  
8194.420112  
8131.901564  
8155.190538  
8149.720757  
8221.322184  
8188.72939  
8089.746202  
8051.178311  
8076.874858  
8135.581957  
8134.665466  
8232.50649  
8174.392381  
8209.13303  
8137.136203  
8082.542813  
8203.757284  
8165.444472  
8115.966458  
8086.360765  
8124.983832  
8189.366218  
8101.470601  
8072.641317  
7991.22149  
7970.123895  
8030.332458  
8242.927673  
8247.668315  
8136.752157  
8141.663791  
8229.559414  
8130.537259  
8106.686503  
8155.643758  
8248.29891  
8078.185581  
8082.964695  
8013.299581  
8106.007236  
8069.002285  
8169.416233  
8284.075019  
8182.884467  
8163.178657  
8173.735447  
8264.488369  
8200.121134  
8177.836758  
8154.038127  
8207.73879  
8115.623637  
8041.644748  
8053.761773  
8050.356866  
8198.922885  
8078.797987  
8159.132643  
8120.466349  
8140.212335  
8093.068644  
8158.302707  
8158.734253  
8108.701477  
8152.812432  
8305.357042  
8231.147359  
8181.519613  
8238.375841  
8297.057977  
8156.550693  
8165.020094  
8255.146844  
8161.9029  
8088.472229  
8154.779758  
8238.012716  
8090.688504  
8074.119012  
8057.064514  
8125.867574  
7999.195414  
8010.020643  
8049.317986  
8061.680291  
8062.483968  
8018.441555  
7927.265401  
7924.62856  
8091.260254  
8001.398966  
8074.116503  
8070.77946  
8034.249505  
8115.349426  
8018.243578  
8029.951084  
8079.425612  
8055.99707  
8031.24197  
8043.390951  
8164.735819  
7848.980279  
8032.684068  
8260.110345  
8300.496962  
8176.28635  
8152.29874  
8159.060798  
8168.640971  
8261.580193  
8177.228149  
8224.785061  
8237.14388  
8240.076409  
8175.864407  
8116.712687  
8145.554884  
8198.180406  
8188.93851  
8148.844822  
8184.771566  
8200.797207  
8166.875142  
8222.901035  
8204.058845  
8173.591119  
8243.979594  
8197.424371  
8268.633769  
8172.025913  
8151.108242  
8176.124647  
8177.97526  
