9968.320818  
9929.937837  
9968.519851  
9932.322872  
9981.897293  
9933.154987  
9849.139362  
9951.246649  
9852.45555  
9841.094474  
9888.258385  
9816.572097  
9932.149532  
9864.46156  
9806.529634  
9956.008284  
9858.330364  
9827.000892  
9918.40657  
9863.696222  
9856.33885  
9970.784247  
9826.467605  
9828.893942  
9887.394498  
9840.306152  
10029.30541  
9836.303593  
9841.289921  
9824.762308  
9753.585954  
9920.685362  
9833.125572  
9819.873653  
9871.005624  
9778.196188  
9772.001313  
9813.897882  
9752.615032  
9790.348313  
9782.164298  
9803.388099  
9911.127627  
9917.070548  
9879.588345  
9951.587655  
9861.064672  
9831.239106  
9950.311793  
9956.962251  
10010.93442  
10018.64554  
9959.963177  
10009.7207  
9922.229038  
9864.24212  
10034.32513  
9904.336392  
9917.849761  
9942.451391  
9841.34173  
9866.176909  
9819.886719  
9842.805715  
9894.551354  
9789.905391  
9789.168979  
9768.17925  
9725.52603  
9760.239898  
9706.356193  
9685.84806  
9866.163608  
9841.346158  
9810.55425  
9904.057398  
9965.050933  
9982.69868  
9867.662901  
9951.082974  
9967.809941  
9938.901805  
10037.1515  
9967.820733  
9997.659011  
10038.60478  
10057.5063  
10083.91123  
10039.84708  
10116.98321  
10062.82412  
9991.490992  
9974.592538  
9965.340164  
10017.67657  
9935.389143  
9925.322232  
9949.341309  
9907.697131  
9931.79568  
9917.751397  
9848.892982  
9963.217891  
9943.921286  
9931.946373  
9939.414366  
9849.318477  
9952.949808  
9982.514952  
9884.757307  
9972.145003  
9865.131785  
9932.982641  
9882.306422  
9823.484762  
9930.122609  
9911.228196  
9850.030492  
10005.21784  
10026.87779  
9978.360705  
9955.477724  
9979.65226  
9871.147461  
9963.682028  
9837.53524  
9874.721343  
9989.486985  
9888.021787  
9825.073528  
9837.161638  
9737.205701  
9830.381364  
9821.083277  
9784.149717  
9831.142797  
9784.575549  
9801.492827  
9825.973044  
9834.478112  
9844.457031  
9830.855671  
9782.260304  
9843.72168  
9942.98813  
9856.54339  
9895.851697  
9844.269279  
9883.479879  
9919.047818  
9875.541706  
9884.688477  
9885.89475  
9889.370791  
9880.250387  
9918.356715  
9996.369562  
9996.994528  
10016.87796  
9998.986766  
9960.839322  
9864.333361  
9942.217353  
9919.381381  
10061.34057  
10028.87657  
10052.679  
10072.84963  
9944.882307  
9980.104273  
9971.649364  
9955.324135  
9897.202738  
9822.773353  
9887.82767  
9907.545124  
9831.950869  
9888.28524  
9903.171774  
9863.352421  
9937.522916  
9911.667379  
9873.081627  
9987.03253  
10012.79428  
10030.07974  
10060.36528  
10027.2567  
10054.19546  
10011.2989  
9922.74968  
9909.97663  
9871.739712  
9940.23089  
9882.573882  
9903.898404  
9835.709052  
9791.182853  
9740.633082  
9725.90194  
9781.955179  
9780.102909  
9899.112002  
9998.503132  
10016.49225  
10007.18092  
9943.218986  
9895.355452  
9946.571053  
9852.917245  
9852.43814  
9973.637779  
9963.603145  
9922.432769  
9809.834557  
9782.85621  
9830.583277  
9850.980149  
9810.014682  
9771.545124  
9728.847538  
9718.256146  
9724.471141  
9755.338631  
9771.891938  
9798.801741  
9786.043625  
9832.683493  
9756.529549  
9805.721478  
9822.068831  
9828.906856  
9830.322518  
9837.411369  
9856.915713  
9829.512476  
9925.206072  
9951.358887  
10063.33257  
10054.34594  
10080.6516  
10127.58269  
10090.1499  
10063.42821  
10062.76264  
10031.72882  
9996.488618  
10035.12744  
10067.37891  
10114.55491  
10121.63802  
10067.5579  
10077.23365  
10043.83047  
10031.60436  
9989.509227  
10007.36933  
10003.76557  
9933.695211  
9897.891753  
9888.582385  
9847.659096  
9822.615841  
9907.199623  
9909.426808  
9830.172885  
9804.921926  
9745.533691  
9748.361682  
9615.965383  
9904.383267  
9836.28913  
9910.991447  
9824.217757  
9659.444622  
9874.016484  
9832.099525  
9893.184301  
9944.370841  
10007.4411  
9924.149566  
9995.324993  
9952.58683  
9857.380893  
9954.215702  
9855.921892  
9805.501465  
9815.417026  
9755.557786  
9804.077973  
9783.22109  
9680.659567  
9706.551943  
9649.082823  
9692.620471  
9687.942568  
9595.321491  
9704.338564  
9687.324522  
9623.763335  
9753.73158  
9708.273623  
9728.228566  
9735.396922  
9710.467437  
9864.60562  
9852.710096  
9757.620875  
9821.615588  
9866.531284  
9782.477926  
9955.094626  
9999.562466  
10048.4327  
10043.70541  
10109.17445  
10028.70328  
10147.16664  
10040.63195  
10017.29821  
9997.431556  
9910.276586  
9994.126768  
9866.164837  
9899.153623  
9906.874764  
9867.848549  
9874.993013  
9801.300579  
9764.02071  
9826.850889  
9823.07863  
9735.866059  
9938.69016  
10009.96102  
9911.108095  
10029.43031  
9910.892342  
9950.524717  
9898.61744  
9806.266517  
9985.606816  
9850.350317  
9920.245656  
9865.190379  
9745.598161  
9819.311237  
9757.628485  
9720.321306  
9821.421656  
9678.105401  
9637.030206  
9767.119545  
9939.844154  
10041.67757  
10079.9277  
9965.012779  
9952.019666  
9976.33188  
9997.297919  
9927.881247  
9944.008806  
10007.65236  
9998.899835  
9905.21114  
9941.780711  
9901.61451  
9873.230486  
9889.006971  
9863.823714  
9814.137258  
9829.794821  
9741.657109  
9806.302431  
9851.129395  
9811.477691  
9848.129799  
9843.412042  
9818.701862  
9872.126717  
9826.234426  
9733.051  
9730.869898  
9709.194892  
9749.149818  
9736.321659  
9748.394481  
9792.026418  
9836.311052  
9827.59343  
9845.003266  
9834.829893  
9839.866716  
9842.693848  
9913.601714  
9939.50032  
9967.62958  
9959.069908  
9940.121936  
9921.682853  
9926.814386  
9931.40955  
10036.17484  
10085.5014  
10094.20643  
10141.40997  
10053.1352  
10051.74288  
9983.458934  
9928.826761  
9805.373468  
9958.320094  
10116.38628  
10006.8013  
9884.412547  
9848.259816  
9932.580971  
10067.88308  
10105.70483  
10071.49926  
10054.79713  
9987.966292  
9914.978617  
9870.416622  
9822.501583  
9853.693966  
9843.406755  
9807.413574  
9823.050613  
9758.300882  
9774.849458  
9797.342369  
9715.443208  
9803.551741  
9833.095653  
9783.801893  
9860.056371  
9796.074539  
9790.124394  
9955.477573  
9873.516551  
9880.332907  
9942.161554  
9995.21183  
9867.467235  
9752.844339  
9675.971292  
9739.402462  
9788.622037  
9915.625892  
10001.18265  
9941.18058  
9997.795612  
9874.201525  
9960.173677  
9894.963177  
9895.315463  
9952.919989  
9903.925714  
9948.884159  
9909.570144  
9822.99963  
9832.145457  
9774.608887  
9752.155004  
9838.737052  
9763.189807  
9849.376936  
9859.306944  
9880.298879  
9984.042767  
10009.73879  
10045.51823  
10006.43183  
10035.75345  
9948.175916  
9877.979997  
9999.390103  
9939.227657  
9948.761045  
9895.013941  
9867.341932  
9876.6908  
9774.369848  
9793.918356  
9785.65721  
9823.135372  
9916.919501  
10003.20919  
10036.1795  
10145.65137  
10061.63322  
10127.65482  
10192.97634  
10103.53564  
10041.23666  
9994.076374  
9901.368989  
9872.609964  
9839.417868  
9719.071659  
9769.039062  
9689.838261  
9709.885523  
9781.693427  
9772.174165  
9713.572299  
9725.321138  
9858.401249  
9802.066053  
9750.477068  
9830.060884  
9781.417598  
9776.956055  
9854.674417  
9866.151249  
9907.338699  
9875.413019  
9844.413153  
9947.693814  
9946.232523  
9761.554738  
9834.548138  
9894.297296  
9976.136365  
9883.832873  
9776.304317  
9678.383974  
9759.894514  
9809.011096  
9679.746026  
9698.599475  
9729.487961  
9725.517494  
9630.626482  
9815.750034  
9761.724188  
9843.552381  
9796.048912  
9775.545191  
9848.328849  
9821.092437  
9833.655981  
9769.868939  
9872.748569  
9787.106984  
9816.627172  
9777.60094  
9833.22338  
9761.139968  
9819.294636  
9833.876549  
9813.001583  
9723.252088  
10012.84264  
9934.520929  
9934.464844  
9889.359543  
9791.457082  
9691.536621  
9966.449269  
9760.894514  
9749.705044  
9977.68851  
10078.2562  
10100.875  
10059.11768  
10100.40521  
9941.944555  
9930.312197  
9894.453731  
9803.517443  
9937.119679  
9881.783826  
9816.184705  
9942.624209  
9811.292161  
9883.919383  
9883.755758  
9851.623064  
9892.595871  
9864.913928  
9862.001263  
9946.981732  
9857.226428  
9761.101411  
9809.418912  
9622.652765  
9646.236985  
9781.636904  
9867.007829  
9945.708816  
9762.019312  
9777.696676  
9781.152596  
9765.719844  
9706.455583  
9828.233196  
9797.116413  
9795.216915  
9810.495504  
9762.590164  
9790.385759  
9857.270053  
9907.162985  
9945.845871  
9978.406199  
10070.99911  
9945.247053  
9993.714978  
9935.886921  
9938.332233  
10013.85166  
10003.05184  
10013.70801  
10069.42364  
9995.913153  
9970.786773  
10049.70826  
9968.5757  
10026.78538  
10086.17824  
10099.89226  
10181.96907  
10146.37748  
10090.26364  
10089.6874  
10146.83328  
10064.50051  
10145.98106  
10048.42118  
10119.70486  
10192.2053  
10108.50411  
10131.12874  
10110.80639  
10014.85237  
10021.95799  
9966.143588  
9891.902293  
9983.268959  
9880.778623  
9889.958547  
9906.131752  
9762.390726  
9763.5592  
9735.798289  
9677.785964  
9785.161975  
9777.306573  
9762.098633  
9810.070767  
9712.859661  
9699.00202  
9771.605418  
9741.837015  
9785.167346  
9803.731327  
9747.568864  
9811.940615  
9752.901435  
9757.24207  
9824.080112  
9792.030442  
9855.861833  
9840.859207  
9760.692097  
9795.809486  
9825.356614  
9924.918204  
9952.976041  
10034.47294  
9950.709422  
9820.715248  
9722.004546  
9736.353499  
9887.078091  
10037.70863  
10062.15637  
10088.36978  
