6454.375701  
6425.275848  
6447.337629  
6431.916038  
6458.478271  
6467.728631  
6457.724707  
6451.810223  
6428.942316  
6428.083634  
6425.791846  
6419.709464  
6444.833904  
6433.230167  
6404.687549  
6430.756459  
6394.690159  
6418.345703  
6393.702508  
6408.52136  
6405.001296  
6400.483878  
6368.963494  
6363.040194  
6412.644585  
6391.739569  
6383.040914  
6392.301571  
6350.992689  
6372.965736  
6358.482555  
6415.030384  
6336.288699  
6402.474183  
6384.929337  
6424.387562  
6398.00024  
6399.939147  
6389.986723  
6376.328462  
6419.385924  
6416.846156  
6413.840283  
6397.476505  
6437.941016  
6433.244016  
6410.47397  
6423.531481  
6405.068399  
6396.5004  
6389.195965  
6394.715803  
6429.687314  
6417.975692  
6418.35174  
6374.371853  
6412.409912  
6419.441109  
6414.235756  
6420.388636  
6402.831521  
6392.983998  
6376.397976  
6366.7678  
6339.881472  
6362.356037  
6370.361399  
6365.913228  
6408.836515  
6358.657191  
6442.858021  
6429.273695  
6421.89407  
6407.643999  
6424.12907  
6409.786177  
6389.938117  
6457.002561  
6414.550426  
6454.883913  
6457.765354  
6452.057861  
6458.863796  
6392.027597  
6394.197967  
6378.208487  
6380.020197  
6404.572354  
6408.180899  
6392.004301  
6431.727992  
6419.281925  
6419.841517  
6376.991251  
6394.676088  
6424.296484  
6409.116499  
6416.742392  
6437.238104  
6410.344509  
6440.583558  
6385.805935  
6375.637354  
6438.757373  
6437.26369  
6453.076265  
6446.691402  
6401.902042  
6442.795965  
6403.964964  
6390.220774  
6425.673668  
6422.505362  
6432.379869  
6433.637744  
6424.218288  
6441.775222  
6430.554825  
6431.761466  
6479.060303  
6402.047496  
6412.361714  
6419.59648  
6391.794589  
6370.871245  
6407.033008  
6359.924507  
6383.275133  
6431.731259  
6394.055899  
6437.570566  
6413.339742  
6421.366291  
6420.586293  
6356.155433  
6387.850009  
6383.132413  
6289.128613  
6428.766167  
6444.255091  
6426.571458  
6499.533944  
6426.836705  
6380.774494  
6398.706423  
6366.383616  
6372.995725  
6414.077552  
6455.699494  
6447.529346  
6454.680904  
6473.348158  
6385.326851  
6437.441895  
6440.381916  
6426.909242  
6404.695637  
6446.335063  
6378.290953  
6396.864617  
6428.672612  
6413.007111  
6445.456641  
6414.205415  
6410.775058  
6408.062997  
6439.481561  
6405.772079  
6427.70989  
6440.746768  
6410.253622  
6410.333132  
6374.292325  
6400.340905  
6431.9375  
6438.276873  
6376.301527  
6414.411412  
6383.431947  
6402.323957  
6413.74114  
6381.045202  
6431.465989  
6421.543959  
6428.248113  
6454.276154  
6411.306823  
6436.495517  
6410.282795  
6414.839094  
6446.451278  
6410.988663  
6373.769411  
6423.819354  
6419.745881  
6418.09434  
6432.228116  
6448.645494  
6418.952899  
6448.900732  
6414.078129  
6410.252091  
6419.217538  
6406.254537  
6392.756259  
6377.209091  
6394.863295  
6430.220867  
6417.070077  
6387.387016  
6423.889968  
6408.076531  
6404.919092  
6388.531006  
6398.439466  
6380.322053  
6350.743195  
6386.246027  
6353.785764  
6386.385125  
6416.873247  
6379.172017  
6408.332613  
6426.716575  
6386.614937  
6411.392538  
6414.369922  
6366.94434  
6375.758416  
6365.300817  
6378.007994  
6411.253422  
6424.106729  
6403.736  
6398.835045  
6430.454763  
6462.596644  
6429.440132  
6425.119895  
6438.623158  
6406.088374  
6424.378232  
6457.858603  
6400.319371  
6397.288472  
6395.097536  
6392.138428  
6399.163956  
6401.311412  
6376.680566  
6415.496529  
6434.952091  
6408.074791  
6424.802286  
6390.17907  
6405.42069  
6405.693404  
6413.051536  
6419.819589  
6440.455842  
6435.036737  
6389.451265  
6395.164324  
6463.770637  
6435.097936  
6423.193808  
6464.047856  
6452.002907  
6408.934166  
6422.377934  
6405.112504  
6403.47959  
6443.50882  
6403.648926  
6406.049294  
6411.580105  
6410.151487  
6409.322963  
6413.087358  
6427.152375  
6472.771737  
6480.89371  
6441.043879  
6448.350679  
6468.154741  
6447.314009  
6379.562038  
6480.382617  
6409.352481  
6417.977108  
6413.677757  
6443.516038  
6402.897465  
6374.075879  
6407.585174  
6415.085711  
6443.158248  
6417.369616  
6445.490088  
6423.585831  
6402.815589  
6407.80858  
6371.690887  
6391.693319  
6380.549538  
6408.415141  
6434.458181  
6390.495685  
6425.909069  
6413.390856  
6383.360281  
6383.991548  
6416.471942  
6403.037971  
6385.449077  
6374.328018  
6392.052171  
6337.772607  
6382.666646  
6402.845126  
6416.338974  
6430.438272  
6388.552477  
6399.0057  
6371.447501  
6377.121449  
6402.855606  
6380.57575  
6393.546249  
6416.443786  
6379.145521  
6400.94988  
6387.806139  
6391.24873  
6436.29462  
6437.275959  
6422.388277  
6411.986963  
6454.586279  
6384.57769  
6457.593679  
6432.15115  
6460.076376  
6438.94782  
6433.915483  
6447.480198  
6414.530504  
6415.906024  
6425.951314  
6428.018222  
6459.283154  
6453.61958  
6446.101154  
6421.133838  
6436.330167  
6422.046737  
6408.381596  
6401.543102  
6381.627353  
6418.466881  
6425.599991  
6401.635782  
6398.60965  
6397.800954  
6444.686439  
6443.941251  
6439.411528  
6437.604998  
6456.541202  
6423.520983  
6399.532071  
6382.939844  
6399.587971  
6407.787939  
6397.152242  
6422.160436  
6423.220015  
6407.346626  
6399.961093  
6397.412194  
6415.224312  
6440.110218  
6387.878453  
6393.922377  
6385.47314  
6408.742507  
6399.750506  
6407.882204  
6447.960906  
6434.663166  
6394.282941  
6418.993355  
6412.348841  
6422.150852  
6445.788468  
6394.888765  
6395.868719  
6403.854838  
6402.979417  
6407.356001  
6391.912482  
6391.624041  
6402.05063  
6391.597545  
6458.643706  
6455.723744  
6423.434029  
6485.0269  
6431.141451  
6459.263503  
6395.99415  
6402.693621  
6381.329195  
6348.699032  
6416.309757  
6385.953409  
6382.718825  
6389.809948  
6368.562624  
6355.89826  
6391.328644  
6419.47828  
6447.667045  
6420.213423  
6396.5856  
6438.870827  
6418.429133  
6410.45012  
6392.819629  
6398.16717  
6422.736204  
6333.615416  
6399.60692  
6405.396351  
6421.733789  
6437.146582  
6402.214506  
6432.224276  
6427.421307  
6397.439364  
6381.787593  
6422.232559  
6399.525107  
6388.251847  
6396.879026  
6399.20051  
6390.791668  
6417.53592  
6440.313117  
6425.054719  
6396.19858  
6408.285889  
6425.200892  
6406.440803  
6395.282173  
6432.375613  
6383.154883  
6435.130509  
6411.852077  
6421.78315  
6431.835875  
6414.517214  
6447.147647  
6425.284806  
6450.207733  
6487.171298  
6475.747093  
6449.844296  
6472.169571  
6448.831787  
6425.137709  
6469.54486  
6408.43204  
6437.639173  
6398.667068  
6427.59146  
6391.747665  
6405.603662  
6431.103014  
6401.217867  
6396.160081  
6400.790159  
6363.675653  
6375.265017  
6398.302916  
6366.717077  
6391.970308  
6380.000404  
6411.541846  
6385.821591  
6339.234757  
6407.420401  
6409.457471  
6380.465891  
6447.913512  
6390.609264  
6405.663135  
6428.679013  
6389.515718  
6437.042245  
6432.837047  
6390.586133  
6422.43857  
6423.80542  
6402.500781  
6421.504958  
6469.249969  
6388.018843  
6419.36748  
6441.161879  
6427.892805  
6418.012664  
6455.378493  
6420.554204  
6411.764888  
6433.793337  
6442.095139  
6485.894331  
6452.874925  
6447.89015  
6438.33604  
6424.044926  
6380.713849  
6449.325954  
6414.996511  
6426.600124  
6437.657648  
6427.28584  
6390.000977  
6453.065696  
6432.075923  
6431.133616  
6438.300328  
6429.747567  
6382.971143  
6373.838104  
6382.628662  
6378.58204  
6395.21776  
6415.705367  
6372.251292  
6392.402557  
6413.212762  
6420.756654  
6405.750573  
6384.733438  
6356.904421  
6393.437243  
6422.394975  
6450.378613  
6472.552242  
6458.14015  
6465.178573  
6441.642547  
6422.681512  
6389.894997  
6366.097164  
6343.478103  
6379.173513  
6383.790088  
6357.087802  
6397.554585  
6390.097399  
6415.864728  
6436.153396  
6400.419909  
6389.514009  
6388.687988  
6458.088619  
6401.760076  
6381.542658  
6438.277188  
6412.539173  
6422.913445  
6440.442516  
6415.279403  
6401.39031  
6388.886963  
6424.158026  
6373.857338  
6429.097301  
6423.402974  
6361.305189  
6411.690021  
6441.947878  
6369.445113  
6391.12203  
6407.453746  
6369.0695  
6411.535183  
6425.878778  
6389.473553  
6408.018493  
6385.726549  
6370.371742  
6408.20621  
6379.94486  
6394.445397  
6405.549685  
6386.982005  
6406.360911  
6418.80918  
6409.409131  
6444.129474  
6408.811994  
6417.389018  
6402.427583  
6408.25249  
6435.971058  
6441.637846  
6445.150515  
6429.677499  
6384.324028  
6362.973127  
6420.553041  
6421.051305  
6391.952206  
6429.548611  
6426.689853  
6388.127282  
6383.270619  
6378.532062  
6414.002903  
6426.100244  
6448.746542  
6426.226922  
6410.867192  
6407.191096  
6429.227148  
6395.614822  
6384.381738  
6386.848881  
6405.91432  
6375.463499  
6372.294656  
6438.560534  
6395.91044  
6394.76123  
6399.371582  
6354.19593  
6389.491531  
6403.187083  
6387.90356  
6427.341912  
6401.252548  
6394.287877  
6451.263255  
6383.574458  
6426.579124  
6426.61808  
6411.086151  
6400.663641  
6413.652472  
6404.25324  
6367.881024  
6436.673624  
6453.891464  
6437.855424  
6441.748491  
6425.565225  
6434.211697  
6396.195965  
6400.746413  
6466.271214  
6449.738721  
6430.050519  
6465.018737  
6486.617219  
6477.748988  
6402.045352  
6451.207852  
6432.036275  
6417.384575  
6424.850364  
6416.172994  
6419.905291  
6372.378196  
6395.138991  
6381.850337  
6410.346729  
6417.858327  
6408.407302  
6427.124707  
6387.163472  
6411.381539  
6422.16013  
6361.743746  
6420.469478  
6364.669367  
6402.874818  
6416.994478  
6377.789466  
6428.627362  
6395.971107  
6449.434806  
6436.042578  
6405.359011  
6460.506618  
6401.744096  
6392.70079  
6399.912029  
6418.075945  
6378.996662  
6418.234242  
6421.481241  
6441.433203  
6407.653187  
6395.052792  
6441.059419  
6403.433416  
6412.438991  
6438.482151  
6414.981343  
6421.796498  
6385.00795  
6416.835813  
6398.889933  
6376.947337  
6445.124916  
6448.918484  
6411.101021  
6416.779985  
6407.975684  
6448.232932  
6425.333034  
6386.369793  
6389.264187  
6392.019647  
6430.115798  
6440.379426  
6375.134042  
6427.797434  
6385.087123  
6401.659788  
6413.416584  
6403.105642  
6418.703298  
6420.115749  
6432.43445  
6403.88319  
6397.83754  
6393.276833  
6397.672763  
6401.524041  
6456.717902  
6439.497208  
6403.524081  
6408.143333  
