9733.389121  
9723.060072  
9723.314981  
9718.898042  
9724.229914  
9758.056905  
9745.31279  
9716.075829  
9724.623707  
9711.382337  
9688.575143  
9739.521115  
9736.75805  
9690.058515  
9690.377771  
9715.307459  
9693.168154  
9727.036344  
9742.744642  
9722.959486  
9732.290593  
9737.874367  
9737.418549  
9732.913086  
9794.381651  
9777.399863  
9776.38978  
9759.735985  
9710.42272  
9700.443439  
9715.548696  
9744.144716  
9705.796954  
9712.464949  
9726.419579  
9737.309016  
9703.757469  
9767.480654  
9753.692251  
9755.230522  
9744.823057  
9764.018  
9737.715952  
9714.866712  
9678.3177  
9676.980337  
9713.463524  
9700.68362  
9669.349952  
9667.075934  
9667.342351  
9658.694204  
9669.240393  
9665.606049  
9663.259581  
9668.445893  
9682.577096  
9691.021907  
9640.133288  
9630.778901  
9644.853304  
9704.834301  
9659.163139  
9697.217694  
9706.004355  
9741.215055  
9732.297271  
9724.531593  
9743.324588  
9749.158071  
9751.717853  
9783.362621  
9775.59602  
9763.678896  
9782.232  
9749.088023  
9761.45133  
9761.246595  
9743.770481  
9770.997994  
9772.977592  
9769.519478  
9747.30284  
9721.062025  
9731.927127  
9725.76383  
9724.600612  
9717.950987  
9708.047456  
9738.587785  
9687.023754  
9625.286555  
9675.439532  
9659.275523  
9657.692515  
9759.501504  
9742.909813  
9713.013038  
9664.666755  
9685.478832  
9708.514358  
9664.120381  
9695.409971  
9727.357237  
9755.774388  
9725.681139  
9701.395112  
9692.637141  
9714.787664  
9688.713788  
9702.770825  
9742.853384  
9700.911001  
9724.078653  
9739.065931  
9706.98192  
9707.183726  
9740.330184  
9736.74546  
9729.733055  
9759.889992  
9708.017393  
9708.957031  
9654.398015  
9719.489865  
9713.555954  
9694.630648  
9717.50615  
9755.974926  
9744.268581  
9790.631361  
9751.244642  
9728.294394  
9750.476431  
9712.583958  
9695.514596  
9739.6089  
9712.433277  
9694.81762  
9705.159734  
9695.871701  
9691.893555  
9705.254936  
9679.0625  
9689.310837  
9704.606366  
9699.914326  
9676.595281  
9725.533467  
9743.067568  
9754.217457  
9798.69914  
9796.287109  
9739.711545  
9692.801705  
9681.889068  
9725.940113  
9718.321579  
9699.775127  
9740.794236  
9712.906883  
9721.206451  
9763.445867  
9807.187738  
9802.096574  
9805.625633  
9775.557512  
9791.435309  
9774.592562  
9757.389121  
9736.370619  
9745.732132  
9677.921189  
9703.518396  
9689.984797  
9650.559491  
9670.237067  
9667.849689  
9683.948664  
9664.372783  
9712.082533  
9691.586386  
9710.252877  
9677.423511  
9674.015995  
9660.367056  
9680.359613  
9730.414036  
9717.271352  
9713.09602  
9709.342246  
9724.516575  
9746.423802  
9732.3698  
9747.147171  
9777.023226  
9776.169948  
9792.613704  
9789.42169  
9801.215662  
9800.608662  
9791.547429  
9781.346732  
9774.780669  
9761.083008  
9721.208509  
9748.58248  
9695.579445  
9747.521827  
9719.054239  
9735.653901  
9711.984665  
9731.279402  
9742.43069  
9762.754065  
9758.450248  
9726.018159  
9710.411872  
9723.948137  
9751.81126  
9745.575987  
9764.668391  
9752.577069  
9736.646986  
9716.698717  
9762.512616  
9730.09536  
9719.752507  
9726.160315  
9756.312078  
9754.765519  
9729.737094  
9757.728674  
9734.020059  
9737.332242  
9745.394135  
9702.217351  
9705.021194  
9738.961756  
9709.042546  
9723.692145  
9702.338841  
9710.564902  
9721.858478  
9727.130252  
9724.770191  
9717.130041  
9706.518977  
9710.432089  
9710.659734  
9695.50417  
9682.79801  
9663.161872  
9687.313925  
9709.558251  
9701.95294  
9748.541649  
9741.155643  
9787.601642  
9762.184808  
9727.714289  
9672.853093  
9700.927893  
9728.124525  
9709.313529  
9697.543602  
9663.794526  
9609.873337  
9677.541807  
9690.255305  
9723.979123  
9735.393766  
9723.577571  
9736.09858  
9714.763777  
9746.854202  
9727.764385  
9756.163799  
9754.208826  
9702.472524  
9733.611011  
9718.059993  
9730.259343  
9735.640915  
9718.998839  
9772.386085  
9770.129302  
9747.804054  
9721.855522  
9689.205078  
9696.975058  
9724.110457  
9708.520165  
9735.322054  
9727.878642  
9753.897435  
9723.087917  
9741.325776  
9781.885293  
9742.357264  
9717.876927  
9769.310019  
9804.231261  
9767.999762  
9773.005939  
9783.580606  
9752.275523  
9741.174488  
9726.42594  
9711.226035  
9732.541834  
9707.283625  
9714.15815  
9730.620196  
9720.940773  
9715.723501  
9709.039247  
9698.857132  
9709.55416  
9687.832058  
9738.28996  
9735.28315  
9732.947952  
9734.948585  
9746.179371  
9717.71999  
9710.721178  
9686.63371  
9672.714791  
9686.2713  
9704.56601  
9668.055321  
9706.573084  
9724.662716  
9719.513857  
9684.25483  
9689.628378  
9713.81923  
9727.996674  
9717.354651  
9729.120355  
9736.721521  
9724.487621  
9692.038772  
9688.453626  
9676.43135  
9729.045582  
9720.723395  
9744.2249  
9710.579761  
9712.330738  
9697.704603  
9701.445999  
9698.164538  
9714.080236  
9729.310494  
9713.32253  
9707.840213  
9718.809465  
9746.309042  
9728.460383  
9735.781329  
9725.064638  
9704.299726  
9697.433541  
9700.434095  
9715.009792  
9702.890546  
9712.177972  
9680.281725  
9690.801863  
9725.680849  
9740.795608  
9716.197925  
9741.461782  
9712.129988  
9743.360536  
9728.781039  
9716.027766  
9776.135267  
9785.983451  
9723.501478  
9741.848765  
9773.445524  
9767.720677  
9742.304767  
9749.152608  
9759.76903  
9741.820181  
9718.03162  
9713.336043  
9721.362489  
9723.108636  
9716.338999  
9689.212099  
9722.199667  
9702.599504  
9690.548379  
9660.525232  
9690.246886  
9667.3286  
9706.484665  
9721.027185  
9691.283942  
9658.787664  
9728.174514  
9722.741132  
9696.057248  
9720.962891  
9707.792837  
9748.158018  
9712.528083  
9772.414538  
9718.726035  
9726.105865  
9726.534127  
9705.19204  
9741.383024  
9735.599583  
9758.087706  
9752.732026  
9734.342298  
9739.183013  
9751.947793  
9691.335357  
9706.07633  
9671.854123  
9695.636138  
9691.63371  
9681.054529  
9678.187896  
9665.423485  
9728.943544  
9712.055506  
9716.488308  
9718.916121  
9757.945392  
9772.927787  
9737.637906  
9691.866633  
9708.811603  
9691.09499  
9710.412241  
9701.305083  
9730.72973  
9738.78769  
9741.393977  
9758.031963  
9714.694969  
9677.629355  
9714.233794  
9701.2249  
9716.199958  
9694.304186  
9716.191723  
9697.864865  
9713.914221  
9738.692884  
9675.71912  
9709.150575  
9745.432644  
9712.95199  
9757.741158  
9783.968829  
9816.597128  
9818.689084  
9824.151605  
9735.625501  
9771.847102  
9778.091718  
9761.10151  
9741.415567  
9729.920555  
9763.421849  
9787.787294  
9787.702096  
9794.541412  
9713.239231  
9731.599319  
9735.65266  
9726.635162  
9745.584222  
9714.463445  
9699.440799  
9681.738783  
9708.821474  
9710.412611  
9730.040039  
9721.652872  
9719.718512  
9763.457586  
9728.164538  
9739.485246  
9741.222551  
9743.708932  
9743.910869  
9728.926467  
9789.683303  
9765.658256  
9761.291016  
9773.975005  
9761.050069  
9750.914221  
9753.012431  
9720.512431  
9752.679978  
9753.826014  
9779.219674  
9737.644769  
9723.354756  
9725.97453  
9726.560336  
9718.632337  
9745.692779  
9670.108478  
9649.228595  
9720.113836  
9721.097234  
9742.190482  
9687.672693  
9677.665435  
9664.945629  
9679.014675  
9713.655564  
9705.658969  
9690.234322  
9701.393264  
9687.667309  
9654.017552  
9638.134264  
9660.891707  
9642.703151  
9695.575459  
9699.099715  
9688.247704  
9678.316485  
9683.654693  
9717.926256  
9707.038983  
9713.334618  
9733.17879  
9721.631414  
9702.295265  
9665.614284  
9653.866976  
9638.769267  
9700.435916  
9707.798828  
9695.540409  
9712.320576  
9727.257337  
9718.802919  
9703.328363  
9724.743718  
9738.447662  
9714.327254  
9722.19526  
9742.687315  
9751.214976  
9767.457691  
9743.878194  
9705.001293  
9709.313292  
9712.308594  
9720.03996  
9695.62368  
9714.03579  
9768.257258  
9773.107897  
9800.999235  
9818.784232  
9803.194864  
9726.339817  
9739.809993  
9781.01515  
9749.637854  
9733.334539  
9705.37207  
9699.056245  
9680.35473  
9672.857026  
9682.073084  
9705.218011  
9686.5677  
9687.611645  
9711.698057  
9675.35246  
9679.763487  
9685.625897  
9705.386191  
9712.545503  
9703.686339  
9705.085515  
9705.889939  
9738.910394  
9711.229783  
9692.83277  
9704.923696  
9707.875158  
9747.520033  
9712.966031  
9725.724451  
9737.459248  
9761.760901  
9789.696817  
9803.730522  
9757.318201  
9743.762299  
9737.512247  
9786.096363  
9760.240762  
9753.20814  
9721.414775  
9721.819204  
9755.416781  
9737.683673  
9739.891628  
9724.297957  
9671.6198  
9674.235642  
9696.171981  
9689.969067  
9681.952465  
9683.897303  
9692.324773  
9725.800808  
9731.203231  
9741.609375  
9796.194415  
9780.972603  
9769.580976  
9761.101826  
9759.647118  
9804.18977  
9801.716691  
9743.132549  
9715.149467  
9685.518845  
9725.806377  
9685.692963  
9694.769241  
9691.294447  
9718.554767  
9730.472155  
9754.865604  
9727.034206  
9737.205553  
9687.843064  
9719.437025  
9674.799989  
9696.84631  
9677.856947  
9682.823031  
9717.422931  
9735.46165  
9734.732739  
9717.207559  
9714.932696  
9694.775523  
9688.771748  
9689.986698  
9679.309649  
9709.510214  
9721.753378  
9725.211545  
9713.751504  
9744.115789  
9744.724557  
9755.051916  
9740.637405  
9762.224213  
9728.717351  
9735.357422  
9725.577016  
9711.792019  
9726.85692  
9739.49612  
9730.376821  
9758.955659  
9776.732105  
9725.450486  
9687.712574  
9684.372889  
9737.98456  
9724.555427  
9699.034127  
9734.647276  
9757.225111  
9758.919526  
9786.900443  
9808.939189  
9824.571395  
9807.478384  
9778.84668  
9760.673723  
9752.687553  
9746.695788  
9759.066617  
9781.60502  
9806.188213  
9820.633947  
9809.532332  
9801.024916  
9730.803025  
9719.433937  
9703.755015  
9746.099029  
9784.127507  
9778.251161  
9731.870935  
9684.158942  
9708.890097  
9716.665963  
9716.488941  
9683.238836  
9715.314981  
9770.63693  
9695.472577  
9710.400074  
9666.484613  
9710.90749  
9735.555136  
9704.508947  
9683.004461  
9664.25388  
9654.361275  
9692.147223  
9695.75673  
9658.542494  
9669.488255  
9689.209011  
9675.611064  
9705.997625  
9760.181641  
9737.049963  
9724.916121  
9649.569046  
9618.673195  
9647.709116  
9707.693914  
9741.267763  
9747.477433  
9739.755279  
9725.099213  
9720.644769  
9777.578864  
9760.751003  
9754.849345  
9772.054028  
9790.683435  
9792.471812  
9761.651367  
9754.116818  
9731.912426  
9711.689955  
9700.622757  
9667.857158  
