9582.987956  
9563.680768  
9524.101755  
9618.722952  
9629.969919  
9533.107348  
9553.570919  
9549.907656  
9471.011837  
9470.667747  
9445.980128  
9431.579072  
9445.777359  
9381.242173  
9395.335834  
9375.583762  
9323.801255  
9328.087713  
9316.394147  
9339.258907  
9334.412021  
9323.687811  
9324.9379  
9277.378329  
9319.678918  
9271.356963  
9283.953643  
9349.328791  
9316.512237  
9298.57703  
9333.834502  
9301.629039  
9264.194943  
9304.028764  
9322.650257  
9363.194188  
9377.478841  
9366.368475  
9410.682528  
9376.521336  
9341.5149  
9345.010091  
9335.167495  
9386.523511  
9479.609775  
9508.85208  
9516.404238  
9524.114864  
9489.429909  
9442.921801  
9396.838261  
9384.408188  
9366.019931  
9391.931404  
9402.337861  
9405.390314  
9484.43099  
9441.133922  
9496.616329  
9504.505815  
9460.598766  
9461.065326  
9459.827415  
9469.596339  
9412.74016  
9455.782789  
9443.27983  
9399.613045  
9474.03236  
9472.077666  
9453.555827  
9467.467019  
9410.816702  
9404.22529  
9403.947103  
9437.348011  
9366.42297  
9396.846576  
9389.938817  
9375.845481  
9364.728116  
9445.474698  
9444.67439  
9384.883567  
9408.669315  
9399.896839  
9368.391128  
9394.606283  
9400.373698  
9370.690267  
9346.181049  
9400.728738  
9425.458245  
9397.186405  
9401.730321  
9422.239287  
9409.610144  
9393.761719  
9349.562441  
9410.671564  
9432.842507  
9437.950891  
9440.275775  
9438.033011  
9390.317116  
9394.924746  
9443.596517  
9419.193019  
9399.594623  
9445.456528  
9480.348381  
9415.929244  
9431.694543  
9422.477495  
9400.528143  
9346.973455  
9397.845392  
9430.627915  
9413.150494  
9401.763258  
9450.774577  
9396.556404  
9399.122337  
9404.395508  
9389.926728  
9531.32342  
9514.103723  
9552.073716  
9500.176684  
9476.307588  
9466.367868  
9457.292229  
9390.437692  
9380.861062  
9449.857807  
9445.605528  
9419.452504  
9461.390595  
9458.835316  
9446.139856  
9468.092196  
9513.467773  
9531.685473  
9504.296283  
9512.851059  
9444.844727  
9355.194573  
9420.517238  
9364.338867  
9352.603175  
9406.845067  
9408.181433  
9381.141025  
9353.929436  
9396.638627  
9382.216457  
9317.07777  
9375.136556  
9395.53779  
9370.650361  
9365.508478  
9442.018836  
9413.275021  
9341.366152  
9387.15005  
9400.44879  
9318.061228  
9376.814113  
9322.23621  
9553.715095  
9520.801876  
9480.628092  
9422.168028  
9415.604315  
9408.778705  
9370.892682  
9364.834162  
9408.116684  
9426.293931  
9412.377471  
9493.700817  
9475.153379  
9440.820105  
9494.827267  
9463.328732  
9406.969712  
9436.024917  
9397.008212  
9364.075891  
9384.403335  
9373.755312  
9338.561242  
9390.40187  
9389.627308  
9402.313684  
9451.815415  
9414.59881  
9389.190459  
9404.81358  
9320.950654  
9263.836174  
9359.190977  
9362.944573  
9402.277196  
9443.342699  
9487.984375  
9525.44697  
9479.778202  
9452.720925  
9514.377308  
9489.703495  
9383.041489  
9489.633256  
9503.303445  
9472.704442  
9496.192353  
9485.766661  
9456.621626  
9504.969386  
9540.835005  
9535.056359  
9532.450121  
9575.2144  
9569.022209  
9529.466693  
9524.048281  
9547.620221  
9448.103368  
9447.230779  
9446.417185  
9341.914788  
9369.57888  
9360.077859  
9356.356105  
9355.613089  
9316.564039  
9264.111091  
9184.126613  
9214.333896  
9229.077089  
9265.268466  
9290.035704  
9308.757591  
9384.100024  
9360.156901  
9285.363755  
9331.681655  
9293.636186  
9331.691954  
9284.736017  
9336.174716  
9377.021825  
9353.538042  
9324.863592  
9392.414447  
9379.572118  
9303.372455  
9408.788116  
9426.293058  
9392.941628  
9387.857156  
9534.287302  
9496.936094  
9446.37133  
9392.151574  
9449.716427  
9436.086633  
9424.921609  
9423.112956  
9488.451571  
9496.93244  
9455.097775  
9441.345037  
9423.193996  
9429.190874  
9335.683993  
9360.819869  
9404.035097  
9420.038781  
9388.327489  
9443.731475  
9442.806759  
9349.661  
9405.401056  
9421.392933  
9371.705004  
9400.917466  
9407.242158  
9426.384144  
9365.793975  
9402.05849  
9423.809496  
9385.20459  
9364.966027  
9402.002279  
9364.78091  
9369.824663  
9389.757635  
9359.561701  
9339.412006  
9413.381762  
9409.186509  
9357.607185  
9488.790912  
9485.538855  
9460.140566  
9501.589281  
9522.404578  
9488.615663  
9505.198109  
9471.17081  
9489.196748  
9485.852805  
9551.235056  
9490.207682  
9482.680102  
9490.873165  
9418.25802  
9435.154815  
9429.187278  
9450.663737  
9398.211174  
9392.376361  
9398.99201  
9429.883612  
9378.819513  
9391.118031  
9438.204412  
9452.268052  
9461.518214  
9439.169078  
9429.897846  
9457.046209  
9350.249778  
9342.982555  
9366.92445  
9402.607836  
9341.226844  
9453.378684  
9438.336441  
9391.099461  
9415.213127  
9387.897683  
9378.750518  
9372.733546  
9400.664418  
9422.879039  
9379.493667  
9454.666593  
9473.482703  
9406.830078  
9369.002797  
9434.464888  
9476.992839  
9445.948908  
9403.977909  
9479.776589  
9398.940711  
9378.458393  
9402.594105  
9380.682632  
9410.729255  
9428.306448  
9450.20314  
9525.245916  
9479.169641  
9509.51925  
9480.30525  
9517.461367  
9474.019635  
9429.790971  
9458.718439  
9470.458629  
9462.318744  
9465.814024  
9503.482008  
9471.11846  
9369.040217  
9380.780762  
9405.690341  
9358.616063  
9352.844253  
9382.205315  
9374.258863  
9412.863414  
9393.687441  
9338.0865  
9346.345555  
9328.813565  
9294.946763  
9278.919522  
9384.047615  
9392.575787  
9386.463438  
9359.76854  
9406.915853  
9439.654696  
9459.938846  
9467.353353  
9553.620043  
9260.773142  
9552.756688  
9522.979093  
9574.879158  
9556.088838  
9575.559541  
9525.255815  
9521.851267  
9504.490782  
9525.744599  
9531.570964  
9541.931818  
9492.245221  
9406.986698  
9385.48001  
9404.137  
9297.453539  
9356.016187  
9352.765655  
9363.870369  
9345.036577  
9382.717196  
9389.461174  
9378.362024  
9392.015788  
9368.308668  
9383.030806  
9404.733975  
9327.687041  
9421.992883  
9444.634055  
9462.554702  
9442.382117  
9513.533425  
9506.231741  
9474.251036  
9467.481357  
9516.464607  
9544.53088  
9466.934067  
9495.556759  
9547.092847  
9460.448716  
9365.977214  
9381.353486  
9394.703613  
9327.891054  
9253.247588  
9346.633464  
9368.341797  
9339.444114  
9318.92479  
9399.469327  
9388.377293  
9369.531975  
9404.958393  
9379.559733  
9318.156738  
9330.824959  
9349.064261  
9374.665379  
9399.515492  
9362.286961  
9403.669863  
9456.540927  
9415.262888  
9395.822369  
9418.630637  
9499.599476  
9563.557676  
9544.339104  
9524.569854  
9560.340317  
9530.407537  
9487.690829  
9492.856194  
9511.336115  
9520.523733  
9490.18389  
9573.039462  
9499.083215  
9464.966249  
9405.556789  
9430.380489  
9356.238903  
9291.234848  
9318.581439  
9369.668058  
9368.119096  
9330.851962  
9364.971206  
9368.473633  
9322.75037  
9329.87793  
9363.379824  
9302.7645  
9357.352154  
9347.842625  
9359.774503  
9323.592315  
9383.537272  
9409.469978  
9375.934437  
9335.022387  
9394.421135  
9383.629735  
9329.419981  
9407.398645  
9420.934703  
9411.459162  
9370.547304  
9393.211026  
9421.991063  
9346.790572  
9368.733857  
9440.273112  
9410.903631  
9383.628048  
9386.063551  
9460.53819  
9507.453184  
9596.369037  
9541.126909  
9540.254838  
9550.230898  
9557.722627  
9529.048976  
9437.154001  
9493.353249  
9543.618845  
9450.243564  
9489.172511  
9546.696156  
9496.064616  
9492.568848  
9500.21039  
9508.641483  
9487.295351  
9489.266468  
9465.998313  
9453.158795  
9372.606564  
9409.371952  
9394.307366  
9355.781842  
9321.337299  
9324.327533  
9349.729477  
9355.921046  
9281.98948  
9392.351592  
9358.038441  
9302.825343  
9243.187248  
9305.883108  
9325.038145  
9316.250104  
9313.521854  
9396.272387  
9376.952326  
9321.346961  
9325.32012  
9374.131274  
9409.335183  
9329.926832  
9436.68025  
9421.836544  
9391.700684  
9398.655525  
9414.494451  
9345.191288  
9337.58252  
9344.50688  
9359.208688  
9365.009854  
9344.692102  
9335.17112  
9326.688817  
9319.257383  
9336.438107  
9375.358828  
9368.212876  
9368.34011  
9433.622366  
9445.30229  
9413.063832  
9472.737941  
9467.731786  
9530.228131  
9525.800293  
9514.664995  
9532.574234  
9543.667185  
9462.807602  
9468.051107  
9524.789714  
9537.526234  
9455.816406  
9445.268614  
9471.969845  
9407.75145  
9329.449189  
9389.200062  
9388.73658  
9343.226415  
9344.194898  
9412.250148  
9429.153779  
9343.231149  
9425.86957  
9438.93457  
9355.186908  
9409.44552  
9387.660423  
9385.789699  
9397.537612  
9384.956351  
9337.779889  
9406.760639  
9458.252767  
9432.712669  
9381.272594  
9392.834428  
9423.028794  
9406.328095  
9358.847449  
9382.354285  
9432.457712  
9486.365205  
9404.911044  
9395.810872  
9398.216679  
9405.563403  
9343.384085  
9401.760121  
9435.124408  
9398.453598  
9390.103723  
9419.826039  
9440.83687  
9517.766883  
9498.282079  
9499.621079  
9518.721798  
9531.399237  
9484.513228  
9486.387163  
9463.277862  
9364.944602  
9445.327089  
9377.867794  
9342.03816  
9345.880534  
9407.89243  
9424.794374  
9415.191673  
9457.34082  
9479.824944  
9483.892992  
9452.40113  
9535.440652  
9484.664373  
9402.448257  
9405.364199  
9440.067176  
9446.864539  
9298.426506  
9342.450432  
9424.564571  
9358.557736  
9401.318729  
9367.981031  
9422.690371  
9466.347212  
9429.30812  
9472.37497  
9474.300323  
9438.285792  
9445.99417  
9481.278202  
9459.444144  
9407.94259  
9409.387  
9461.511674  
9569.491315  
9583.079057  
9573.794212  
9472.867572  
9468.995827  
9445.024518  
9409.277211  
9336.92408  
9333.451645  
9365.371345  
9391.677586  
9434.365057  
9438.5803  
9412.275627  
9363.684866  
9412.90992  
9406.683771  
9334.998683  
9382.42513  
9379.28961  
9360.276708  
9339.640329  
9340.368741  
9340.044685  
9312.809334  
9332.892253  
9350.943241  
9335.37827  
9289.209384  
9342.83138  
9313.750651  
9324.96878  
9300.676151  
9351.874734  
9337.084029  
9343.039447  
9344.196407  
9356.581217  
9375.777906  
9364.195623  
9429.88629  
9433.198287  
9390.525894  
9397.600645  
9413.264367  
9434.262281  
9360.605513  
9341.878965  
9374.580448  
9416.984686  
9436.692398  
9413.162302  
9476.000207  
9516.483724  
9484.055383  
9575.993667  
9507.825846  
9525.354655  
9508.348751  
9415.509411  
9392.213704  
9396.51638  
9363.48112  
9398.875962  
9436.143643  
9441.782301  
9456.928755  
9434.624349  
9417.437174  
9460.472997  
9475.073079  
9424.326616  
9438.537435  
