10897.72333  
10834.0685  
10846.97632  
10904.33738  
10957.71071  
10942.64392  
10902.92664  
10854.01461  
10833.75201  
10753.2723  
10772.56181  
10774.90953  
10742.69035  
10742.75623  
10791.73303  
10827.45201  
10872.1837  
10849.03137  
10857.84987  
10836.36377  
10835.08339  
10835.43113  
10819.63755  
10818.15277  
10823.51357  
10815.76815  
10832.72961  
10826.63924  
10840.57389  
10843.78678  
10829.72919  
10802.09556  
10817.92995  
10819.29956  
10837.81095  
10834.20223  
10862.43042  
10875.51613  
10852.51398  
10829.17301  
10857.62282  
10883.73661  
10833.28953  
10871.17741  
10872.38257  
10862.58337  
10881.79159  
10865.05566  
10838.13236  
10870.06997  
10843.73474  
10830.80442  
10841.08006  
10844.37203  
10817.75759  
10801.93675  
10829.37199  
10810.92539  
10816.90627  
10814.17175  
10819.15328  
10831.06494  
10820.65816  
10878.26939  
10806.99951  
10860.8702  
10914.76302  
10875.60354  
10891.08757  
10897.22447  
10897.25269  
10875.04555  
10873.08034  
10866.33518  
10840.53843  
10853.6224  
10883.09739  
10851.26001  
10853.02122  
10864.80412  
10838.54384  
10783.73452  
10828.05251  
10815.47164  
10794.18205  
10844.23851  
10848.98881  
10824.10136  
10849.47915  
10878.60958  
10760.76229  
10775.86287  
10840.1416  
10916.84153  
10849.61025  
10853.11379  
10875.07229  
10863.95294  
10759.88517  
10777.05564  
10802.61969  
10804.01758  
10852.97772  
10879.29148  
10841.18337  
10831.61322  
10841.41758  
10807.37311  
10813.32048  
10860.98741  
10828.73399  
10848.82666  
10901.63662  
10916.74884  
10850.72778  
10855.57399  
10889.69297  
10819.29431  
10819.66557  
10860.9695  
10812.3775  
10803.36912  
10836.64187  
10805.56179  
10764.78544  
10816.25043  
10812.80878  
10779.37258  
10811.62531  
10864.58364  
10832.24377  
10887.37787  
10930.76333  
10922.73627  
10845.95536  
10866.46493  
10859.24986  
10817.20113  
10818.34035  
10852.54838  
10846.16178  
10858.33923  
10828.42719  
10822.6591  
10846.12252  
10833.96309  
10811.14758  
10798.81887  
10800.78172  
10863.8914  
10864.34595  
10841.67379  
10874.37925  
10850.26766  
10833.23889  
10857.69242  
10818.61727  
10796.7513  
10826.21967  
10788.0377  
10796.84082  
10804.17955  
10835.03564  
10779.69043  
10806.42273  
10821.03729  
10798.84694  
10798.66982  
10816.49717  
10855.33972  
10816.85345  
10815.74048  
10890.06984  
10921.86271  
10888.77806  
10944.80373  
10973.80609  
10896.88877  
10843.87148  
10860.04047  
10868.52476  
10807.78965  
10859.34212  
10860.86322  
10820.91064  
10840.88523  
10820.07709  
10819.62944  
10806.46639  
10814.32872  
10804.93675  
10809.02594  
10877.33417  
10834.01501  
10846.1143  
10862.97264  
10819.7195  
10831.56183  
10826.75568  
10839.37968  
10788.85809  
10815.61686  
10807.5647  
10799.34338  
10883.92434  
10861.57863  
10848.70591  
10844.59501  
10847.91547  
10856.16005  
10854.79999  
10839.15442  
10898.84074  
10819.57666  
10796.44029  
10787.53656  
10776.92997  
10818.04801  
10814.22534  
10825.89158  
10823.12496  
10843.44253  
10826.57058  
10811.05265  
10801.36228  
10783.65824  
10817.31032  
10849.00035  
10830.77445  
10792.69423  
10832.04773  
10859.23242  
10858.99021  
10841.35555  
10857.23667  
10852.96407  
10832.82992  
10870.61823  
10874.43675  
10876.74215  
10850.96857  
10880.76424  
10873.70453  
10847.72589  
10864.78353  
10849.4246  
10808.64614  
10829.80937  
10851.65253  
10851.12528  
10868.45878  
10851.95123  
10890.5532  
10850.27673  
10895.59094  
10908.34772  
10856.56317  
10811.40767  
10876.29313  
10842.08185  
10852.23629  
10842.46301  
10892.75218  
10865.80434  
10828.10221  
10837.45111  
10843.83317  
10822.23897  
10822.56128  
10833.87897  
10899.59989  
10892.55729  
10839.17167  
10808.86517  
10741.31114  
10777.77279  
10774.49044  
10779.80615  
10797.45927  
10819.92306  
10819.80306  
10828.5589  
10825.92167  
10809.05166  
10775.4373  
10767.13979  
10764.94637  
10783.33425  
10803.61351  
10802.00126  
10814.61816  
10847.64396  
10875.49329  
10854.47434  
10881.53623  
10832.16392  
10860.07379  
10888.21438  
10848.30601  
10876.82766  
10879.12797  
10886.64024  
10865.79836  
10865.32992  
10860.87065  
10854.96641  
10863.95937  
10888.90837  
10876.91325  
10912.05922  
10933.659  
10923.12378  
10971.96726  
10931.29189  
10865.56972  
10852.83978  
10849.74198  
10792.44342  
10768.39628  
10794.605  
10771.84283  
10786.68762  
10802.24225  
10831.16152  
10822.88772  
10808.95728  
10834.83089  
10825.60087  
10834.45197  
10832.2951  
10804.49141  
10821.33775  
10810.85866  
10773.90926  
10792.34825  
10825.56667  
10797.20152  
10768.81193  
10805.90279  
10847.07815  
10802.61666  
10823.40442  
10815.48735  
10809.5226  
10814.37931  
10817.64532  
10873.43526  
10835.93654  
10878.50922  
10880.29974  
10812.56266  
10816.48472  
10822.04484  
10794.31317  
10793.25366  
10808.03581  
10834.31942  
10848.76569  
10837.27045  
10810.9398  
10812.94773  
10802.75926  
10841.30223  
10854.67828  
10829.76394  
10822.89996  
10842.33443  
10815.43166  
10784.44474  
10848.55522  
10874.66797  
10857.69792  
10848.19906  
10878.34875  
10859.38702  
10876.6755  
10916.1625  
10903.04008  
10898.09458  
10870.9054  
10840.05542  
10802.99526  
10835.50861  
10810.2205  
10834.51947  
10840.25694  
10819.03186  
10855.03312  
10902.40568  
10876.68256  
10891.18744  
10875.7267  
10858.05406  
10874.04974  
10885.87644  
10916.91996  
10866.80288  
10880.09072  
10875.66107  
10883.29213  
10882.56868  
10879.36106  
10877.42175  
10835.97831  
10881.98808  
10864.71895  
10856.21608  
10822.35103  
10832.0306  
10864.35258  
10847.73248  
10812.43953  
10805.44486  
10817.034  
10844.87724  
10835.19745  
10834.45866  
10825.03451  
10821.49687  
10820.52441  
10810.98181  
10820.05214  
10815.81146  
10828.66504  
10836.81655  
10831.13489  
10835.51031  
10843.30792  
10837.15308  
10872.89347  
10865.66947  
10830.50594  
10843.70514  
10807.88045  
10790.56848  
10821.43227  
10844.87396  
10826.36062  
10836.08215  
10832.55707  
10822.74237  
10834.33885  
10831.64032  
10861.85632  
10788.8929  
10839.66921  
10832.17708  
10800.7017  
10833.40088  
10844.54604  
10838.52494  
10871.32483  
10871.8337  
10830.72862  
10815.81702  
10814.40562  
10799.97951  
10813.40981  
10786.54315  
10846.7688  
10831.9597  
10811.32939  
10813.54104  
10821.10193  
10802.2453  
10810.89789  
10859.06032  
10880.48079  
10848.13717  
10842.82701  
10850.73045  
10833.81427  
10800.02873  
10821.36491  
10841.77185  
10830.78544  
10793.58051  
10864.50559  
10853.22148  
10817.79777  
10830.70439  
10860.6259  
10840.09554  
10812.13574  
10843.07896  
10857.07157  
10803.31891  
10770.19029  
10811.43656  
10794.18103  
10817.46844  
10820.85891  
10831.82328  
10826.20133  
10815.09106  
10853.70144  
10828.7196  
10834.08185  
10800.38908  
10864.88938  
10878.14276  
10853.71375  
10785.98714  
10872.47227  
10854.9424  
10860.06508  
10836.20479  
10858.43795  
10872.0823  
10884.40493  
10840.9468  
10871.2277  
10838.27079  
10809.18091  
10815.60435  
10807.39038  
10833.88804  
10828.33144  
10813.73228  
10842.94314  
10811.50771  
10835.55284  
10862.9045  
10855.73029  
10815.14616  
10791.71126  
10863.66522  
10835.28168  
10804.15491  
10825.67824  
10840.54881  
10800.76432  
10773.45809  
10840.58183  
10825.21739  
10834.17603  
10846.72461  
10845.18388  
10834.29502  
10796.55615  
10868.1318  
10898.07733  
10844.10482  
10793.28676  
10866.88456  
10876.47164  
10831.13704  
10877.88548  
10908.7914  
10923.21259  
10859.33278  
10890.5557  
10900.96322  
10868.61351  
10821.45046  
10866.03361  
10926.64545  
10845.58276  
10816.37677  
10839.52818  
10870.54427  
10828.84985  
10858.20656  
10894.06272  
10891.43199  
10892.51314  
10878.7255  
10896.78947  
10871.28774  
10794.052  
10854.77635  
10853.48881  
10806.08748  
10820.4504  
10851.85187  
10834.48228  
10783.91282  
10789.97062  
10812.17617  
10812.35272  
10808.31352  
10759.84827  
10809.07886  
10850.14109  
10844.9009  
10849.98928  
10825.18502  
10878.92523  
10878.58053  
10884.18294  
10830.60451  
10806.99731  
10902.19757  
10903.31962  
10815.66992  
10834.9019  
10901.34737  
10932.25529  
10881.78208  
10793.87946  
10822.36729  
10875.46645  
10877.68526  
10831.57284  
10772.93103  
10844.60382  
10844.5887  
10764.08496  
10774.90851  
10824.83427  
10781.572  
10796.21814  
10840.00486  
10837.72577  
10784.98212  
10799.63015  
10811.86094  
10821.69375  
10801.0448  
10844.15733  
10857.27374  
10876.47909  
10817.86261  
10856.34426  
10884.66148  
10870.23364  
10802.46537  
10785.7334  
10852.43298  
10838.09497  
10802.24416  
10888.43866  
10879.849  
10853.4479  
10872.75165  
10866.06492  
10850.52492  
10868.8834  
10835.42686  
10847.30642  
10856.07479  
10848.52604  
10819.04059  
10884.39827  
10840.56421  
10848.67973  
10858.81134  
10873.03298  
10846.547  
10839.62417  
10884.98035  
10899.17287  
10814.94928  
10864.19352  
10897.89858  
10902.6922  
10881.47668  
10845.36572  
10856.67841  
10878.3598  
10839.26512  
10839.11318  
10866.6154  
10870.92065  
10800.32023  
10828.55601  
10834.1189  
10852.7986  
10832.78446  
10820.47325  
10840.10048  
10873.98533  
10831.63481  
10812.85236  
10799.95601  
10830.20477  
10843.75938  
10809.08199  
10798.96608  
10849.23698  
10853.9471  
10892.11385  
10844.01672  
10846.37795  
10821.68911  
10826.36381  
10829.12697  
10792.89152  
10814.0697  
10869.33875  
10834.44122  
10821.25517  
10831.13672  
10868.73145  
10879.32021  
10857.37185  
10827.49174  
10825.54185  
10833.03845  
10803.22915  
10774.28668  
10845.99369  
10888.46519  
10859.61009  
10861.61233  
10896.28465  
10854.45998  
10834.88328  
10779.90896  
10817.2738  
10849.43976  
10839.03701  
10846.72925  
10845.49986  
10845.4114  
10831.39034  
10849.57037  
10827.01737  
10843.09314  
10822.77991  
10866.44604  
10919.91762  
10900.18549  
10825.75724  
10808.9458  
10852.79264  
10875.63906  
10819.00995  
10825.5151  
10834.67704  
10878.72323  
10856.32393  
10850.86922  
10849.98326  
10781.26603  
10764.59802  
10827.53638  
