7885.947295  
7868.192396  
7788.955985  
7842.280752  
7839.96781  
7892.940832  
7847.662947  
7859.873954  
7860.211066  
7818.963943  
7851.727176  
7830.729367  
7851.418322  
7879.543417  
7877.614258  
7877.146765  
8011.729505  
7989.731419  
7874.405979  
7801.045832  
7904.485992  
7938.42722  
7961.725424  
7977.837171  
7907.374799  
7904.403198  
7918.786479  
7930.526931  
7982.667926  
7946.659543  
7970.698919  
7934.949354  
7951.209393  
7962.190539  
7947.246236  
7922.170512  
7951.767585  
7967.868177  
7936.754688  
7921.580332  
7929.047594  
7964.264797  
7958.541425  
7968.413561  
7924.5226  
7925.261395  
7905.440116  
7954.838353  
7859.083922  
7863.101777  
7880.619533  
7910.211617  
7915.050471  
7896.543094  
7922.048924  
7885.928942  
7869.914379  
7862.881588  
7874.189146  
7908.848448  
7930.840801  
7900.53285  
7892.375762  
7854.680558  
7869.36661  
7873.557908  
7858.799551  
7869.416725  
7839.244678  
7845.694907  
7924.363255  
7854.456134  
7880.24585  
7864.69944  
7893.982524  
7838.890777  
7877.932908  
7894.594515  
7888.698674  
7834.179747  
7866.556449  
7861.742432  
7873.554252  
7853.059649  
7796.399767  
7823.031659  
7811.630559  
7815.082856  
7837.798257  
7812.505731  
7803.631285  
7817.420328  
7776.54767  
7829.498106  
7807.673587  
7782.300969  
7824.406435  
7803.718107  
7932.848676  
7976.242412  
7977.855106  
7963.690351  
7919.632281  
7941.550029  
7958.066947  
7982.460281  
7932.988106  
7951.350774  
7936.889902  
7922.755117  
7928.681749  
7953.688071  
7941.826446  
7932.171024  
7932.512702  
7939.863905  
7943.86207  
7917.597105  
7914.395089  
7891.056261  
7913.314605  
7907.111797  
7886.356802  
7865.806654  
7902.164251  
7852.053338  
7878.688265  
7890.860533  
7889.323051  
7931.154703  
7899.060982  
7900.646808  
7899.712102  
7893.579633  
7864.11471  
7878.299145  
7873.183581  
7847.030871  
7869.973814  
7829.267093  
7796.347445  
7807.237094  
7831.953782  
7835.799597  
7841.587115  
7788.971135  
7810.057921  
7800.130694  
7833.8341  
7826.321048  
7843.540049  
7834.336746  
7778.935313  
7778.100721  
7820.887095  
7825.303731  
7806.769257  
7779.230479  
7808.400044  
7821.635478  
7779.47132  
7812.164858  
7790.278617  
7814.474138  
7853.72934  
7893.886577  
7941.851866  
7990.913234  
7942.618022  
7937.49613  
7891.918444  
7869.773619  
7923.381064  
7926.173181  
7911.1572  
7945.462818  
7937.320402  
7940.053302  
7944.951795  
7938.692211  
7955.243949  
7975.352559  
7963.014959  
7961.134294  
7931.346884  
7959.355927  
7927.385811  
7937.269488  
7915.060527  
7898.76671  
7956.101724  
7967.295832  
7909.018057  
7918.000172  
7947.284285  
7909.623855  
8000.353925  
7917.150031  
7912.984085  
7929.410156  
7923.400806  
7907.825311  
7966.084512  
7904.430245  
7930.846459  
7912.633083  
7963.284068  
7979.352387  
7944.790564  
7943.418863  
7973.810445  
7897.184785  
7930.196814  
7893.138675  
7910.478351  
7910.157484  
7933.239756  
7934.200436  
7999.166055  
7972.439796  
7925.796311  
7925.914287  
7951.038525  
7871.425181  
7919.384891  
7905.442455  
7891.182881  
7867.152726  
7919.045163  
7859.025688  
7954.483841  
7922.413865  
7899.910377  
7921.336201  
7968.685022  
7921.940786  
7901.100464  
7893.16399  
7885.938447  
7876.509406  
7939.532068  
7857.059699  
7890.036614  
7900.513801  
7854.885092  
7879.467843  
7838.782741  
7861.011963  
7836.584499  
7848.007047  
7870.037119  
7813.842071  
7856.69685  
7878.745091  
7892.280735  
7869.180301  
7865.396013  
7867.922109  
7877.996364  
7888.003114  
7840.021415  
7844.614142  
7885.996259  
7840.540072  
7822.352005  
7887.891084  
7896.940354  
7896.511877  
7897.272929  
7891.328656  
7916.252349  
7932.674168  
7976.700238  
7933.609398  
8011.458476  
7984.920417  
7920.189466  
7929.826347  
7943.799478  
7898.75326  
7926.164013  
7904.017509  
7915.986427  
7876.358266  
7927.033955  
7928.486595  
7903.681436  
7890.188876  
7899.230482  
7898.455811  
7924.369494  
7911.764213  
7934.3541  
7909.270755  
7919.839544  
7906.503837  
7932.834443  
7919.956543  
7896.668299  
7863.917144  
7828.528066  
7877.724474  
7881.23837  
7894.272679  
7908.093519  
7970.060273  
7911.613756  
7937.768433  
7927.341942  
7892.147095  
7951.244447  
7952.001937  
7973.422647  
7872.399757  
7935.528436  
7909.610457  
7918.133667  
7862.456032  
7862.175323  
7826.669625  
7828.562909  
7820.726988  
7858.412621  
7831.354931  
7839.392416  
7875.349085  
7870.183663  
7891.913663  
7914.685125  
7856.898309  
7900.063206  
7751.118042  
7872.106924  
7880.324892  
7862.945953  
7802.262685  
7865.641526  
7855.193112  
7851.495602  
7858.592087  
7941.008931  
7865.779907  
7932.773642  
7941.768895  
7942.142849  
7884.285908  
7870.217747  
7823.056548  
7853.098234  
7885.726424  
7882.816449  
7895.568191  
7923.471452  
7892.547192  
7923.116785  
7887.266763  
7947.059399  
7903.514632  
7915.8582  
7923.431166  
7944.327683  
7864.233606  
7930.440776  
7955.528983  
7863.121628  
7911.743134  
7919.475157  
7915.962155  
7872.823321  
7853.192835  
7913.054625  
7878.25417  
7870.083067  
7893.617626  
7850.249538  
7862.288492  
7926.466764  
7925.044833  
7895.393687  
7942.408266  
7847.919638  
7894.305624  
7909.531016  
7820.690044  
7883.900948  
7849.829217  
7971.855231  
7875.300481  
7994.923274  
7956.423426  
7917.820111  
7927.829821  
7945.551312  
7917.383535  
7894.235348  
7859.717061  
7879.146818  
7880.593496  
7893.77194  
7853.426778  
7888.836066  
7911.301596  
7933.74099  
7894.426629  
7954.272873  
7782.06091  
7830.177055  
7774.182416  
7790.027416  
7937.048412  
7858.285229  
7831.536436  
7897.633997  
7885.613763  
7855.671763  
7871.15724  
7843.439941  
7856.306581  
7853.373515  
7840.832216  
7985.565746  
8017.135739  
7981.517304  
7930.979317  
7887.67461  
7926.615706  
7928.075558  
7946.196035  
7969.420667  
7972.122298  
7957.965593  
7992.804958  
7984.259112  
7987.264767  
7981.208216  
7956.00673  
7903.242692  
7937.926484  
7893.966022  
7956.787921  
7977.658998  
7973.889919  
7984.656689  
7962.023005  
7973.844618  
7990.110678  
7963.726873  
7958.755077  
7941.108082  
7989.74747  
7960.396098  
7925.531742  
7927.798699  
7900.418038  
7936.113737  
7935.875096  
7895.502956  
7926.152327  
7917.458318  
7897.577653  
7886.271732  
7934.513612  
7955.729228  
7930.959347  
7948.98485  
7911.295856  
7850.255417  
7914.524744  
7861.828363  
7921.003095  
7854.116673  
7864.30476  
7827.115419  
7849.098171  
7912.39597  
7876.792797  
7885.52734  
7894.050887  
7881.873308  
7914.653647  
7908.482399  
7887.755929  
7900.052398  
7873.731191  
7860.117659  
7892.40208  
7885.170278  
7900.048214  
7860.870539  
7875.446896  
7898.2413  
7904.655735  
7949.749307  
7904.17975  
7947.748845  
7947.751204  
7912.260303  
7897.439433  
7884.655521  
7934.362216  
7952.234002  
7896.647312  
7877.152621  
7924.753787  
7907.373964  
7897.035001  
7941.454682  
7884.634733  
7938.165979  
7942.952854  
7934.456916  
7921.840744  
8078.992732  
8044.095815  
8059.804064  
7973.682215  
7979.22162  
7926.099062  
7966.252276  
7919.00451  
7976.510877  
7960.956414  
7991.094479  
7969.506351  
7939.705362  
8019.625653  
7942.556396  
7943.396405  
7947.930842  
7942.217463  
7916.664861  
7894.702528  
7905.933755  
7879.817706  
7954.197655  
7917.113212  
7897.615802  
7920.36276  
7891.059518  
7916.764097  
7898.24806  
7872.983824  
7815.485893  
7915.123136  
7894.659892  
7861.883858  
7940.099253  
7941.547182  
7910.853044  
7875.017842  
7890.803058  
7887.722425  
7817.933343  
7887.933726  
7866.042899  
7864.025156  
7885.794711  
7877.275602  
7823.877194  
7899.739476  
7919.453306  
7831.211891  
7891.617514  
7875.55797  
7889.543879  
7912.156999  
7917.311962  
7866.248865  
7878.006753  
7869.214379  
7846.121635  
7843.222547  
7885.642727  
7841.654402  
7892.976965  
7886.108191  
7812.792645  
7868.068109  
7902.303176  
7845.367682  
7851.800498  
7858.765549  
7852.659592  
7883.371328  
7859.511808  
7861.624027  
7861.227259  
7843.831134  
7880.606244  
7850.352341  
7836.047182  
7848.836083  
7880.548337  
7911.920334  
7886.638391  
7866.246051  
7808.033711  
7833.643895  
7855.8798  
7837.066802  
7822.075736  
7865.605686  
7844.82953  
7797.696299  
7882.378778  
7857.182086  
7790.305954  
7859.727005  
7814.375798  
7853.540547  
7820.078659  
7815.771699  
7791.507426  
7782.734233  
7844.686926  
7816.243398  
7854.162977  
7833.38664  
7800.950284  
7841.864439  
7841.784292  
7844.573678  
7825.263091  
7848.195266  
7848.36022  
7825.03672  
7787.929104  
7872.220611  
7872.929265  
7882.717444  
7854.274295  
7888.187569  
7854.662208  
7836.629183  
7885.402809  
7891.98679  
7885.316353  
7923.421578  
7881.129335  
7890.228298  
7838.345865  
7865.442736  
7843.759809  
7809.770712  
7853.510854  
7810.045621  
7902.481472  
7882.198895  
7859.830801  
7931.830834  
7883.46042  
7911.788323  
7855.611863  
7879.309089  
7881.989179  
7889.432419  
7912.325466  
7858.404861  
7851.195091  
7881.992867  
7950.733827  
7895.871813  
7905.355548  
7948.667573  
7932.237298  
7910.195784  
7910.308323  
7928.210175  
7851.54158  
7903.245539  
7904.798983  
7867.899117  
7899.722831  
7888.080946  
7867.969136  
7881.185982  
7907.742283  
7898.123977  
7908.833216  
7921.22845  
7894.77448  
7842.509066  
7888.459136  
7882.703462  
7918.036832  
7952.688368  
7894.23583  
7887.15847  
7894.409694  
7896.309059  
7907.624324  
7940.197332  
7928.636775  
7907.689489  
7922.163248  
7917.257027  
7907.019726  
7958.496453  
7917.009284  
7886.514253  
7898.623327  
7890.478559  
7868.326875  
7894.211551  
7875.656491  
7861.303879  
