10492.29924  
10422.67375  
10463.02295  
10475.85029  
10436.84139  
10397.28236  
10384.09001  
10368.22941  
10311.49702  
10298.74319  
10288.18517  
10285.96788  
10290.3269  
10327.99189  
10319.81177  
10309.7666  
10281.25203  
10308.43587  
10292.9174  
10318.25157  
10321.05794  
10328.6894  
10293.87926  
10289.2006  
10293.21853  
10344.00868  
10337.46853  
10319.6878  
10328.20671  
10341.52474  
10325.16851  
10349.57701  
10333.45785  
10310.34299  
10235.63013  
10289.48364  
10330.18104  
10319.88862  
10345.52865  
10338.99143  
10357.06245  
10358.87994  
10353.92917  
10327.11656  
10302.66181  
10330.7491  
10327.70101  
10290.01107  
10296.21539  
10293.62438  
10306.48299  
10351.08618  
10321.98606  
10315.14773  
10309.65025  
10326.58027  
10312.42285  
10338.58249  
10332.43492  
10302.96387  
10356.38113  
10299.10845  
10338.93975  
10304.80306  
10300.88194  
10285.54058  
10282.04259  
10331.35232  
10355.45679  
10378.88097  
10321.63791  
10298.53014  
10321.38707  
10365.58686  
10402.64985  
10319.11664  
10312.25195  
10323.9688  
10291.65991  
10370.95936  
10385.59248  
10402.49807  
10377.66924  
10403.48009  
10365.92019  
10305.24335  
10325.68704  
10359.85384  
10345.53087  
10305.00016  
10278.89933  
10307.97727  
10370.57902  
10364.9181  
10329.3345  
10301.61136  
10297.04009  
10299.27254  
10359.6355  
10345.68541  
10260.33995  
10302.27346  
10307.62031  
10271.74531  
10262.33065  
10256.47154  
10272.43354  
10313.65942  
10329.18831  
10285.2847  
10263.78697  
10211.98961  
10265.37714  
10287.0918  
10276.74463  
10269.19933  
10243.50499  
10284.10183  
10342.89689  
10359.1547  
10395.64988  
10336.87622  
10323.17885  
10350.12272  
10387.15072  
10335.59459  
10340.70917  
10319.78768  
10328.04178  
10336.91211  
10321.96748  
10305.09074  
10338.48505  
10318.39054  
10364.53141  
10371.32788  
10369.49398  
10384.52889  
10384.80062  
10377.99135  
10355.68354  
10357.61849  
10323.64434  
10313.21449  
10315.82221  
10277.97846  
10295.87823  
10287.56475  
10296.82834  
10323.31074  
10319.02146  
10322.05268  
10321.98394  
10315.91029  
10352.29283  
10374.98389  
10387.00136  
10310.77455  
10303.24772  
10308.35848  
10325.00754  
10312.40044  
10327.61043  
10351.18216  
10380.00146  
10371.0347  
10342.5443  
10354.16406  
10371.77167  
10350.50157  
10341.87576  
10318.73893  
10266.99455  
10279.95695  
10319.38232  
10382.50144  
10363.8144  
10366.82826  
10307.27165  
10309.66024  
10297.11863  
10296.4082  
10279.60267  
10313.08778  
10276.76682  
10301.15386  
10310.75901  
10304.52371  
10322.456  
10331.36797  
10335.70223  
10324.9927  
10328.29291  
10365.58504  
10347.34456  
10378.08854  
10348.79473  
10342.79476  
10327.85552  
10331.51272  
10357.2149  
10402.14594  
10390.70795  
10383.7883  
10432.47046  
10364.26991  
10377.33268  
10352.60116  
10351.33984  
10312.77211  
10305.98052  
10327.03838  
10331.37633  
10345.47629  
10367.859  
10392.94434  
10383.37489  
10374.17782  
10340.17917  
10359.06003  
10330.20901  
10347.4005  
10277.02821  
10309.03931  
10331.9212  
10316.47073  
10285.0867  
10319.79994  
10325.44914  
10348.41249  
10303.94762  
10294.24224  
10321.75738  
10327.19567  
10362.957  
10389.0644  
10387.83195  
10344.98934  
10355.09608  
10332.11149  
10316.02018  
10347.1428  
10317.96422  
10324.76562  
10328.05444  
10296.94664  
10329.2187  
10307.07587  
10323.67594  
10301.03499  
10346.08024  
10332.55528  
10358.85162  
10351.43783  
10397.20955  
10429.80534  
10415.18424  
10399.71406  
10342.00689  
10338.11491  
10321.22342  
10351.43731  
10378.32376  
10389.31017  
10336.60289  
10305.82772  
10320.97765  
10337.64062  
10353.69854  
10381.50307  
10373.97382  
10317.89627  
10301.27658  
10291.00345  
10270.90424  
10311.04172  
10298.84014  
10348.06356  
10357.73945  
10338.93324  
10299.58398  
10305.93311  
10286.83857  
10327.55515  
10340.26465  
10362.13631  
10356.61936  
10355.28871  
10372.80111  
10322.63154  
10290.10362  
10313.6352  
10326.66376  
10368.48722  
10308.54549  
10371.1295  
10352.64057  
10327.41089  
10319.53836  
10300.57086  
10309.34353  
10317.50732  
10355.22209  
10330.19309  
10326.21984  
10352.32048  
10382.30273  
10368.69165  
10328.52216  
10281.20546  
10272.54004  
10314.10444  
10307.9965  
10293.00743  
10312.5447  
10315.2302  
10326.42931  
10362.98134  
10343.09847  
10328.60224  
10317.29308  
10339.0982  
10280.14733  
10306.75399  
10342.74886  
10361.83884  
10358.91007  
10347.83  
10323.38276  
10329.57601  
10376.59521  
10402.22786  
10421.33724  
10411.05225  
10386.34521  
10372.02091  
10345.22597  
10339.95158  
10343.95972  
10330.37429  
10321.51232  
10347.50388  
10331.41249  
10335.44181  
10332.47163  
10342.59478  
10386.54565  
10410.59611  
10411.28198  
10351.876  
10338.10116  
10302.24192  
10310.12055  
10311.15009  
10327.10034  
10367.65514  
10403.6706  
10393.07248  
10384.31193  
10366.30496  
10378.20888  
10360.54975  
10360.03529  
10386.21663  
10383.8351  
10368.11488  
10315.58228  
10293.19363  
10279.56782  
10327.89459  
10339.54468  
10337.00149  
10321.12023  
10326.35088  
10319.85539  
10337.98861  
10368.04639  
10352.15348  
10347.95817  
10325.24382  
10324.36863  
10352.04462  
10324.03665  
10360.79999  
10348.09446  
10361.11415  
10365.78139  
10354.78445  
10356.90172  
10368.64925  
10357.30287  
10357.01183  
10336.07142  
10306.85734  
10289.56405  
10317.52596  
10316.74284  
10338.03437  
10370.78765  
10376.98923  
10358.9072  
10390.04736  
10376.24002  
10377.12831  
10400.45722  
10389.32593  
10430.99075  
10437.29348  
10403.23598  
10408.40177  
10352.91789  
10315.91726  
10317.27998  
10301.33011  
10301.52271  
10287.15389  
10315.31106  
10341.33911  
10370.7828  
10360.70749  
10342.19957  
10330.83162  
10278.16976  
10311.58407  
10349.95578  
10298.93593  
10340.13406  
10374.55515  
10406.73619  
10403.69548  
10390.18026  
10371.77837  
10344.27886  
10363.50168  
10312.07913  
10326.07045  
10327.5329  
10325.61293  
10319.34972  
10298.10794  
10299.44363  
10272.17461  
10293.47963  
10283.85699  
10277.37348  
10270.51053  
10244.29074  
10273.00285  
10277.92996  
10301.19301  
10339.78244  
10340.36846  
10324.73196  
10339.42773  
10345.81934  
10329.41886  
10319.65573  
10320.35075  
10321.62885  
10303.33434  
10320.73684  
10328.11011  
10383.02254  
10368.10132  
10364.24004  
10359.29178  
10297.7723  
10291.25849  
10291.4911  
10303.29159  
10312.40641  
10323.28394  
10344.43221  
10314.54126  
10294.42963  
10333.61792  
10276.29438  
10318.8973  
10284.49981  
10296.52016  
10253.60813  
10287.78979  
10307.60105  
10348.42079  
10361.83881  
10364.65025  
10381.49083  
10337.91059  
10294.97776  
10291.24143  
10295.61732  
10320.05998  
10358.37967  
10383.53768  
10400.84928  
10328.91507  
10335.79408  
10359.35181  
10376.20744  
10385.87644  
10330.76937  
10311.10677  
10308.48728  
10295.95058  
10367.2427  
10364.1706  
10338.76354  
10338.0737  
10372.76744  
10415.6731  
10406.72301  
10388.59106  
10408.48798  
10380.0061  
10334.00543  
10297.46514  
10323.66933  
10299.82869  
10310.89247  
10331.28035  
10311.86811  
10304.89969  
10305.01099  
10295.90012  
10330.99517  
10351.06961  
10372.03033  
10382.9484  
10308.67345  
10313.74354  
10301.39581  
10300.11795  
10323.16604  
10334.32899  
10319.55306  
10331.69306  
10328.61287  
10337.10824  
10376.265  
10360.00537  
10391.14922  
10342.92399  
10367.44952  
10399.72173  
10374.8763  
10437.68731  
10406.91314  
10392.62668  
10369.91813  
10315.86979  
10342.01693  
10337.42188  
10352.13902  
10324.9315  
10309.45171  
10342.99221  
10326.8473  
10350.28678  
10293.37869  
10423.38732  
10420.88555  
10436.94428  
10385.5545  
10338.80303  
10294.55726  
10308.56508  
10285.0226  
10332.47995  
10344.13808  
10315.70055  
10363.34326  
10350.3505  
10362.75947  
10397.21501  
10377.83599  
10392.34389  
10364.19778  
10320.63721  
10360.39553  
10380.47049  
10381.5606  
10364.41471  
10357.42356  
10398.24476  
10426.68723  
10400.32126  
10416.22637  
10380.64103  
10374.25917  
10352.52724  
10315.72442  
10350.20481  
10320.04194  
10346.68601  
10282.86911  
10336.19933  
10323.43582  
10333.31296  
10333.64825  
10358.96349  
10383.84397  
10369.14019  
10374.85097  
10333.58195  
10307.11092  
10336.28052  
10396.67475  
10387.31296  
10362.19968  
10365.23777  
10341.46126  
10350.60335  
10338.84342  
10338.47461  
10337.7812  
10328.41504  
10312.29422  
10333.12215  
10331.62861  
10351.61076  
10359.38167  
10320.15674  
10294.27311  
10297.6355  
10340.61993  
10337.54129  
10323.03293  
10303.27675  
10284.28136  
10276.18959  
10279.743  
10284.6266  
10305.84543  
10316.10837  
10302.06687  
10298.30086  
10277.24444  
10305.98874  
10291.14597  
10300.87486  
10333.87036  
10340.99235  
10330.8702  
10325.77653  
10299.21582  
10301.74308  
10346.66056  
10340.95418  
10356.89065  
10374.36013  
10398.19784  
10427.39138  
10390.96737  
10389.21666  
10346.30775  
10347.31079  
10277.92556  
10391.02113  
10364.11621  
10357.01042  
10346.16536  
10370.59787  
10353.07568  
10338.97404  
10321.35805  
10329.15533  
10351.59291  
10350.10525  
10324.67377  
10280.79804  
10346.47485  
10355.94371  
10353.17942  
10384.21905  
10385.81879  
10387.04582  
10409.78638  
10392.14526  
10396.05284  
10376.00868  
10318.42711  
10341.01438  
10356.58255  
10343.42348  
10364.51126  
10362.63572  
10351.80981  
10377.12866  
10373.19512  
10315.96441  
10309.57397  
10299.08732  
10303.74452  
10323.82376  
10331.25141  
10309.52794  
10314.28803  
10347.39358  
10319.58957  
10337.03936  
10330.01286  
10322.75024  
10296.99699  
10323.45448  
10301.08127  
10334.87359  
10314.60463  
10323.29153  
