10578.23881  
10514.05989  
10441.22255  
10484.72274  
10467.57865  
10438.63915  
10413.07754  
10393.65448  
10391.21469  
10397.34343  
10372.11017  
10427.616  
10453.40786  
10392.73588  
10445.4778  
10427.10877  
10437.3381  
10417.02346  
10411.55419  
10415.37972  
10375.89068  
10419.79537  
10396.90126  
10412.84322  
10445.51507  
10435.25911  
10382.8925  
10340.50372  
10424.69449  
10466.50757  
10473.58736  
10546.40899  
10523.14173  
10521.38545  
10516.64181  
10464.89506  
10476.78687  
10458.76734  
10453.20693  
10483.58987  
10446.94434  
10463.6917  
10482.04305  
10487.55474  
10493.66522  
10473.96321  
10518.99662  
10477.40683  
10482.52378  
10478.6378  
10426.81084  
10452.61048  
10387.3007  
10440.89139  
10464.12848  
10411.29363  
10492.93618  
10457.9365  
10489.26082  
10465.24359  
10420.45217  
10463.71711  
10388.64239  
10422.33662  
10375.15271  
10373.31622  
10380.58185  
10360.44083  
10422.50438  
10421.58248  
10339.73781  
10446.40245  
10475.59573  
10401.02038  
10462.99446  
10495.17478  
10463.57725  
10515.97606  
10460.7472  
10423.18993  
10478.85169  
10385.65902  
10432.94098  
10469.17327  
10393.22527  
10447.72991  
10402.65092  
10443.01681  
10415.45429  
10377.33401  
10444.15047  
10367.2746  
10470.87109  
10444.90453  
10401.74823  
10460.56118  
10398.42288  
10453.0696  
10432.65269  
10423.03392  
10450.15575  
10402.84586  
10438.22221  
10455.81105  
10398.66924  
10453.67528  
10458.40348  
10394.09518  
10418.96886  
10406.78745  
10414.5019  
10410.9323  
10392.46088  
10455.40715  
10394.43219  
10422.83623  
10456.62635  
10421.2732  
10466.72437  
10437.75314  
10442.25837  
10460.54146  
10443.2097  
10455.43117  
10474.64656  
10487.78252  
10494.48292  
10424.98622  
10459.0019  
10426.93085  
10407.59623  
10446.05524  
10413.58874  
10448.09486  
10493.27027  
10444.39825  
10439.68312  
10496.40691  
10430.75391  
10505.18821  
10465.12946  
10450.81063  
10481.42259  
10453.54202  
10472.55105  
10460.32311  
10445.15116  
10496.98406  
10458.10441  
10424.89126  
10437.44275  
10424.59869  
10442.25021  
10401.72627  
10432.31902  
10431.87706  
10428.33895  
10451.04466  
10444.09731  
10477.8481  
10455.57683  
10431.49113  
10488.81063  
10453.53777  
10472.46213  
10499.81361  
10435.02294  
10451.01557  
10460.55503  
10419.86896  
10426.06749  
10415.99385  
10380.25272  
10446.18914  
10369.91953  
10431.70616  
10413.64662  
10369.87719  
10443.35486  
10445.11289  
10431.97622  
10480.5114  
10428.39725  
10455.86423  
10495.03196  
10425.35352  
10512.55709  
10436.80675  
10457.24628  
10469.48609  
10400.84314  
10405.47759  
10456.11518  
10432.71561  
10490.0938  
10443.02658  
10459.2008  
10434.07849  
10444.46001  
10487.59652  
10438.60864  
10441.59599  
10457.59095  
10416.60874  
10436.63168  
10447.45376  
10406.13883  
10490.10959  
10468.86539  
10463.25108  
10482.36703  
10480.4829  
10505.44307  
10463.20962  
10495.81435  
10492.94003  
10454.29656  
10436.90527  
10451.59156  
10404.30255  
10487.09781  
10446.03798  
10448.55595  
10447.25  
10416.23245  
10440.25177  
10420.5294  
10439.70943  
10467.25433  
10419.19199  
10458.88268  
10468.32139  
10432.77703  
10528.50665  
10477.7717  
10506.60568  
10517.09291  
10475.18227  
10525.16657  
10446.24485  
10417.33153  
10440.84684  
10404.78289  
10435.9526  
10450.51357  
10398.54812  
10457.79701  
10405.77214  
10445.03062  
10434.43534  
10367.26908  
10398.8153  
10397.95426  
10414.63669  
10385.60732  
10414.88297  
10396.54764  
10434.6922  
10430.09618  
10372.22345  
10434.36922  
10433.92824  
10431.92378  
10411.80683  
10402.90504  
10439.34692  
10429.69988  
10434.57929  
10455.92317  
10410.72332  
10471.25789  
10460.86999  
10419.20682  
10449.55041  
10393.70072  
10418.67599  
10449.89796  
10424.02418  
10434.82617  
10438.76074  
10412.81989  
10466.6576  
10414.92195  
10428.05091  
10437.86339  
10401.68734  
10420.06385  
10451.35882  
10457.33343  
10513.67475  
10454.37561  
10497.08105  
10481.27151  
10462.3078  
10451.98855  
10425.34578  
10443.15475  
10426.0776  
10388.51024  
10439.83808  
10392.31292  
10455.86486  
10448.01412  
10418.58639  
10480.4001  
10427.18774  
10461.38524  
10472.35499  
10406.96437  
10455.70083  
10393.77782  
10429.75137  
10423.80427  
10425.27975  
10446.7231  
10438.51457  
10441.45442  
10447.95262  
10396.87104  
10468.19885  
10406.81575  
10461.41277  
10490.59246  
10480.48057  
10502.82826  
10437.4152  
10435.68243  
10432.57541  
10458.3163  
10532.805  
10510.27985  
10548.45357  
10494.23881  
10454.80107  
10483.18887  
10402.95194  
10451.88495  
10450.62677  
10425.58124  
10416.96859  
10432.63498  
10420.3877  
10436.23163  
10377.38791  
10470.5256  
10415.50649  
10424.48905  
10457.42531  
10444.99411  
10405.72582  
10458.03835  
10405.90063  
10451.30458  
10415.3982  
10373.43391  
10417.69985  
10417.98646  
10435.85328  
10466.02185  
10451.85695  
10505.10394  
10469.16924  
10411.38213  
10422.54014  
10412.92486  
10411.28948  
10414.41768  
10426.59512  
10460.91121  
10426.36959  
10414.13537  
10469.03114  
10428.28645  
10411.31767  
10445.16388  
10420.34808  
10472.53553  
10476.37769  
10515.3731  
10512.54487  
10501.10391  
10505.08541  
10512.48709  
10476.22928  
10457.39939  
10409.53991  
10422.58227  
10409.98501  
10354.36217  
10427.142  
10395.81678  
10418.5378  
10446.73414  
10405.22374  
10472.00103  
10442.35959  
10417.09095  
10426.40255  
10372.14915  
10427.79814  
10414.14862  
10379.37384  
10433.03397  
10367.83668  
10374.04746  
10387.2557  
10354.97081  
10406.22775  
10436.25048  
10402.26589  
10441.68454  
10431.18473  
10523.91897  
10502.19399  
10500.19547  
10497.94471  
10500.1066  
10478.91219  
10510.53597  
10486.31466  
10499.1051  
10467.4991  
10460.94133  
10437.31503  
10437.04579  
10404.56363  
10430.16256  
10428.97453  
10455.94922  
10424.16533  
10437.04991  
10398.95363  
10412.19307  
10425.96059  
10387.71149  
10439.90662  
10415.55255  
10409.43035  
10399.73482  
10398.38316  
10445.62365  
10421.06229  
10423.48841  
10457.60328  
10414.20698  
10443.27494  
10479.40036  
10487.18689  
10476.14107  
10508.24805  
10452.12701  
10486.83396  
10485.26512  
10497.33631  
10471.37669  
10393.59715  
10429.8063  
10434.52267  
10399.57847  
10435.60536  
10442.14999  
10434.52328  
10430.95479  
10407.47139  
10427.28492  
10408.48936  
10417.68088  
10435.86486  
10409.30764  
10486.1733  
10451.38572  
10460.06255  
10476.29376  
10449.59269  
10471.79067  
10517.84101  
10519.03059  
10459.91847  
10471.35771  
10437.32704  
10417.69843  
10412.36727  
10393.5056  
10414.92264  
10386.85592  
10358.24216  
10440.65702  
10441.5904  
10418.43528  
10495.25589  
10455.3206  
10463.45067  
10466.82979  
10397.42736  
10450.38126  
10442.94872  
10406.15984  
10451.92766  
10481.83034  
10463.55416  
10468.7376  
10470.68489  
10460.21271  
10494.74324  
10469.4641  
10489.42325  
10480.32237  
10494.61893  
10481.71154  
10484.30355  
10481.02349  
10455.57234  
10429.3129  
10424.6775  
10399.2277  
10430.36357  
10431.85787  
10393.25108  
10394.82615  
10404.48245  
10395.77172  
10433.24042  
10451.01882  
10450.57126  
10437.86584  
10429.57295  
10440.69317  
10410.43233  
10456.56081  
10421.56741  
10466.93518  
10498.94484  
10446.3997  
10448.79954  
10456.45204  
10436.55107  
10459.88595  
10446.44262  
10478.93325  
10460.58343  
10473.06897  
10457.45096  
10428.78122  
10461.54746  
10434.92317  
10453.29323  
10502.25209  
10500.56688  
10548.62653  
10552.41137  
10519.94109  
10533.44225  
10487.62342  
10478.35613  
10466.07791  
10455.6724  
10445.87268  
10471.70679  
10434.52307  
10453.88857  
10431.88273  
10461.86706  
10411.35579  
10415.88044  
10452.41319  
10428.74113  
10430.17668  
10446.24715  
10399.61732  
10478.87653  
10465.98662  
10442.79252  
10471.14915  
10408.36906  
10422.5904  
10452.51974  
10397.15918  
10385.9631  
10412.60945  
10364.31678  
10405.18058  
10392.74551  
10423.61695  
10451.28167  
10426.20566  
10378.91797  
10414.99931  
10430.14532  
10437.34697  
10443.12038  
10411.53458  
10428.86914  
10415.60534  
10434.30112  
10437.35513  
10436.61708  
10367.89398  
10429.43631  
10392.18293  
10416.70254  
10414.64279  
10459.86035  
10465.45067  
10455.05574  
10457.87373  
10465.14099  
10450.98063  
10494.04669  
10519.71424  
10513.41995  
10512.50908  
10479.65311  
10500.08135  
10456.85745  
10423.02534  
10443.71276  
10438.16142  
10435.61993  
10394.99887  
10386.33998  
10416.03817  
10402.79867  
10422.39883  
10415.56986  
10409.55078  
10445.94188  
10422.26243  
10371.32293  
10381.81276  
10396.08261  
10389.89237  
10434.28941  
10442.7562  
10447.96949  
10453.50969  
10458.59715  
10466.16124  
10474.23591  
10493.42222  
10475.05474  
10478.09861  
10493.17581  
10439.87595  
10457.10006  
10449.32947  
10429.67087  
10491.24842  
10451.65815  
10498.56569  
10565.29748  
10521.29175  
10573.22361  
10543.37123  
10497.4172  
10518.93753  
10464.27381  
10470.88001  
10477.4873  
10457.46096  
10479.90844  
10481.13052  
10452.0725  
10435.88455  
10452.45637  
10428.02135  
10449.97366  
10382.35684  
10429.19608  
10407.01927  
10383.39857  
10447.44861  
10409.91068  
10440.6175  
10446.44151  
10405.11048  
10456.88479  
10453.04975  
10416.42908  
10444.30873  
10414.58588  
10424.39535  
10432.74828  
10426.22725  
10398.51336  
10399.9152  
10404.84351  
10450.47297  
10394.24916  
10448.65403  
10431.20384  
10388.05329  
10395.73184  
10385.06968  
10443.77853  
10445.91478  
10451.44832  
10487.49887  
10493.56704  
10414.12284  
10407.36439  
10415.42467  
10444.64466  
10474.77922  
10445.96191  
10466.16588  
10473.04579  
10437.48079  
10414.63411  
10409.77251  
10435.49942  
10459.51768  
10489.36985  
10487.86629  
10459.25655  
10462.31598  
10485.31997  
10443.12714  
10513.2032  
10467.83171  
10495.02117  
10483.23765  
10441.54785  
10421.04492  
10385.76209  
10413.73229  
10460.91955  
10442.59855  
10445.18201  
10405.52911  
10451.65089  
10444.83575  
10417.53439  
10446.89094  
10421.69162  
10443.7316  
10434.98635  
10446.37988  
10427.24686  
10404.78611  
10434.12595  
10434.98965  
10411.97366  
10436.62991  
10413.25074  
10426.27368  
10437.51998  
10440.19164  
10442.8305  
10433.97105  
10456.12307  
10498.15485  
10456.69246  
10470.76423  
10466.6516  
10481.59457  
10413.98108  
10448.69859  
10458.51365  
