9725.056009  
9732.552691  
9698.711095  
9725.318647  
9714.149687  
9700.905015  
9686.710894  
9652.739933  
9632.794031  
9596.669462  
9563.266199  
9554.241742  
9584.214427  
9634.072007  
9586.553007  
9663.185059  
9672.409079  
9668.046545  
9636.533433  
9680.257511  
9721.644747  
9672.958927  
9684.185173  
9702.512968  
9717.948213  
9668.392348  
9688.721565  
9699.238827  
9651.805707  
9747.329906  
9744.028852  
9761.984662  
9779.174503  
9777.709056  
9793.906322  
9830.104406  
9693.002542  
9773.217185  
9709.041877  
9634.032356  
9706.174776  
9707.351735  
9767.024213  
9698.606761  
9724.093678  
9693.201445  
9663.839355  
9591.765036  
9611.261044  
9573.130644  
9563.006305  
9546.110136  
9625.368466  
9640.239559  
9621.110222  
9557.121855  
9599.3805  
9634.304257  
9671.585205  
9609.600241  
9676.71065  
9673.002657  
9686.102769  
9637.614947  
9639.194422  
9686.033002  
9678.34757  
9656.363971  
9606.497875  
9688.981359  
9699.090088  
9634.032643  
9639.433407  
9643.220617  
9631.364114  
9621.355081  
9591.376479  
9651.018756  
9642.483039  
9622.001522  
9567.537253  
9655.779268  
9606.15513  
9550.172765  
9547.04317  
9617.364717  
9630.158304  
9630.523107  
9636.11364  
9726.758272  
9691.371367  
9612.821375  
9622.252212  
9619.52888  
9566.400319  
9558.435949  
9619.8722  
9670.892794  
9668.658763  
9665.626637  
9706.565473  
9732.015352  
9727.271614  
9659.829935  
9673.867934  
9719.000158  
9839.210205  
9792.396298  
9789.914666  
9831.41254  
9868.906968  
9864.175437  
9783.797895  
9778.524357  
9815.712704  
9792.296588  
9731.642363  
9801.485064  
9808.473015  
9690.070901  
9724.787511  
9671.753246  
9594.363339  
9529.922966  
9568.945729  
9608.656882  
9536.648782  
9528.60297  
9624.512236  
9647.348618  
9659.003289  
9619.511001  
9711.398797  
9684.523007  
9656.763485  
9650.844411  
9697.01057  
9694.700913  
9669.489502  
9618.74977  
9694.423957  
9689.035817  
9667.855397  
9673.564654  
9782.086814  
9773.93256  
9682.460219  
9728.305434  
9713.301169  
9655.848259  
9581.013155  
9600.700813  
9623.522289  
9718.566952  
9699.504064  
9713.226677  
9729.278564  
9732.790154  
9685.674187  
9627.575669  
9694.832405  
9694.341625  
9695.314424  
9668.150477  
9738.028335  
9780.747989  
9757.831342  
9712.138887  
9756.756075  
9715.688017  
9686.305693  
9615.825942  
9683.164766  
9622.707376  
9733.597039  
9726.521843  
9744.653435  
9736.61499  
9736.568963  
9703.833396  
9625.459229  
9638.69863  
9684.740464  
9678.750646  
9658.753921  
9711.770838  
9710.934987  
9673.478056  
9634.100112  
9631.447725  
9683.678826  
9682.336957  
9616.120045  
9674.254624  
9678.980957  
9573.574535  
9551.8071  
9550.441133  
9522.0625  
9499.188735  
9566.913431  
9620.999368  
9563.68895  
9519.934972  
9737.335406  
9738.109476  
9733.668026  
9711.691794  
9641.975442  
9647.594712  
9593.080078  
9587.514763  
9573.253116  
9631.507138  
9602.754452  
9642.673799  
9609.967472  
9678.856029  
9690.421099  
9635.749727  
9600.670898  
9611.260771  
9638.996352  
9631.38939  
9608.372343  
9655.153263  
9621.296459  
9634.064266  
9622.745735  
9662.0407  
9678.888097  
9690.265941  
9594.703455  
9674.912009  
9682.119787  
9727.046918  
9713.673354  
9666.485194  
9729.676241  
9710.138126  
9702.470689  
9776.894919  
9780.341179  
9777.618394  
9815.971364  
9755.982996  
9822.205911  
9808.555449  
9724.17209  
9642.860567  
9733.213953  
9746.772102  
9746.012954  
9790.646886  
9853.526195  
9825.824707  
9787.570959  
9740.347699  
9764.42153  
9741.699664  
9774.382324  
9800.407054  
9669.001436  
9710.92749  
9658.183766  
9676.036075  
9630.410932  
9608.954102  
9600.820657  
9561.728114  
9564.947553  
9610.674747  
9552.367561  
9575.979779  
9564.943331  
9584.48291  
9559.571562  
9591.540973  
9633.285817  
9637.226433  
9674.559757  
9653.717199  
9664.397432  
9651.24819  
9628.958841  
9692.430592  
9666.433048  
9675.359318  
9740.193517  
9823.9946  
9796.51136  
9752.447352  
9739.527315  
9680.046832  
9792.794218  
9630.293644  
9620.26472  
9666.196447  
9658.773753  
9697.250847  
9718.931827  
9668.192613  
9579.222742  
9653.778435  
9708.902674  
9717.202235  
9690.501594  
9712.21256  
9735.653679  
9766.548024  
9730.559096  
9767.148136  
9794.588968  
9818.81441  
9726.106876  
9740.833884  
9717.091869  
9658.240996  
9663.822151  
9652.238928  
9687.141932  
9635.340059  
9626.058982  
9620.089097  
9566.245577  
9555.991584  
9496.367805  
9498.482221  
9507.104492  
9518.994385  
9531.521886  
9601.714772  
9577.537066  
9587.368466  
9521.748578  
9598.283749  
9539.912081  
9566.126479  
9518.491685  
9592.172794  
9630.085794  
9717.152818  
9695.08542  
9665.388973  
9723.738138  
9674.734906  
9589.055937  
9608.308579  
9606.316334  
9574.878949  
9539.840332  
9659.789292  
9683.739516  
9663.727625  
9631.482321  
9691.641918  
9684.029857  
9664.651697  
9572.91458  
9619.575195  
9621.349854  
9623.749914  
9607.161004  
9594.26067  
9634.744442  
9630.814238  
9659.772403  
9661.569724  
9680.957275  
9708.594138  
9709.519459  
9688.909783  
9627.610653  
9676.375431  
9684.999756  
9681.605426  
9637.569523  
9609.809254  
9688.275405  
9743.270206  
9748.632453  
9784.858887  
9867.74506  
9898.418084  
9910.556195  
9870.755328  
9855.320068  
9894.787296  
9828.708482  
9910.930276  
9856.193532  
9854.657198  
9852.229866  
9900.823601  
9858.425623  
9825.462589  
9761.293687  
9742.5326  
9761.65378  
9799.448917  
9808.109835  
9805.439597  
9819.443991  
9783.125158  
9774.435317  
9714.5327  
9691.968204  
9738.160803  
9666.666963  
9612.267205  
9643.871482  
9647.574578  
9630.176341  
9608.156954  
9654.561164  
9594.891616  
9567.513069  
9568.236486  
9538.665168  
9517.113281  
9585.574161  
9569.262379  
9583.555564  
9583.005084  
9584.814697  
9631.704159  
9613.980699  
9626.887063  
9592.265151  
9572.727884  
9631.61285  
9698.42749  
9687.659984  
9688.058709  
9735.88376  
9730.532543  
9670.498851  
9707.478228  
9686.511144  
9644.573486  
9645.683364  
9687.106675  
9651.162885  
9693.984662  
9683.532586  
9657.144646  
9696.102654  
9712.809613  
9652.2908  
9595.152918  
9577.147849  
9578.924747  
9575.999641  
9577.534898  
9625.111357  
9633.214643  
9705.502068  
9636.181641  
9650.173742  
9673.622745  
9685.323903  
9632.381305  
9640.413201  
9661.781394  
9676.065157  
9658.326402  
9718.964786  
9793.993624  
9791.889849  
9751.725284  
9725.995203  
9722.570873  
9656.365134  
9612.117762  
9707.013241  
9717.178668  
9724.965476  
9669.859418  
9707.925221  
9691.787555  
9663.035027  
9643.556454  
9647.346321  
9669.266903  
9669.747013  
9746.197208  
9759.914838  
9780.413517  
9712.668888  
9667.138686  
9731.045338  
9726.276367  
9670.243638  
9676.274658  
9641.615694  
9630.544979  
9576.986673  
9600.821476  
9565.102309  
9621.01798  
9570.724954  
9582.811811  
9601.475514  
9593.803065  
9600.660142  
9622.258631  
9669.002987  
9627.659768  
9629.435346  
9656.849624  
9674.05868  
9610.520393  
9627.694882  
9653.110395  
9703.230325  
9709.087891  
9650.617518  
9658.239847  
9684.630486  
9732.409754  
9742.477855  
9718.95031  
9690.410558  
9632.190516  
9641.32577  
9609.527085  
9591.989186  
9597.081428  
9798.192885  
9762.918443  
9795.577752  
9750.87579  
9684.237563  
9676.886618  
9611.031379  
9586.509033  
9607.779096  
9661.984576  
9647.194121  
9617.80295  
9668.089413  
9686.395034  
9621.327378  
9648.844597  
9636.277832  
9588.870706  
9573.024687  
9611.358082  
9624.832347  
9631.240421  
9618.851275  
9621.879955  
9636.210593  
9694.052232  
9635.153478  
9696.347642  
9679.983111  
9635.406264  
9585.465777  
9598.773466  
9602.755457  
9584.678294  
9573.331974  
9618.144646  
9649.243624  
9627.819839  
9661.486386  
9697.805578  
9629.372372  
9639.349882  
9683.320327  
9675.54205  
9630.388212  
9668.040283  
9711.331888  
9715.614387  
9669.542093  
9689.415226  
9695.608499  
9729.196648  
9812.638356  
9790.065344  
9847.380127  
9839.76449  
9831.663991  
9847.80812  
9784.246582  
9719.867087  
9696.969238  
9695.27888  
9674.518942  
9714.391918  
9690.890223  
9715.938089  
9750.134392  
9705.336541  
9752.019818  
9725.404627  
9726.899989  
9715.945815  
9682.244873  
9751.321734  
9731.212445  
9739.226419  
9719.558321  
9727.888586  
9787.786147  
9719.621424  
9667.390323  
9653.382525  
9702.939525  
9764.620275  
9699.575497  
9724.999282  
9731.885642  
9765.935805  
9722.522202  
9661.916303  
9653.27193  
9669.324664  
9675.196763  
9631.350198  
9651.133588  
9685.763873  
9735.252887  
9700.00978  
9731.942727  
9736.010182  
9717.08634  
9624.031494  
9597.578915  
9628.204288  
9647.766257  
9619.743437  
9599.363008  
9658.788431  
9699.350615  
9628.166332  
9639.482867  
9674.443977  
9677.283347  
9643.141731  
9700.541145  
9741.947208  
9756.666418  
9661.279125  
9666.287483  
9692.307115  
9652.313247  
9630.04294  
9622.495835  
9691.81306  
9721.921602  
9712.78991  
9693.440487  
9704.948084  
9880.839557  
9799.833295  
9759.552289  
9757.072826  
9755.253159  
9697.173498  
9694.982293  
9613.927907  
9631.324291  
9632.703369  
9642.674675  
9676.384378  
9699.152444  
9671.551471  
9614.221751  
9648.194738  
9600.727209  
9640.94896  
9650.183091  
9673.757769  
9806.987893  
9711.822955  
9667.246051  
9644.7147  
9594.841696  
9627.791533  
9602.440789  
9511.57195  
9537.606991  
9581.373061  
9644.705638  
9632.091797  
9703.48202  
9709.329274  
9698.04294  
9644.035214  
9649.078556  
9642.950669  
9647.032557  
9596.445743  
9671.562012  
9648.755601  
9636.977597  
9629.824779  
9671.223848  
9710.037871  
9662.180808  
9744.273107  
9784.172148  
9816.571806  
9764.120361  
9693.413502  
9757.527717  
9759.40253  
9738.943819  
9733.164996  
9795.575641  
9744.917624  
9829.656868  
9795.742274  
9769.680836  
9774.094813  
9728.243064  
9620.576832  
9630.368078  
9655.018267  
9623.416102  
9674.969956  
9714.313778  
9704.373794  
9661.6684  
9639.14344  
9656.325052  
9615.317412  
9558.152674  
9606.295396  
9618.220717  
9656.978013  
9640.265309  
9663.542007  
9654.769661  
9652.096349  
9614.6413  
9635.355828  
9657.26258  
9611.082003  
9687.102783  
9706.106287  
9702.021039  
