10382.72264  
10294.53974  
10252.28979  
10242.20194  
10195.99886  
10121.44322  
10127.55585  
9963.480794  
10024.42261  
10038.83137  
10023.46026  
10143.77083  
10157.1856  
10098.77088  
10086.15675  
9983.769765  
10017.79404  
10022.02681  
10141.92623  
10346.32957  
10370.41541  
10319.10305  
10268.41718  
10178.22716  
10149.16473  
10109.05763  
10115.66482  
10110.36063  
10154.88467  
10177.49792  
10219.96108  
10225.83971  
10228.13763  
10242.19087  
10263.74609  
10259.92303  
10207.66488  
10263.0656  
10273.23413  
10300.53122  
10277.43886  
10369.95374  
10349.23125  
10435.271  
10479.1376  
10401.12835  
10369.35453  
10376.90409  
10348.76176  
10394.35823  
10362.5306  
10259.40227  
10255.9193  
10224.65587  
10258.53475  
10242.74769  
10295.50963  
10247.20888  
10206.40802  
10127.3273  
9982.34731  
10069.01577  
10111.41844  
10127.28543  
10125.33944  
10151.67328  
10121.22002  
10146.35406  
10136.07496  
10123.73724  
10147.73268  
10011.69756  
10081.31383  
10202.07348  
10155.50962  
10161.85321  
10157.44565  
10135.76174  
10109.00742  
10122.25821  
10166.70846  
10171.92159  
10207.80783  
10224.84138  
10174.95574  
10131.21516  
10106.69496  
10100.08114  
10134.99745  
10126.08171  
10145.99529  
10136.80664  
10192.17751  
10157.66789  
10111.18582  
10115.13653  
10084.08418  
10107.60337  
10123.00239  
10129.73807  
10112.45775  
10070.55468  
10133.02212  
10341.46968  
10421.18689  
10377.58265  
10343.76779  
10327.7382  
10255.86408  
10239.16979  
10199.99115  
10234.77281  
10223.47812  
10215.98009  
10164.391  
10165.19232  
10208.34713  
10354.07357  
10398.72333  
10384.93393  
10375.62674  
10323.22068  
10074.61996  
10207.78816  
10264.08257  
10343.5008  
10393.64768  
10512.09852  
10312.11651  
10354.11368  
10360.49732  
10282.96582  
10174.20569  
10150.00369  
10212.36677  
10270.22066  
10244.50321  
10218.73331  
10173.03513  
9966.294729  
10087.1702  
9952.420197  
9801.127157  
9745.68752  
9760.023641  
9930.926666  
10093.18755  
10124.27634  
10186.11436  
10139.28424  
10072.85696  
10109.99094  
10114.55763  
10058.90593  
9991.022542  
10061.83791  
10112.38393  
10112.22904  
9952.823385  
9830.900258  
10217.85829  
10126.27259  
10140.20188  
10122.96131  
10097.97092  
10124.10287  
10156.55639  
10221.62309  
10246.57862  
10228.36021  
10210.7132  
10165.48618  
10123.12633  
10091.28827  
9833.693054  
10248.27737  
10342.76844  
10346.71033  
10324.28459  
10284.67586  
10253.08039  
10237.99318  
10158.83765  
10171.58003  
10226.37389  
10210.56549  
10195.85284  
10185.98023  
10204.16848  
10183.98349  
10204.35885  
10210.83453  
10251.78571  
10277.68461  
10299.62494  
10314.20402  
10275.18377  
10274.22488  
10284.39246  
10310.66925  
10338.04331  
10358.64273  
10369.82347  
10429.05716  
10435.49911  
10393.65548  
10438.42208  
10434.5473  
10477.8568  
10450.07781  
10476.09268  
10439.94842  
10431.11154  
10363.91329  
10250.20868  
10182.29415  
10178.39255  
10262.75047  
10222.99229  
10228.77425  
10217.58091  
10220.70791  
10197.32528  
10208.47116  
10182.23081  
10131.73847  
10106.25976  
10043.11886  
10103.24501  
10150.51397  
10110.18715  
10052.03728  
10066.10907  
10073.31985  
10078.67965  
10134.82901  
10107.29071  
10111.59303  
10165.86624  
10151.56195  
10019.50788  
10071.18258  
10159.31403  
10173.31284  
10178.48745  
10196.77343  
10186.16231  
10212.50482  
10174.59005  
10104.7286  
10178.09489  
10143.75239  
10179.9981  
10174.6776  
10162.68986  
10225.00447  
10189.64989  
10223.58441  
10216.4948  
10184.72879  
10216.77539  
10203.45806  
10194.31807  
10212.32384  
10184.98017  
10166.20036  
10200.27221  
10205.40562  
10242.07937  
10278.56316  
10261.45081  
10315.13255  
10225.52692  
10204.63058  
10234.76979  
10225.96868  
10211.88638  
10244.07825  
10211.91735  
10209.4356  
10148.89997  
10158.91678  
10142.90043  
10108.49412  
10130.8197  
9934.771362  
9730.095571  
9833.21638  
9879.379313  
9760.334971  
10086.38131  
10333.17322  
10204.65471  
10125.04363  
10119.17141  
10068.69911  
10023.53738  
10062.237  
10062.95142  
10121.87322  
10102.3132  
10086.26108  
10149.89292  
10160.7427  
10169.3924  
10190.16112  
10242.00406  
10236.59  
10255.27345  
10246.0365  
10230.07624  
10235.4907  
10214.45251  
10246.90522  
10247.54503  
10170.72709  
10159.70966  
10130.83618  
10146.56978  
10139.27888  
10223.04633  
10281.90189  
10034.75794  
10315.63693  
10336.80248  
10343.1456  
10371.5867  
10376.32784  
10291.83751  
10269.40808  
10220.51293  
10277.67127  
10317.46318  
10278.3998  
10252.96883  
10246.77685  
10211.32971  
10175.30012  
10226.52829  
10267.62571  
10212.43882  
10210.7811  
10195.86994  
10259.33302  
10185.00616  
10246.42117  
10315.1646  
10278.84358  
10231.15049  
10302.0453  
10281.78083  
10282.6131  
10290.94263  
10257.49415  
10275.54202  
10263.4088  
10231.49279  
10226.54834  
10196.19045  
10208.08395  
10244.25293  
10277.39707  
10303.0899  
10327.84278  
10295.03552  
10294.66674  
10272.43189  
10276.30183  
10276.58643  
10284.19479  
10325.22408  
10296.25013  
10249.07548  
10218.08267  
10191.72041  
10173.32449  
10272.62194  
10252.58802  
10226.89388  
10187.75238  
10041.34836  
9899.582387  
9891.891246  
9866.143138  
9865.982371  
9770.173889  
10081.74717  
10135.58176  
10143.93554  
10044.33039  
10048.99537  
10002.85284  
9986.19929  
10066.75768  
9989.355754  
10031.40664  
10148.21954  
10172.23117  
10319.51016  
10269.4299  
10286.42938  
10318.68309  
10305.8493  
10254.4725  
10302.05821  
10316.5121  
10310.95039  
10318.45737  
10352.67981  
10166.14651  
10255.99834  
10246.33278  
10242.20967  
10218.43389  
10189.09835  
10203.29884  
10126.94172  
10025.01769  
9941.595866  
9932.426493  
9894.081624  
9806.652161  
9810.032288  
10116.61565  
10228.33042  
10215.43608  
10216.92282  
10222.9166  
10152.54429  
10208.48546  
10308.63704  
10302.3348  
10307.36044  
10316.96789  
10296.2459  
10313.98741  
10360.06922  
10361.94227  
10353.69701  
10328.41961  
10196.92902  
10081.65656  
10013.42519  
9990.72644  
9941.459015  
10091.9684  
10150.34905  
10264.02301  
10184.88258  
10344.76148  
10358.29294  
10223.56302  
10227.79381  
10215.40046  
10271.7896  
10233.50766  
10225.42717  
10248.1564  
10168.47996  
10102.23648  
10123.47101  
10173.00517  
10240.95471  
10204.34835  
10249.31782  
10087.16764  
10012.8519  
10187.47527  
10227.01535  
10399.97126  
10260.27068  
10244.82853  
10232.84625  
10169.76774  
10137.08318  
10142.86793  
10183.04296  
10158.65988  
10155.92265  
10181.95427  
10186.18399  
10202.87342  
10252.3078  
10275.56216  
10111.36087  
10233.78966  
10329.99963  
10361.45221  
10338.93643  
10330.67624  
10260.74306  
10283.2744  
10252.4941  
10140.80382  
10111.4476  
9971.397268  
9910.826029  
9878.897044  
9774.772146  
10331.79622  
10291.93517  
10168.47025  
10109.7352  
10048.13904  
10020.66709  
10023.68193  
10075.34813  
10069.12587  
10116.52618  
10153.20321  
10117.61456  
10189.97665  
10259.69923  
10280.14145  
10257.05719  
10207.06296  
10299.87902  
10479.63035  
10302.25781  
10339.26859  
10337.11346  
10361.51829  
10309.02794  
10325.03237  
10331.29133  
10316.43181  
10313.73047  
10324.06736  
10309.78988  
10302.04948  
10259.14329  
10262.26103  
10247.7342  
10274.90664  
10029.44751  
9932.687714  
9866.653463  
9846.105428  
9947.353719  
10090.44327  
10100.58875  
10150.48314  
10187.6063  
10112.16647  
10187.13561  
10156.45194  
10179.02853  
10253.11374  
10245.23644  
10158.02247  
10219.69674  
10248.8758  
10022.16416  
9995.203369  
9962.115265  
9929.91035  
9856.74649  
9984.671844  
9777.477203  
10032.34588  
10359.45963  
10297.32154  
10218.06131  
10181.87279  
10164.05818  
10023.56396  
10136.72569  
10135.04063  
10172.87542  
10215.24085  
10217.99788  
10227.35091  
10250.45776  
10240.78844  
10361.2639  
10291.01987  
10310.10517  
10340.12566  
10236.64835  
10336.1322  
10279.65488  
10307.10648  
10376.6078  
10319.59715  
10388.20585  
10363.88738  
10305.90556  
10359.41576  
10273.00298  
10167.5329  
10161.44407  
10227.55523  
10197.84901  
10238.99818  
10236.03653  
10240.41612  
10156.95157  
10216.80297  
10177.20265  
10112.94341  
10210.36921  
10161.47919  
10189.13344  
10164.41578  
10178.71416  
10159.65365  
10163.97952  
10199.69907  
10198.13498  
10197.81428  
10210.7958  
10206.37957  
10167.77522  
10182.08599  
10178.70919  
10210.66102  
10162.93097  
10117.9995  
10168.30643  
10127.2089  
10155.74604  
10073.79508  
10070.50187  
10038.73667  
10030.52166  
10063.42928  
10020.85836  
10093.09592  
10079.61015  
10062.56777  
10090.7554  
10042.78836  
10052.18402  
10061.72293  
10034.79953  
10075.41178  
10098.76437  
10087.47015  
10074.44293  
10064.26214  
10046.57032  
10043.72878  
10074.70213  
10032.56504  
10102.6167  
10104.23279  
9940.983103  
9978.179535  
10236.30481  
10315.74444  
10262.62066  
10297.10487  
10228.52992  
10184.42635  
10155.13683  
10138.20041  
10119.23237  
10157.3661  
10231.96054  
10294.56478  
10339.54537  
10340.52848  
10315.86685  
10270.18056  
10272.73838  
10310.78727  
10314.26293  
10304.87829  
10297.94127  
10361.00631  
10375.53872  
10421.54697  
10410.09177  
10376.24116  
10361.90211  
10338.57683  
10314.9154  
10325.07746  
10309.95655  
10315.9678  
10276.62422  
10274.75209  
10265.64657  
10341.16846  
10340.04874  
10373.66085  
10374.80947  
10416.33449  
10479.10484  
10443.93239  
10453.58944  
10496.19921  
10516.24447  
10475.55253  
10511.29154  
10507.85339  
10484.15549  
10497.7293  
10487.3576  
10523.94828  
10592.41086  
10320.54519  
10377.72547  
10215.70631  
10300.37939  
10291.73232  
10306.0189  
10294.2902  
10457.66478  
10305.03019  
10195.85871  
10092.86761  
10021.57196  
10085.37266  
10063.42432  
10043.82408  
10062.38808  
10030.51459  
10037.53557  
10034.92313  
10053.93608  
10048.1799  
10041.10064  
10033.81675  
10104.47752  
10138.37503  
10125.68804  
10171.73262  
10181.2263  
10158.03841  
10125.44149  
10121.99783  
10148.3473  
10086.95503  
10074.52795  
10058.9727  
10141.58692  
10119.95461  
10080.68803  
10085.30233  
10137.84646  
10053.2398  
10166.97147  
10212.08744  
10062.18798  
10032.03699  
10013.88275  
9998.660929  
9985.849752  
9934.104319  
9773.083852  
10402.05312  
10346.09547  
10267.14156  
10077.22343  
10114.54481  
10064.38997  
10114.76438  
10153.4447  
10198.28197  
10264.66316  
10252.16899  
10291.34825  
10327.40983  
10289.83564  
10258.17695  
10231.01191  
10260.50033  
10218.17466  
10244.92348  
10206.62946  
10197.40003  
10203.09798  
10211.80504  
10236.44398  
10189.66267  
10206.01241  
10158.02781  
10189.92264  
10156.96276  
10155.9155  
10205.20797  
10136.30418  
10217.53226  
10190.23056  
10224.69446  
10154.54311  
10209.74555  
10248.9558  
10244.70078  
10122.7025  
10115.89289  
10297.166  
10307.21036  
10253.82061  
10248.70316  
10198.78793  
10226.96147  
10156.36362  
10212.70325  
10180.64615  
10198.0099  
10194.37055  
10197.61163  
10153.01658  
10120.75957  
10122.78066  
10158.43074  
10174.3117  
10205.05171  
10169.94311  
10231.12072  
