10605.7797  
10631.49233  
10584.36836  
10543.00326  
10602.55435  
10524.77771  
10353.37349  
10511.8376  
10472.58201  
10501.58335  
10493.19243  
10539.19079  
10520.82684  
10558.52514  
10508.11263  
10495.66669  
10489.98923  
10533.39406  
10416.94242  
10608.62926  
10507.67122  
10520.68779  
10525.37729  
10479.09061  
10547.20091  
10459.90204  
10558.83198  
10466.06642  
10565.75146  
10531.1271  
10550.76742  
10577.99486  
10534.81271  
10602.34568  
10559.20082  
10557.79582  
10478.88823  
10530.70815  
10548.73852  
10539.54384  
10513.93401  
10513.52461  
10318.98102  
10453.59676  
10510.5566  
10552.17615  
10484.89628  
10546.06363  
10542.26715  
10512.27344  
10548.36198  
10529.26284  
10522.37823  
10525.78191  
10570.88553  
10603.35258  
10544.7597  
10574.06663  
10532.08594  
10530.65444  
10554.66214  
10555.53811  
10553.17724  
10538.86167  
10550.52431  
10531.06273  
10533.44578  
10238.981  
10544.10129  
10600.80197  
10571.7462  
10558.41663  
10619.8413  
10576.11866  
10541.86029  
10571.74082  
10506.89452  
10564.46121  
10528.53927  
10599.58926  
10483.9476  
10474.45876  
10486.9607  
10579.98421  
10535.04473  
10534.11484  
10522.20816  
10522.28928  
10549.10133  
10543.9062  
10519.20518  
10516.4951  
10337.93827  
10616.29212  
10420.95703  
10536.36289  
10542.57956  
10526.075  
10591.49217  
10536.0681  
10559.93573  
10511.67413  
10509.91967  
10514.62677  
10506.18307  
10521.29736  
10381.0318  
10602.73134  
10344.73848  
10553.86176  
10547.35842  
10475.52546  
10493.84958  
10525.87719  
10502.18337  
10026.90441  
10642.81915  
10571.174  
10547.4262  
10511.73574  
10544.88488  
10481.15245  
10547.39478  
10553.41358  
10545.29383  
10548.26694  
10553.00147  
10567.46348  
10565.26132  
10538.14947  
10513.33684  
10478.66999  
10553.8587  
10534.62829  
10542.13132  
10596.13719  
10469.20497  
10551.15854  
10548.72267  
10494.8601  
10528.03835  
10562.20674  
10593.94042  
10571.22957  
10589.36897  
10504.09484  
10529.07194  
10510.6907  
10546.21858  
10493.98092  
10509.38783  
10471.78753  
10230.57794  
10628.89008  
10587.77708  
10581.51121  
10576.22036  
10633.60132  
10539.82604  
10563.41129  
10495.59536  
10518.36081  
10455.94251  
10419.99783  
10486.73764  
10458.33361  
10513.5315  
10442.84858  
10498.7352  
10472.98014  
10477.36872  
10494.61862  
10518.23267  
10390.73964  
10443.30059  
10509.71751  
10545.18967  
10524.17828  
10503.26865  
10537.23793  
10474.29737  
10553.50031  
10539.75727  
10241.25344  
9854.300299  
10540.11712  
10298.82301  
10681.40507  
10572.96404  
10586.35966  
10522.67345  
10514.35401  
10470.61126  
10497.94517  
10486.13171  
10548.87462  
10493.62978  
10655.41358  
10621.27148  
10563.62702  
10579.47194  
10560.97092  
10547.0059  
10550.20897  
10540.24397  
10554.85135  
10566.32342  
10552.16823  
10579.49158  
10612.91496  
10613.07413  
10426.46465  
10292.17867  
10504.44004  
10586.64812  
10562.66837  
10600.93464  
10530.70887  
10585.52254  
10550.19832  
10568.97509  
10535.89917  
10607.5379  
10577.83892  
10609.63676  
10555.03034  
10555.68646  
10511.52677  
10568.40767  
10534.43014  
10549.00089  
10532.78858  
10544.33017  
10534.37327  
10571.11835  
10559.18486  
10604.73169  
10578.22844  
10627.73055  
10573.75401  
10588.01978  
10524.92441  
10501.90275  
10390.18228  
10643.67279  
10529.93596  
10562.44707  
10505.00229  
10530.52233  
10527.13319  
10521.95487  
10537.75845  
10515.42091  
10599.06694  
10590.41223  
10584.28496  
10523.91096  
10483.08579  
10560.025  
10572.34699  
10555.50543  
10564.65335  
10535.4571  
10491.74665  
10584.94279  
10522.34  
10576.13564  
10620.51591  
10590.041  
10676.66727  
10596.36138  
10608.15801  
10534.18621  
10544.22288  
10566.03357  
10547.84493  
10582.77594  
10542.91297  
10539.09268  
10522.45875  
10480.93587  
10520.12245  
10137.68798  
10495.43275  
10520.35633  
10594.9924  
10573.81171  
10579.62324  
10490.42536  
10508.61952  
10453.69776  
10441.77279  
10458.975  
10462.72285  
10476.50418  
10530.82449  
10531.57339  
10575.38464  
10513.71746  
10527.26021  
10488.59561  
10519.07115  
10490.13094  
10477.2388  
10514.13669  
10520.92548  
10503.58866  
10473.09487  
10492.81595  
10500.56382  
10492.88107  
10489.76194  
10480.18776  
10560.52047  
10562.53984  
10604.68909  
10576.42957  
10525.17624  
10571.42984  
10546.63677  
10548.91488  
10590.85145  
10499.51839  
10557.68413  
10604.0713  
10527.9993  
10535.94766  
10584.64167  
10582.66108  
10655.44217  
10645.24465  
10604.95516  
10577.1957  
10488.15202  
10508.07022  
10421.27971  
10477.40439  
10440.7154  
10466.29858  
10540.03547  
10504.86677  
10523.44228  
10499.07126  
10558.34773  
10335.6299  
10558.90473  
10583.91391  
10556.61303  
10571.17152  
10567.57357  
10581.64706  
10493.80014  
10548.51992  
10498.12647  
10565.0654  
10510.11651  
10589.50876  
10508.25355  
10581.37227  
10578.83257  
10509.00323  
10521.22814  
10471.63671  
10522.64323  
10516.94699  
10477.86431  
10523.29686  
10481.5387  
10506.09811  
10498.09367  
10473.25444  
10534.59962  
10243.44478  
10477.84401  
10478.07673  
10583.42233  
10570.79587  
10562.79639  
10577.50943  
10528.52016  
10493.38522  
10472.90277  
10467.24953  
10563.69339  
10573.97184  
10594.08592  
10592.99466  
10575.5925  
10585.49172  
10536.41638  
10549.40392  
10561.38874  
10572.06052  
10564.94185  
10543.10625  
10510.40508  
10516.38214  
10493.95801  
10527.49043  
10486.12595  
10491.60669  
10488.88749  
10558.71266  
10489.25133  
10524.45033  
10474.24585  
10549.55975  
10457.40385  
10549.28596  
10588.00312  
10587.96404  
10622.16384  
10595.7747  
10593.45884  
10543.82181  
10537.10565  
10504.8482  
10510.29074  
10227.97618  
10457.25197  
10509.83363  
10507.64889  
10511.58585  
10596.27046  
10563.17258  
10531.98784  
10511.71891  
10536.67277  
10492.8147  
10511.09742  
10503.64081  
10548.31436  
10570.80609  
10579.21233  
10627.08164  
10580.93315  
10568.06736  
10563.38408  
10470.36699  
10553.1472  
10504.37699  
10486.57359  
10526.58763  
10529.2682  
10548.74383  
10565.84016  
10527.97478  
10488.21868  
10457.75819  
10403.69027  
10502.7034  
10496.59366  
10528.12233  
10543.39943  
10572.51202  
10563.53823  
10575.00092  
10573.46445  
10603.77094  
10554.53178  
10574.37948  
10502.96613  
10506.7094  
10522.07801  
10466.63211  
10545.106  
10519.73151  
10474.40957  
10507.30257  
10535.10687  
10573.11152  
10622.22993  
10604.38419  
10595.19164  
10595.73613  
10487.19691  
10544.75401  
10537.5193  
10570.33527  
10550.33424  
10633.29324  
10478.17605  
10503.50999  
10573.84323  
10497.9141  
10530.40887  
10499.95112  
10542.19578  
10581.36883  
10538.40072  
10541.52125  
10500.19727  
10484.29199  
10510.26917  
10509.52939  
10507.70603  
10510.65034  
10527.0565  
10506.94221  
10527.6509  
10573.99918  
10560.64079  
10531.22076  
10532.29012  
10516.08578  
10529.51327  
10507.54572  
10554.02117  
10480.93711  
10551.55309  
10483.40536  
10528.0282  
10550.78746  
10529.03586  
10556.53889  
10472.73004  
10504.51271  
10462.55152  
10454.54163  
10394.42105  
10498.29488  
10503.6941  
10509.88305  
10462.4666  
10436.39579  
10362.94095  
10420.87772  
10416.15454  
10467.49594  
10460.07456  
10526.26438  
10484.93674  
10495.50242  
10447.57822  
10391.34094  
10472.89331  
10512.98499  
10562.01813  
10648.88671  
10527.90137  
10523.85987  
10544.07841  
10535.82036  
10580.50499  
10525.01191  
10553.65654  
10526.61654  
10529.09201  
10512.39001  
10523.92908  
10501.98863  
10542.30168  
10533.4402  
10497.56227  
10543.1598  
10520.50393  
10540.1106  
10457.71594  
10495.42542  
10551.72646  
10520.33207  
10545.73227  
10569.71061  
10558.44299  
10575.57034  
10600.90997  
10560.81538  
10588.31841  
10528.69552  
10564.90661  
10488.90678  
10518.83047  
10522.71383  
10509.57035  
10532.7752  
10472.99996  
10513.88673  
10517.83962  
10530.54615  
10488.36306  
10570.60219  
10522.75129  
10574.51267  
10535.47599  
10534.884  
10569.75711  
10494.16971  
10551.22349  
10485.83728  
10520.46693  
10511.96678  
10458.76223  
10471.7209  
10558.07151  
10486.71306  
10513.86139  
10546.43165  
10657.78198  
10597.52848  
10600.69809  
10570.63439  
10549.89543  
10568.63111  
10519.52996  
10501.45824  
10511.264  
10548.94033  
10556.67645  
10564.10152  
10527.14107  
10542.9498  
10561.67411  
10557.15949  
10588.26422  
10577.75352  
10601.39496  
10519.69737  
10491.26503  
10486.02789  
10509.4487  
10541.10579  
10552.47957  
10452.10458  
10571.91518  
10597.04961  
10646.57003  
10633.60221  
10539.53268  
10527.45307  
10457.2188  
10396.81867  
10479.64854  
10463.34374  
10516.19458  
10520.77751  
10517.79829  
10586.20357  
10560.10893  
10580.32432  
10578.6648  
10543.55117  
10562.70982  
10495.73578  
10530.98613  
10486.47832  
10528.66049  
10553.68039  
10508.79332  
10544.64651  
10520.97991  
10514.94487  
10539.03745  
10541.18878  
10504.1322  
10524.50826  
10456.81223  
10540.63332  
10556.25342  
10588.2872  
10576.04906  
10599.43365  
10446.04958  
10531.43005  
10494.42283  
10519.42293  
10437.12772  
10515.23051  
10589.23762  
10540.11772  
10609.61346  
10587.71486  
10521.42687  
10547.44793  
10556.22948  
10553.65178  
10613.10126  
10540.04102  
10578.00202  
10491.22102  
10464.67803  
10558.25406  
10568.66186  
10505.32051  
10363.58832  
10595.28118  
10528.70565  
10569.16341  
10605.15624  
10585.21592  
10552.98233  
10538.51324  
10592.0393  
10535.32382  
10427.02897  
10532.29632  
10553.84724  
10593.51257  
10631.2827  
10557.2979  
10432.34533  
10604.70188  
10587.02643  
10146.73245  
10565.89635  
10541.72906  
10573.52151  
10617.68216  
10624.44751  
10617.97796  
10631.59698  
10538.13561  
10551.55443  
10581.15874  
10523.31893  
10532.05703  
10525.7285  
10603.65225  
10580.9801  
10615.79345  
10462.74962  
10549.55324  
10525.07414  
10526.16618  
10553.15512  
10514.03418  
10569.37178  
10525.93152  
10527.77098  
10395.69423  
9973.531211  
