5441.941389  
5341.944572  
5375.304839  
5398.24875  
5374.552149  
5381.034866  
5341.96492  
5383.294488  
5373.837933  
5343.001473  
5245.965029  
5363.111055  
5350.646691  
5336.715825  
5313.5411  
5313.213345  
5287.494806  
5397.602619  
5399.222113  
5363.642856  
5366.840972  
5302.41815  
5333.551261  
5338.944908  
5342.547271  
5300.618976  
5281.68689  
5356.961434  
5329.503405  
5319.191831  
5334.97168  
5287.777579  
5303.444778  
5371.165241  
5382.83055  
5347.452734  
5341.414799  
5296.410834  
5348.219676  
5381.625783  
5380.653101  
5354.282151  
5326.313405  
5372.443507  
5358.388634  
5334.662964  
5291.706829  
5285.758448  
5321.099277  
5338.786815  
5353.536478  
5305.399557  
5333.433265  
5332.868055  
5321.89864  
5379.247706  
5304.131663  
5341.177705  
5334.946782  
5335.906254  
5357.465837  
5311.567231  
5328.13836  
5388.682861  
5374.755396  
5406.137384  
5326.81729  
5306.189638  
5362.320502  
5397.724327  
5360.966443  
5315.52175  
5297.318852  
5341.901325  
5329.057946  
5360.26741  
5387.535548  
5308.749592  
5354.252513  
5361.63381  
5364.927654  
5338.866565  
5329.374116  
5353.251078  
5342.29706  
5369.348435  
5355.323962  
5344.319441  
5352.240862  
5304.631621  
5348.214313  
5353.307482  
5346.76347  
5271.526329  
5314.241977  
5373.914176  
5346.439567  
5358.38674  
5287.296248  
5309.81692  
5389.787551  
5396.029625  
5364.076706  
5365.052364  
5344.399713  
5333.542337  
5332.399789  
5375.372605  
5362.127012  
5319.38469  
5342.886588  
5347.97386  
5374.934158  
5298.530029  
5334.929839  
5334.927082  
5344.06969  
5340.463648  
5285.147011  
5330.365302  
5410.902382  
5405.784832  
5398.101487  
5369.431615  
5380.087024  
5315.014724  
5315.49119  
5390.721246  
5367.515638  
5360.383987  
5288.69301  
5315.968931  
5378.506996  
5362.221781  
5357.668461  
5321.464511  
5326.813376  
5316.12306  
5338.051518  
5360.75399  
5297.05486  
5355.385431  
5392.563649  
5360.998809  
5372.613951  
5359.124895  
5352.72889  
5363.436086  
5380.412657  
5394.437483  
5362.771989  
5336.55936  
5335.481732  
5354.990836  
5397.451871  
5361.726588  
5324.728701  
5279.295541  
5327.239363  
5334.977682  
5380.564941  
5374.821643  
5377.405202  
5286.657332  
5336.507775  
5352.008099  
5386.283502  
5359.735945  
5384.504432  
5295.228882  
5332.471347  
5366.811073  
5364.37982  
5331.904625  
5331.04445  
5357.410678  
5412.44692  
5342.316646  
5356.529234  
5325.642477  
5340.221255  
5326.18705  
5338.67177  
5283.092155  
5261.414652  
5301.595573  
5337.128729  
5319.542842  
5282.316869  
5272.783978  
5314.010612  
5354.060774  
5355.686048  
5276.409432  
5285.792552  
5323.790633  
5360.521783  
5317.737414  
5278.213817  
5266.225397  
5451.403716  
5345.856104  
5345.695182  
5405.568536  
5363.135759  
5357.014455  
5398.611652  
5357.284298  
5342.432508  
5344.253355  
5363.120643  
5374.36736  
5416.271312  
5377.437546  
5376.827738  
5405.240083  
5395.455672  
5401.467201  
5345.353486  
5341.17065  
5356.283893  
5401.958934  
5380.201896  
5369.881217  
5392.951631  
5406.10679  
5367.32142  
5374.566646  
5337.70339  
5365.296185  
5290.028649  
5400.50982  
5371.591389  
5382.616497  
5320.674468  
5330.96526  
5383.104749  
5426.657997  
5402.617491  
5342.218847  
5291.390267  
5365.153421  
5407.389337  
5389.019178  
5349.101567  
5344.557706  
5362.310202  
5338.075031  
5349.197405  
5343.170532  
5306.96883  
5307.458483  
5376.647583  
5372.796875  
5352.269754  
5329.486038  
5374.829034  
5380.094053  
5347.919034  
5388.372403  
5382.049405  
5342.44889  
5392.166264  
5403.919067  
5356.277318  
5348.554397  
5298.198116  
5349.111446  
5359.069837  
5357.102034  
5298.509454  
5295.396771  
5363.981698  
5373.526969  
5311.050781  
5337.554877  
5360.562609  
5320.32818  
5330.026401  
5244.497226  
5296.283203  
5321.511041  
5287.487288  
5284.758797  
5282.889105  
5284.667842  
5306.042135  
5341.496679  
5325.48331  
5347.801884  
5358.810753  
5303.563679  
5289.943174  
5319.381604  
5286.582553  
5291.13615  
5286.977505  
5328.895882  
5383.034218  
5359.222122  
5306.461022  
5332.23869  
5361.158355  
5389.237187  
5379.911975  
5380.135056  
5375.8565  
5354.013381  
5387.124238  
5378.213846  
5414.22221  
5364.360579  
5335.76363  
5389.378367  
5384.725338  
5371.523833  
5366.014758  
5383.644397  
5369.137969  
5352.619772  
5340.021893  
5426.388617  
5394.596701  
5394.868274  
5318.199631  
5323.131356  
5369.0041  
5402.298828  
5369.921462  
5336.807499  
5366.694433  
5399.883465  
5352.993034  
5313.9877  
5326.693199  
5386.575208  
5436.990049  
5412.949758  
5357.216519  
5387.44716  
5395.329203  
5366.909277  
5395.995193  
5353.362486  
5360.703142  
5396.829123  
5385.570102  
5385.396834  
5346.599369  
5300.743513  
5314.569774  
5316.190186  
5317.800482  
5345.522768  
5324.250905  
5327.626797  
5313.645529  
5401.37979  
5345.741447  
5393.585559  
5355.717298  
5338.366825  
5387.297262  
5428.036604  
5345.65263  
5345.243177  
5391.693246  
5395.801531  
5362.453163  
5333.750909  
5302.467449  
5362.648353  
5371.107578  
5315.022158  
5300.206589  
5373.230957  
5344.516134  
5360.443532  
5344.480877  
5304.813464  
5357.151645  
5370.436001  
5358.754988  
5371.444736  
5352.115209  
5398.522229  
5341.773177  
5337.931005  
5326.713337  
5285.188582  
5323.543899  
5357.256293  
5343.995854  
5340.176543  
5366.155762  
5347.918937  
5354.819125  
5329.696146  
5275.058274  
5308.948251  
5332.332381  
5345.35876  
5390.805197  
5284.144855  
5345.394388  
5375.427595  
5318.677852  
5339.476925  
5310.776906  
5321.737675  
5377.803484  
5305.883511  
5334.732418  
5331.082313  
5281.247239  
5345.498842  
5339.140692  
5417.605713  
5368.31279  
5343.507619  
5360.449206  
5388.77481  
5383.368547  
5420.385426  
5374.838526  
5332.628464  
5395.869456  
5381.029183  
5397.191756  
5367.651881  
5411.152601  
5345.864868  
5338.360301  
5360.186532  
5353.451504  
5394.367495  
5371.142372  
5340.51789  
5359.190703  
5370.506886  
5327.555327  
5335.516063  
5322.21542  
5242.024288  
5337.493547  
5375.487279  
5369.672245  
5289.553298  
5285.67363  
5297.552713  
5324.830848  
5319.337537  
5351.020979  
5309.485798  
5269.817109  
5257.001334  
5321.330381  
5308.739157  
5373.196529  
5284.337962  
5292.16929  
5315.408729  
5305.377976  
5314.853339  
5358.998207  
5321.957271  
5314.612494  
5310.414319  
5312.981647  
5306.594802  
5299.047317  
5294.594344  
5257.171728  
5294.345914  
5295.558324  
5322.537438  
5293.94176  
5229.879824  
5327.810661  
5312.284533  
5351.180508  
5281.889438  
5301.229429  
5259.618602  
5283.952102  
5377.839456  
5327.238109  
5266.645672  
5286.108878  
5276.726348  
5350.671092  
5339.944702  
5358.088943  
5371.462411  
5321.847126  
5324.080701  
5347.483744  
5393.154844  
5418.146994  
5383.482969  
5373.395112  
5360.701471  
5442.411701  
5397.010245  
5476.958248  
5344.870862  
5380.736282  
5358.591069  
5392.364094  
5426.871052  
5362.124613  
5395.447047  
5448.543103  
5444.489531  
5358.067539  
5382.072678  
5318.453908  
5407.500779  
5360.400706  
5354.074358  
5364.533712  
5409.623611  
5377.32714  
5370.838484  
5386.41642  
5346.261693  
5344.459056  
5432.327561  
5395.903792  
5396.416235  
5369.301387  
5356.804696  
5344.083576  
5363.088131  
5334.489329  
5324.827477  
5284.996725  
5317.883082  
5358.5621  
5341.000488  
5321.980321  
5314.338362  
5394.612928  
5414.92315  
5312.779869  
5354.864637  
5293.682916  
5362.795137  
5400.185715  
5377.823579  
5339.928837  
5340.902866  
5328.005384  
5327.84593  
5363.514455  
5308.67989  
5364.784782  
5302.992697  
5304.239334  
5358.172334  
5384.481391  
5306.228886  
5277.367587  
5306.199387  
5351.545402  
5284.664328  
5358.479724  
5306.271072  
5290.445552  
5259.539765  
5314.992874  
5282.229109  
5313.561805  
5342.709628  
5277.80683  
5346.083765  
5350.268795  
5355.77167  
5291.618598  
5228.50966  
5352.245938  
5373.966704  
5343.783999  
5274.894935  
5267.743686  
5301.574602  
5384.776809  
5313.343392  
5366.842361  
5326.126448  
5275.291167  
5295.185968  
5399.263205  
5382.660459  
5335.285868  
5354.880102  
5312.073697  
5373.457532  
5383.516454  
5301.667224  
5377.409689  
5372.152024  
5396.513748  
5351.089023  
5305.860739  
5264.386929  
5324.634042  
5390.437054  
5278.410001  
5324.0695  
5342.128502  
5392.575608  
5368.716052  
5305.914913  
5263.902104  
5377.003384  
5382.271876  
5325.017645  
5320.339368  
5314.136289  
5321.48922  
5391.830032  
5328.223393  
5344.207456  
5348.11755  
5412.167805  
5384.518908  
5345.60706  
5277.781376  
5298.218817  
5377.907083  
5353.253729  
5341.98259  
5334.414547  
5288.175962  
5381.074985  
5397.572038  
5369.198011  
5349.72322  
5359.687159  
5340.310985  
5293.782568  
5362.818751  
5405.773909  
5378.890229  
5318.03442  
5295.575279  
5365.098443  
5427.836497  
5380.799443  
5336.852952  
5331.240984  
5418.168099  
5422.939748  
5471.032896  
5401.318528  
5318.684958  
5354.984657  
5371.701521  
5436.084738  
5364.466826  
5331.531995  
5293.453601  
5344.5226  
5373.844478  
5373.563022  
5265.895411  
5311.36595  
5276.982077  
5374.330137  
5348.756874  
5397.859943  
5346.303938  
5365.731567  
5294.042897  
5377.925402  
5396.694934  
5405.888487  
5311.687593  
5322.482603  
5333.417093  
5317.100203  
5339.136117  
5329.089288  
5315.037581  
5298.326475  
5372.983238  
5347.35826  
5318.169821  
5295.93987  
5322.692038  
5386.153202  
5336.617086  
5339.535392  
5295.05723  
5300.711447  
5321.603057  
5370.523673  
5332.892645  
5291.701328  
5348.72503  
5353.987999  
5365.474706  
5368.958963  
5350.952641  
5371.141446  
5416.481483  
