9848.017764  
9819.635474  
9831.565299  
9770.439783  
9781.679722  
9740.531216  
9769.401168  
9740.943744  
9692.99456  
9706.539317  
9685.392798  
9705.372504  
9649.493969  
9602.567727  
9582.16508  
9546.107298  
9615.950917  
9626.573799  
9690.108006  
9749.099162  
9701.543409  
9638.671944  
9613.392729  
9568.245255  
9600.288134  
9553.605606  
9623.002813  
9635.840655  
9637.298615  
9678.015673  
9661.526972  
9617.354485  
9667.862119  
9612.029957  
9620.524118  
9573.39363  
9584.787391  
9621.167879  
9615.777488  
9612.874519  
9620.995908  
9567.193834  
9603.586653  
9689.822589  
9720.155328  
9747.758122  
9733.848915  
9699.820429  
9718.575587  
9682.577258  
9661.412893  
9688.925774  
9666.183222  
9640.561964  
9642.576695  
9638.072204  
9646.293498  
9646.39002  
9678.427741  
9674.95796  
9672.266368  
9674.083372  
9669.230599  
9666.631093  
9664.139951  
9714.676276  
9667.099155  
9646.786071  
9640.308449  
9667.110523  
9673.463138  
9659.028609  
9647.004924  
9621.357387  
9587.985338  
9624.840091  
9688.090586  
9686.295555  
9675.47769  
9651.936049  
9639.618198  
9671.525239  
9740.408416  
9773.316516  
9752.974554  
9724.962519  
9706.05891  
9688.108825  
9699.442376  
9705.391829  
9724.915183  
9750.790424  
9760.75687  
9750.151814  
9716.393637  
9716.750688  
9727.07131  
9789.193325  
9830.958709  
9786.297136  
9733.398726  
9716.043148  
9687.312617  
9696.738501  
9711.13839  
9753.094149  
9748.334583  
9762.474499  
9730.30052  
9759.582877  
9779.1372  
9806.22507  
9801.984898  
9809.776271  
9744.317094  
9708.998824  
9710.382414  
9692.06981  
9684.282646  
9720.474142  
9699.211261  
9681.299619  
9599.232381  
9583.313064  
9594.676668  
9630.045438  
9588.96221  
9597.072699  
9575.039668  
9630.266333  
9641.237112  
9701.852787  
9691.808539  
9636.550417  
9653.230778  
9692.363357  
9733.197561  
9732.40158  
9722.292068  
9648.991218  
9637.598825  
9655.7158  
9656.660871  
9650.854726  
9673.1764  
9687.937528  
9703.222388  
9692.217828  
9681.279283  
9670.97225  
9614.741383  
9572.272585  
9580.112263  
9599.293815  
9691.210951  
9782.345779  
9747.863123  
9705.974554  
9683.569219  
9654.058807  
9652.882386  
9651.338083  
9603.721432  
9591.366596  
9603.910239  
9591.924757  
9603.668801  
9560.127957  
9602.150336  
9650.0649  
9653.546339  
9642.740179  
9616.013569  
9667.955044  
9711.383115  
9707.551359  
9722.510288  
9708.668608  
9751.197864  
9736.780507  
9703.774517  
9654.901649  
9615.878803  
9615.532288  
9670.129174  
9675.355359  
9721.468757  
9740.807493  
9749.330333  
9706.792597  
9696.14068  
9690.464644  
9791.241177  
9818.908121  
9787.18717  
9771.656848  
9695.657653  
9669.071881  
9631.652694  
9600.792907  
9606.795458  
9645.566963  
9657.281539  
9677.206337  
9678.220779  
9628.799942  
9631.144174  
9605.22703  
9596.105551  
9639.515584  
9660.765852  
9657.504897  
9661.702348  
9592.802913  
9604.509243  
9665.020425  
9647.74478  
9671.730826  
9628.307713  
9631.346446  
9634.096886  
9621.290658  
9620.581515  
9624.569467  
9701.448043  
9782.760378  
9760.069446  
9770.570553  
9730.841233  
9723.759497  
9678.334259  
9695.374484  
9769.139745  
9790.790851  
9758.228681  
9721.658829  
9664.982511  
9669.2524  
9664.703276  
9688.397612  
9710.513135  
9722.752737  
9699.760295  
9747.426923  
9754.69741  
9700.741534  
9664.295823  
9662.190856  
9619.093193  
9582.267214  
9589.521051  
9645.912811  
9675.309055  
9651.760378  
9642.288801  
9647.266141  
9623.846797  
9660.234719  
9689.176256  
9706.553573  
9738.418244  
9734.597402  
9745.926263  
9751.222491  
9775.517221  
9802.802858  
9761.861534  
9739.432328  
9733.163251  
9703.600895  
9687.430506  
9669.753439  
9708.465291  
9713.420699  
9743.636341  
9776.452726  
9781.132661  
9761.987793  
9679.428917  
9602.072589  
9589.000543  
9610.981218  
9661.818607  
9663.293498  
9657.383101  
9617.192534  
9565.282557  
9589.837237  
9574.029668  
9553.779022  
9574.5821  
9600.004965  
9636.568566  
9610.603344  
9566.647014  
9551.693071  
9548.241342  
9540.474155  
9587.371101  
9578.56153  
9592.133521  
9584.832396  
9604.635123  
9611.464349  
9549.75434  
9577.665926  
9621.266395  
9618.575457  
9610.514387  
9601.059818  
9614.409242  
9632.180423  
9641.437349  
9671.329514  
9729.924702  
9757.14383  
9776.848344  
9747.693607  
9712.432762  
9715.013025  
9734.418801  
9711.532694  
9690.609547  
9701.456068  
9686.658251  
9709.628095  
9732.639002  
9686.256643  
9695.292357  
9724.715078  
9696.073792  
9679.494271  
9655.000083  
9643.883514  
9690.407096  
9656.157144  
9676.655088  
9675.131575  
9665.731652  
9674.751121  
9688.447052  
9665.656649  
9635.57122  
9604.135543  
9591.048993  
9612.109334  
9609.686764  
9582.823792  
9601.877414  
9625.462918  
9594.77068  
9601.657866  
9611.655191  
9623.411889  
9643.841082  
9671.791036  
9696.73139  
9749.668787  
9682.448696  
9672.401766  
9705.270542  
9715.284338  
9722.357807  
9728.778169  
9710.287219  
9709.973922  
9694.547363  
9659.946695  
9702.825133  
9694.478846  
9800.65874  
9760.203971  
9723.331  
9681.573421  
9689.826082  
9670.160218  
9668.639765  
9645.769022  
9649.534902  
9649.667838  
9679.446399  
9711.473825  
9702.36542  
9664.833035  
9667.806716  
9663.241287  
9704.042185  
9739.467512  
9746.157797  
9776.360462  
9797.14493  
9712.231858  
9669.983426  
9634.316613  
9633.751747  
9631.160026  
9656.994182  
9720.041525  
9707.411332  
9669.499436  
9636.426875  
9610.375928  
9632.43107  
9593.27253  
9599.451413  
9565.47366  
9561.303367  
9545.335023  
9504.350462  
9554.554096  
9617.579212  
9669.82307  
9676.298347  
9634.155205  
9687.372896  
9608.113797  
9631.216446  
9592.541401  
9632.670224  
9603.417281  
9610.898479  
9630.358419  
9702.854699  
9656.010075  
9633.992332  
9649.095105  
9725.149215  
9749.122284  
9727.405425  
9720.751651  
9663.936056  
9687.137248  
9682.705216  
9668.2145  
9680.155012  
9633.577822  
9657.688098  
9647.343434  
9580.018362  
9565.856645  
9612.001444  
9586.91528  
9628.694982  
9624.759566  
9695.296352  
9642.90907  
9686.023623  
9704.78616  
9821.656106  
9841.599045  
9827.097526  
9794.017695  
9761.068167  
9750.880997  
9742.362559  
9803.03006  
9871.068435  
9901.995805  
9908.160094  
9889.141835  
9871.268383  
9871.701117  
9869.932899  
9882.725765  
9913.004883  
9902.859134  
9989.253886  
9976.157137  
9897.972244  
9897.410418  
9923.32296  
9857.458118  
9823.374814  
9819.073937  
9896.694405  
9908.940492  
9968.861706  
9867.30532  
9888.4889  
9847.466542  
9808.00698  
9736.443497  
9644.40929  
9633.789344  
9627.470559  
9600.054261  
9582.900652  
9557.142723  
9512.171854  
9452.569357  
9448.930533  
9494.161215  
9451.640714  
9464.616142  
9445.597546  
9411.558738  
9442.116844  
9467.432019  
9468.447898  
9520.573799  
9559.001314  
9535.27059  
9616.87055  
9595.675774  
9566.091405  
9585.965311  
9623.617442  
9590.444061  
9611.470215  
9632.725366  
9614.371224  
9625.443139  
9655.506554  
9705.899084  
9728.65136  
9725.287109  
9783.832973  
9795.511567  
9814.198896  
9812.721019  
9719.826096  
9697.014882  
9663.136492  
9619.604692  
9656.152289  
9669.632063  
9693.321654  
9682.884683  
9696.764009  
9746.752338  
9730.785239  
9644.858398  
9722.654806  
9711.826069  
9667.202004  
9671.439577  
9742.475909  
9783.822066  
9751.145749  
9768.593358  
9844.531649  
9822.535019  
9784.2365  
9769.725627  
9722.60018  
9719.181235  
9663.380495  
9603.820374  
9588.123872  
9622.066599  
9591.805265  
9563.598681  
9540.355359  
9566.743233  
9514.675334  
9571.236239  
9523.609739  
9536.817789  
9552.072995  
9518.306503  
9550.346384  
9589.731947  
9591.003033  
9615.594548  
9566.129718  
9565.584727  
9568.339679  
9602.17061  
9604.764532  
9621.76295  
9630.522777  
9601.27579  
9620.012627  
9623.516244  
9644.376932  
9653.343062  
9739.919152  
9733.336405  
9696.750922  
9703.274503  
9708.670273  
9675.948373  
9718.812204  
9755.46679  
9750.434275  
9751.29867  
9703.934357  
9719.466199  
9719.276553  
9647.79116  
9662.102298  
9687.240709  
9704.927851  
9708.243522  
9682.008039  
9682.678821  
9701.030755  
9664.543127  
9662.586605  
9683.644057  
9706.992414  
9712.713723  
9712.653045  
9693.062541  
9702.980359  
9661.710236  
9710.747352  
9671.115908  
9664.222223  
9693.211096  
9637.987518  
9640.024448  
9632.124085  
9592.72877  
9566.741912  
9573.490661  
9631.202616  
9590.311936  
9573.345256  
9592.420678  
9572.03453  
9599.608969  
9567.137592  
9557.513775  
9583.635316  
9588.042329  
9600.852491  
9586.333138  
9570.06336  
9575.075856  
9576.28984  
9604.045678  
9652.966164  
9663.662453  
9681.9166  
9690.093021  
9668.297301  
9682.135935  
9678.603949  
9676.347072  
9643.265996  
9624.959878  
9668.796971  
9670.469128  
9740.080415  
9734.679069  
9772.525989  
9750.463599  
9744.804914  
9729.213764  
9778.257923  
9771.015274  
9757.88284  
9745.545967  
9715.60626  
9722.553814  
9714.510096  
9695.53332  
9707.375062  
9716.032302  
9640.93596  
9632.728  
9583.168044  
9547.750777  
9594.158595  
9588.68118  
9584.14764  
9596.691392  
9626.256238  
9642.327671  
9615.736493  
9591.707203  
9604.548072  
9622.815017  
9556.242724  
9599.90537  
9697.140934  
9732.582079  
9725.615943  
9643.562644  
9621.609347  
9600.705958  
9627.855125  
9609.182528  
9613.820374  
9609.922453  
9586.470834  
9614.845813  
9643.996933  
9647.637489  
9610.898651  
9609.177672  
9629.70133  
9599.633397  
9672.877111  
9680.542336  
9658.501547  
9726.521333  
9697.69534  
9663.556524  
9678.685086  
9626.176029  
9653.696062  
9666.709363  
9642.022076  
9663.08503  
9708.093722  
9655.496444  
9655.229135  
9646.168622  
9697.398293  
9727.407075  
9687.04224  
9698.629312  
9689.529854  
9645.151182  
9687.334363  
9733.752868  
9781.374773  
9755.557961  
9740.305843  
9702.175045  
9722.342237  
9704.67486  
9678.890501  
9671.342271  
9710.284558  
9725.383101  
9700.65755  
9652.985468  
9670.474437  
9652.47505  
9684.293815  
9690.523706  
9685.874622  
9712.645707  
9667.851844  
9623.609155  
9648.495709  
9597.127937  
9593.306366  
9610.574714  
9673.435492  
9707.743253  
9706.219039  
9680.217657  
9651.16768  
