10853.92501  
10490.05691  
10795.95083  
10767.3879  
10451.1188  
10701.71146  
10707.51292  
10660.12123  
10666.74668  
10678.69406  
10708.80412  
10744.47913  
10669.83378  
10708.07549  
10721.9333  
10689.3212  
10674.58044  
10740.50188  
10651.4397  
10784.02784  
10745.97027  
10752.17256  
10750.80205  
10725.67192  
10735.95921  
10732.407  
10725.5866  
10733.78843  
10752.84811  
10777.1771  
10738.47173  
10758.98483  
10738.44352  
10720.84068  
10765.00218  
10763.00713  
10778.7793  
10784.65911  
10770.21655  
10781.42571  
10782.38854  
10774.02782  
10776.37291  
10775.05326  
10731.51565  
10712.92326  
10730.94513  
10738.53341  
10719.85238  
10718.63688  
10709.52251  
10705.94922  
10737.16029  
10714.776  
10759.00938  
10774.03813  
10737.88095  
10731.14483  
10720.82168  
10746.99957  
10738.38819  
10768.16052  
10758.35124  
10769.04379  
10810.61626  
10781.18048  
10768.19506  
10739.95481  
10746.41724  
10709.0345  
10703.403  
10726.03443  
10745.17528  
10752.74789  
10722.36521  
10752.36087  
10725.02655  
10736.32858  
10751.09825  
10759.52173  
10689.76404  
10723.97197  
10746.05871  
10766.18489  
10772.89083  
10720.87116  
10724.98755  
10699.77852  
10698.77673  
10659.06695  
10700.03039  
10733.66261  
10722.85097  
10674.88788  
10715.37218  
10690.65153  
10674.92237  
10721.14142  
10672.45047  
10717.97145  
10695.061  
10644.06482  
10705.31082  
10702.95964  
10724.01054  
10729.82919  
10769.81727  
10760.43237  
10740.84766  
10722.62591  
10730.72025  
10691.3165  
10761.66881  
10722.652  
10713.26181  
10748.45944  
10751.70092  
10747.7279  
10692.35774  
10704.55237  
10696.9082  
10718.29572  
10735.84316  
10661.57824  
10680.72538  
10716.8668  
10717.12155  
10746.58676  
10741.03502  
10803.38041  
10770.61937  
10818.48467  
10763.57247  
10775.4558  
10718.92351  
10727.66615  
10665.91175  
10698.00134  
10740.91413  
10679.58691  
10719.5496  
10717.89848  
10780.68073  
10768.42169  
10758.20671  
10750.53727  
10776.70392  
10808.59634  
10807.96371  
10780.6781  
10777.8529  
10770.03824  
10731.50861  
10719.16981  
10683.2807  
10745.42778  
10679.18257  
10700.68707  
10780.89038  
10701.40673  
10760.20215  
10718.20058  
10674.26497  
10605.28913  
10638.31604  
10626.76176  
10659.79376  
10652.62212  
10652.87171  
10688.17773  
10672.91029  
10712.72888  
10769.45753  
10741.39816  
10779.19985  
10793.08253  
10701.8978  
10711.69838  
10714.05893  
10720.51283  
10746.65609  
10740.43098  
10726.56641  
10715.44761  
10659.06264  
10647.62595  
10691.44522  
10690.98249  
10687.00815  
10703.29301  
10714.34802  
10728.38499  
10695.53552  
10786.42889  
10759.28413  
10743.44595  
10693.79008  
10725.42058  
10682.88656  
10750.13967  
10750.77948  
10756.98565  
10738.87232  
10673.56863  
10673.08621  
10695.0947  
10695.13733  
10726.70864  
10741.50068  
10727.84888  
10677.21484  
10717.59159  
10700.74469  
10699.35763  
10704.67712  
10755.13599  
10720.98185  
10742.88122  
10730.32892  
10740.36183  
10753.39151  
10716.79399  
10728.18234  
10708.59402  
10699.48049  
10719.64415  
10718.65982  
10677.32579  
10671.40609  
10710.48581  
10687.34364  
10676.11891  
10693.56134  
10696.09552  
10745.79574  
10708.58126  
10728.66365  
10753.6339  
10705.90966  
10731.12321  
10728.78879  
10717.5174  
10783.5397  
10797.5268  
10773.42567  
10774.51379  
10727.07617  
10739.68966  
10682.01045  
10731.61594  
10745.88397  
10708.56457  
10750.2557  
10750.40391  
10787.85474  
10761.61864  
10747.57179  
10709.11996  
10722.80514  
10717.46948  
10717.39131  
10725.05818  
10694.56434  
10700.60626  
10707.65609  
10701.59623  
10710.79826  
10747.49214  
10734.99198  
10686.73122  
10724.67919  
10708.99335  
10760.16722  
10728.72191  
10704.74457  
10755.27039  
10705.10363  
10721.02884  
10767.19293  
10725.48447  
10716.00711  
10716.23126  
10732.83358  
10723.58003  
10722.57392  
10760.47123  
10736.63209  
10730.32717  
10765.97313  
10730.31441  
10756.7373  
10748.49714  
10760.00073  
10701.67122  
10755.48512  
10711.90239  
10708.59009  
10763.9737  
10720.47774  
10680.47976  
10699.3571  
10729.17349  
10725.77251  
10697.79292  
10706.81216  
10680.92953  
10656.50252  
10666.11807  
10667.55655  
10682.56809  
10695.50509  
10674.26524  
10690.29996  
10672.27846  
10698.99255  
10691.55062  
10698.04422  
10767.04815  
10686.88309  
10735.60765  
10713.88665  
10723.52257  
10759.54903  
10751.89217  
10744.52993  
10742.46089  
10709.21491  
10755.73344  
10766.88604  
10729.44182  
10716.78229  
10689.13245  
10704.79783  
10687.58505  
10733.23749  
10694.28073  
10659.4757  
10685.95667  
10675.28702  
10687.30853  
10653.3008  
10669.35363  
10676.30909  
10655.14396  
10749.06327  
10700.68725  
10717.55392  
10723.10685  
10755.14669  
10740.05941  
10708.06529  
10788.36355  
10764.31936  
10721.76699  
10735.31527  
10733.96066  
10769.36937  
10748.30155  
10676.0127  
10670.18055  
10668.03616  
10687.75606  
10704.90175  
10690.69356  
10695.93214  
10711.76869  
10694.34679  
10726.24475  
10736.90196  
10778.98026  
10728.04279  
10719.74995  
10764.43518  
10702.09588  
10675.02778  
10697.85794  
10684.22263  
10736.21945  
10668.47352  
10701.82347  
10750.87734  
10732.40398  
10733.30176  
10730.873  
10777.93146  
10767.69036  
10785.39701  
10772.11196  
10782.28849  
10776.85047  
10765.49212  
10790.45617  
10720.6215  
10711.28407  
10714.17326  
10715.41972  
10707.73755  
10696.95253  
10705.75815  
10683.94202  
10698.67637  
10711.69992  
10756.89932  
10684.86503  
10739.7547  
10740.91999  
10780.77221  
10815.15062  
10803.40432  
10796.90414  
10750.02121  
10770.67081  
10754.15498  
10738.95115  
10701.90648  
10673.97284  
10718.28089  
10698.09779  
10719.47665  
10701.69674  
10676.83566  
10691.85099  
10711.76133  
10696.72922  
10719.35524  
10684.10676  
10700.73905  
10671.95185  
10729.53954  
10719.30535  
10705.22318  
10695.94783  
10652.82329  
10696.75397  
10668.50679  
10713.03563  
10733.0305  
10735.0759  
10753.04522  
10724.87141  
10744.49687  
10703.18082  
10699.26335  
10710.20876  
10749.84007  
10719.5186  
10740.75897  
10725.9613  
10703.22881  
10722.57097  
10664.4581  
10719.67826  
10702.57038  
10746.30607  
10691.99001  
10699.40096  
10726.32815  
10702.13842  
10754.85227  
10760.40559  
10741.59523  
10721.12025  
10721.45106  
10687.51024  
10722.33598  
10707.03616  
10756.20937  
10686.93957  
10714.23733  
10703.194  
10700.60154  
10719.20169  
10723.13747  
10722.55398  
10698.67467  
10678.91951  
10734.04465  
10714.15627  
10746.55448  
10699.77391  
10756.67006  
10773.8713  
10720.96786  
10781.06829  
10722.20753  
10750.32347  
10735.04717  
10754.51478  
10758.33555  
10716.13901  
10727.41297  
10724.04821  
10719.65691  
10755.35581  
10748.74605  
10750.98306  
10727.8338  
10724.6858  
10705.5275  
10720.75815  
10692.68221  
10726.97874  
10704.11739  
10691.99521  
10709.18271  
10714.18907  
10732.96932  
10706.47584  
10698.01996  
10698.50511  
10701.3527  
10725.20789  
10714.81171  
10759.8455  
10744.76122  
10741.19016  
10710.21882  
10694.82837  
10707.18909  
10684.17817  
10705.09732  
10642.31827  
10688.06352  
10687.10052  
10726.54192  
10723.49223  
10756.0846  
10788.33194  
10725.61106  
10726.92067  
10705.93364  
10748.66225  
10748.63695  
10781.05233  
10775.72829  
10751.67828  
10747.20469  
10749.06559  
10746.53561  
10787.43798  
10743.21244  
10780.16792  
10733.46641  
10716.86049  
10733.32322  
10743.67017  
10696.40314  
10729.93089  
10730.29719  
10738.98905  
10798.95492  
10782.03509  
10745.24144  
10760.71721  
10710.51483  
10718.98263  
10705.1925  
10682.96807  
10665.45403  
10669.90446  
10663.53202  
10677.71357  
10704.31452  
10698.65221  
10709.26497  
10709.89412  
10674.75604  
10730.45649  
10723.36444  
10733.9152  
10720.00045  
10697.1349  
10734.78139  
10714.31245  
10716.77407  
10720.15754  
10776.08283  
10757.48447  
10709.90325  
10729.47218  
10740.783  
10704.92144  
10728.84527  
10709.95676  
10733.59613  
10739.68677  
10778.90893  
10798.13665  
10764.12277  
10751.53586  
10759.66969  
10748.60215  
10732.64669  
10700.47504  
10702.74748  
10654.06021  
10729.2193  
10698.96657  
10721.36766  
10729.88088  
10746.62561  
10781.94225  
10802.81784  
10807.46366  
10730.02748  
10713.05278  
10670.12032  
10681.34273  
10692.57615  
10693.2681  
10634.09318  
10648.07703  
10666.87105  
10654.81105  
10702.31427  
10689.77741  
10718.19259  
10690.76676  
10697.12956  
10717.77487  
10741.73487  
10722.89744  
10660.48251  
10710.12309  
10701.48669  
10724.83208  
10735.84552  
10675.12566  
10705.02046  
10665.50459  
10668.74371  
10644.17862  
10651.7691  
10657.09936  
10650.47229  
10632.8809  
10702.55982  
10723.76308  
10716.58993  
10705.4224  
10723.79442  
10689.5883  
10747.02798  
10739.88663  
10721.32313  
10702.10533  
10714.00118  
10751.20294  
10779.94733  
10774.3249  
10791.23133  
10738.2691  
10742.49714  
10696.55505  
10699.1585  
10704.45165  
10682.48108  
10717.98378  
10715.69831  
10670.74444  
10716.55607  
10674.67828  
10709.43877  
10714.86907  
10784.49759  
10752.86485  
10749.59302  
10754.7344  
10743.27092  
10756.98946  
10715.96375  
10757.70812  
10761.45013  
10818.89476  
10814.70619  
10757.26033  
10744.97168  
10706.3651  
10716.96151  
10743.22132  
10721.11026  
10706.29903  
10703.01233  
10681.22186  
10686.76056  
10684.82674  
10735.78423  
10731.1825  
10760.54392  
10780.2768  
10751.40207  
10760.92044  
10738.09434  
10757.15484  
10689.17589  
10723.63654  
10716.96285  
10690.50661  
10674.37455  
10711.69404  
10693.9425  
10661.14519  
10660.3289  
10679.3142  
10679.47477  
10733.95399  
10734.67678  
10738.40898  
10717.538  
10721.37711  
10749.42426  
10732.84402  
10740.42542  
10738.2674  
10718.25906  
10715.64832  
10724.18037  
10745.11801  
10681.68448  
10730.22222  
10700.60106  
10703.31563  
10713.93048  
10716.42499  
10690.94132  
10692.47586  
10717.8948  
10696.44647  
10742.14028  
10667.20799  
10718.98653  
10726.77789  
10759.50318  
10801.55067  
10789.40293  
10793.95356  
10782.57812  
10768.1952  
10764.80843  
10732.95685  
10739.53266  
10697.91858  
10700.16331  
10674.23973  
10708.21555  
10711.18523  
10730.77584  
10711.03488  
10669.01008  
10720.8021  
10725.76231  
10700.4864  
10711.05848  
10681.01031  
10713.55137  
