9922.282457  
9916.372179  
9843.965495  
9813.613539  
9819.243218  
9839.952677  
9771.81585  
9744.025825  
9780.243679  
9813.393853  
9794.69321  
9720.560303  
9802.205309  
9789.784559  
9784.285373  
9780.512668  
9808.696994  
9781.885769  
9786.709473  
9727.22111  
9760.828857  
9780.787367  
9783.062893  
9771.878798  
9779.54305  
9791.946764  
9787.354289  
9745.942315  
9786.838284  
9764.053467  
9769.693997  
9766.016235  
9735.260539  
9801.95836  
9770.39483  
9758.400201  
9782.734646  
9760.789903  
9754.411526  
9715.447754  
9745.397732  
9769.77832  
9747.997789  
9739.328722  
9777.540365  
9773.318197  
9810.64605  
9784.367133  
9757.655694  
9830.482354  
9806.815769  
9782.465224  
9745.362874  
9765.335815  
9767.127862  
9767.011827  
9731.147013  
9778.082533  
9773.66706  
9791.431831  
9753.552734  
9767.499607  
9793.455539  
9743.430461  
9752.050239  
9799.847995  
9799.0244  
9812.548652  
9784.185886  
9806.804755  
9795.666423  
9753.331828  
9768.172499  
9748.413791  
9759.50019  
9753.958862  
9746.686184  
9775.103651  
9789.066379  
9767.081394  
9798.506307  
9789.761841  
9816.064317  
9784.309584  
9771.867649  
9826.525228  
9826.024129  
9837.444892  
9859.024658  
9845.292982  
9802.335124  
9771.359619  
9742.575222  
9758.427233  
9753.383613  
9786.912665  
9725.73329  
9786.498928  
9816.251302  
9819.233453  
9786.371813  
9824.21365  
9781.128432  
9801.230672  
9775.445977  
9766.696438  
9813.765611  
9810.012899  
9776.466933  
9837.485297  
9823.327813  
9811.836846  
9802.609049  
9814.616455  
9791.83842  
9780.339274  
9787.884616  
9802.731527  
9814.212891  
9784.75807  
9837.317668  
9827.673164  
9803.661553  
9769.368869  
9767.881009  
9772.49962  
9753.949599  
9801.391249  
9812.933865  
9815.761298  
9779.045424  
9757.452135  
9743.730455  
9773.00647  
9762.886678  
9776.557536  
9783.699883  
9815.395399  
9752.228624  
9758.705444  
9725.788913  
9784.243462  
9784.095622  
9807.110189  
9828.491252  
9853.442288  
9862.58903  
9826.59021  
9826.729587  
9832.47994  
9825.900377  
9786.680366  
9790.742215  
9814.847643  
9774.363403  
9781.560994  
9790.400336  
9762.291721  
9736.675388  
9768.243869  
9765.521118  
9760.857042  
9752.694892  
9778.887288  
9787.688572  
9816.267687  
9784.102648  
9793.013645  
9784.986979  
9804.756117  
9810.758382  
9786.386827  
9798.219035  
9770.334093  
9775.406386  
9742.334283  
9769.085883  
9794.487874  
9803.701077  
9798.600016  
9795.148668  
9788.423815  
9774.486084  
9784.059977  
9725.11495  
9784.466878  
9756.160373  
9759.677653  
9741.50845  
9761.406331  
9773.513726  
9776.084012  
9750.05329  
9832.593641  
9811.613417  
9819.037435  
9837.25788  
9802.768541  
9789.702881  
9770.673611  
9776.743001  
9783.862074  
9796.61244  
9811.488905  
9807.046739  
9747.176351  
9805.658407  
9779.85083  
9776.508152  
9782.512221  
9792.011271  
9783.266479  
9761.021525  
9768.872803  
9818.303046  
9794.89822  
9767.756239  
9817.214708  
9807.545546  
9770.670749  
9785.178602  
9798.314806  
9794.488919  
9804.743571  
9794.681532  
9797.345188  
9793.867391  
9833.554823  
9792.557549  
9817.960965  
9818.626112  
9791.305461  
9805.165527  
9817.840034  
9790.580173  
9747.036133  
9770.543267  
9789.898153  
9791.081502  
9765.89369  
9798.269287  
9788.464939  
9774.593628  
9773.641493  
9823.889784  
9803.495049  
9762.416043  
9764.76001  
9784.838718  
9779.601359  
9753.318902  
9773.747979  
9778.29876  
9824.971693  
9796.42315  
9801.349297  
9800.551419  
9802.430108  
9686.245633  
9799.573527  
9805.763034  
9821.495049  
9823.539659  
9834.593601  
9817.888306  
9790.529215  
9787.968072  
9823.300903  
9793.755222  
9776.621935  
9775.210951  
9798.445923  
9766.897909  
9781.118422  
9781.466064  
9756.529405  
9760.738905  
9806.130168  
9797.678372  
9803.841471  
9789.718384  
9737.967529  
9790.216187  
9811.851671  
9807.443495  
9816.346897  
9765.503825  
9769.102322  
9774.135376  
9788.615194  
9839.328193  
9841.611545  
9841.910468  
9792.011746  
9769.976915  
9772.919447  
9764.607924  
9768.987128  
9767.55485  
9786.174398  
9770.927192  
9782.313097  
9778.623671  
9789.741564  
9840.209106  
9845.388414  
9815.804226  
9827.979628  
9820.936957  
9764.404012  
9754.035061  
9760.111165  
9779.036268  
9738.730496  
9775.336521  
9808.316786  
9819.952026  
9777.769151  
9823.884738  
9818.811252  
9827.487807  
9793.238485  
9796.464342  
9786.698853  
9815.307712  
9759.989149  
9771.131999  
9765.401638  
9789.263102  
9811.915283  
9814.615967  
9818.856757  
9808.546875  
9805.486138  
9837.841715  
9824.470974  
9817.042196  
9807.539605  
9772.027289  
9782.923828  
9758.270779  
9730.824409  
9731.144328  
9744.044474  
9743.289808  
9766.553725  
9758.87401  
9722.627129  
9796.532077  
9786.550198  
9819.461711  
9799.937568  
9827.635607  
9820.819377  
9736.831475  
9764.682482  
9749.170044  
9740.401326  
9761.612386  
9765.849948  
9755.229194  
9755.671631  
9804.211358  
9740.514784  
9818.276191  
9794.578261  
9789.180623  
9805.954915  
9785.556763  
9754.805298  
9753.89129  
9775.520372  
9737.45954  
9729.42962  
9770.398763  
9779.06311  
9745.495782  
9749.048625  
9782.908122  
9720.121785  
9783.433987  
9759.271552  
9739.209785  
9761.150716  
9774.947632  
9750.037882  
9779.01454  
9773.897135  
9796.600857  
9793.083483  
9795.553277  
9775.725979  
9792.985555  
9771.869276  
9773.397013  
9770.249932  
9825.859212  
9838.8141  
9883.364312  
9851.933594  
9864.943997  
9860.537421  
9844.799805  
9861.942627  
9839.109077  
9835.152832  
9822.084039  
9798.539822  
9795.82529  
9728.24174  
9775.652222  
9730.868083  
9749.583835  
9796.842746  
9776.093289  
9760.201959  
9764.544746  
9789.9493  
9770.584201  
9783.822862  
9758.198405  
9767.479194  
9747.249973  
9780.91984  
9757.758396  
9781.119873  
9769.565199  
9741.366848  
9732.550863  
9773.242622  
9795.539876  
9812.935343  
9775.857829  
9829.634806  
9762.002089  
9781.577501  
9807.396946  
9806.999851  
9788.48626  
9806.457235  
9803.553955  
9783.841485  
9811.894043  
9788.271756  
9766.940701  
9782.197103  
9798.805583  
9788.926039  
9797.78403  
9842.842122  
9761.471639  
9774.944417  
9770.659478  
9754.921848  
9765.965563  
9709.83941  
9791.062446  
9782.323785  
9779.595106  
9786.929091  
9818.577474  
9771.378418  
9782.44892  
9763.531942  
9786.730211  
9798.028225  
9812.941949  
9803.275499  
9802.10513  
9760.689779  
9790.519979  
9753.609484  
9803.76633  
9769.921848  
9800.227078  
9829.275431  
9844.432712  
9813.199029  
9830.956068  
9827.385227  
9815.518419  
9764.779907  
9735.621962  
9785.845378  
9779.245958  
9772.607815  
9778.198215  
9803.179837  
9820.098904  
9795.523329  
9810.099623  
9810.975722  
9810.335056  
9781.963881  
9758.275201  
9794.803914  
9792.14586  
9779.017754  
9777.547635  
9806.497803  
9817.618232  
9785.642266  
9754.561374  
9766.500448  
9779.916897  
9752.894558  
9773.045397  
9805.239231  
9755.640327  
9771.271959  
9767.180623  
9800.069878  
9794.651896  
9813.781589  
9767.164103  
9771.344876  
9720.985107  
9762.509223  
9748.662001  
9786.19165  
9825.213162  
9770.103963  
9809.640422  
9748.436591  
9794.04164  
9768.776476  
9790.313721  
9774.503459  
9762.558879  
9771.597982  
9733.485799  
9774.145237  
9804.87462  
9772.73919  
9771.280558  
9770.15823  
9786.548475  
9721.548923  
9737.690389  
9805.15465  
9787.307454  
9800.603855  
9804.244954  
9854.200209  
9794.926568  
9804.496568  
9793.233927  
9776.304498  
9775.868625  
9787.657945  
9776.005792  
9803.568468  
9803.417996  
9817.16862  
9782.468099  
9768.786119  
9784.537367  
9817.67985  
9760.882853  
9767.586697  
9816.634521  
9819.735094  
9793.642944  
9799.456828  
9777.622762  
9780.897732  
9800.594699  
9821.032905  
9798.008274  
9811.869371  
9746.954102  
9768.585544  
9792.467773  
9798.863295  
9814.177911  
9806.450141  
9820.579698  
9814.29754  
9800.816257  
9759.899102  
9797.465251  
9816.656223  
9802.995375  
9793.398912  
9829.931071  
9819.206882  
9792.856133  
9734.285455  
9791.647949  
9765.302789  
9802.146552  
9776.502469  
9778.646023  
9821.074205  
9801.294447  
9762.181736  
9751.523844  
9755.718004  
9794.765313  
9797.30013  
9816.010037  
9803.889092  
9744.855794  
9752.532213  
9808.283108  
9748.861342  
9801.672051  
9772.224284  
9787.790392  
9751.209025  
9801.685438  
9709.388645  
9783.87736  
9751.748128  
9785.196167  
9699.086724  
9776.223294  
9800.302083  
9794.171929  
9772.265747  
9790.845676  
9796.773003  
9836.398003  
9835.604004  
9815.953722  
9827.96247  
9798.004734  
9769.327053  
9796.397624  
9811.850179  
9828.095242  
9796.451904  
9793.081082  
9784.612684  
9809.700507  
9816.386678  
9836.537571  
9825.498983  
9829.159044  
9790.83667  
9845.69614  
9822.688558  
9765.437866  
9791.581977  
9778.419339  
9765.558078  
9787.583089  
9781.120456  
9777.447442  
9819.701484  
9798.836249  
9768.959378  
9743.824164  
9720.166178  
9752.058797  
9745.463542  
9735.622762  
9760.522081  
9766.174764  
9744.754367  
9765.241157  
9789.493788  
9805.326945  
9776.279405  
9799.047553  
9800.378771  
9833.222561  
9780.990479  
9860.091715  
9838.090454  
9808.404636  
9819.535319  
9836.808634  
9853.472412  
9814.396023  
9826.239556  
9783.985989  
9762.765028  
9790.230943  
9784.65526  
9786.93221  
9786.549737  
9641.448012  
9807.911241  
9799.959635  
9793.458659  
9797.058702  
9793.399102  
9823.275933  
9817.182142  
9815.634915  
9789.748549  
9739.087185  
9793.3412  
9759.226047  
9735.925144  
9747.282674  
9803.533746  
9785.877957  
9790.472304  
9790.823229  
9787.851671  
9763.766479  
9764.405016  
9800.167874  
9789.480089  
9773.764309  
9796.49334  
9803.79012  
9777.377631  
9770.534587  
9756.97187  
9768.612793  
9795.661431  
9771.727444  
9769.262004  
9781.028171  
9791.679728  
9804.108778  
9820.04362  
9816.161838  
9811.582316  
9755.349948  
9769.370009  
9782.845676  
9793.466092  
9776.375448  
9810.240112  
9790.375122  
9808.769952  
9821.711534  
9825.344767  
9758.951253  
9785.589857  
9769.64171  
9793.895169  
9772.220771  
9786.841634  
9798.61141  
9756.086778  
