10548.52446  
10506.96871  
10555.84849  
10560.20358  
10539.99911  
10495.96374  
10493.99825  
10455.08874  
10447.12159  
10456.00889  
10442.9679  
10444.20248  
10391.65866  
10432.09666  
10448.01072  
10439.18933  
10430.42131  
10440.61239  
10444.59217  
10501.22802  
10514.94934  
10510.62594  
10500.12321  
10515.32393  
10542.0888  
10522.28536  
10500.3921  
10482.33617  
10462.39094  
10426.3204  
10453.39887  
10486.41994  
10453.88661  
10451.23859  
10465.02643  
10485.99726  
10483.62101  
10480.49944  
10488.10534  
10551.36958  
10534.97991  
10468.94066  
10519.59417  
10529.10659  
10511.77423  
10531.63807  
10540.21547  
10504.00964  
10459.0144  
10519.38934  
10511.0962  
10548.76521  
10516.59205  
10523.594  
10527.04093  
10557.56098  
10501.07908  
10458.49389  
10478.98577  
10517.15392  
10550.93983  
10488.99169  
10486.41878  
10489.64239  
10524.04463  
10525.6123  
10494.53871  
10527.74406  
10464.68916  
10456.22118  
10466.67973  
10389.52173  
10426.64459  
10454.3081  
10429.03372  
10398.76685  
10446.73597  
10474.28308  
10425.54156  
10446.12562  
10406.3285  
10433.20857  
10447.68293  
10465.07746  
10498.4483  
10515.30155  
10515.79663  
10564.59406  
10571.93432  
10546.22239  
10539.65565  
10528.67441  
10575.13429  
10584.73097  
10531.05861  
10471.25534  
10489.01226  
10477.38495  
10472.95044  
10461.3306  
10499.94924  
10494.4872  
10515.01151  
10506.92694  
10560.07197  
10544.04459  
10498.14511  
10537.04633  
10508.30473  
10444.73051  
10473.63601  
10494.9689  
10414.16072  
10507.78435  
10475.62708  
10428.4716  
10455.53216  
10476.67771  
10457.56736  
10421.22318  
10448.68526  
10455.79305  
10437.72812  
10457.29195  
10435.30608  
10495.04586  
10520.84489  
10546.02173  
10504.16097  
10561.13213  
10578.69623  
10542.92738  
10530.55317  
10452.44724  
10468.68719  
10451.39277  
10451.1272  
10466.25459  
10392.05244  
10395.28788  
10384.66786  
10407.01205  
10434.569  
10392.76359  
10466.58691  
10484.06034  
10517.52489  
10494.62338  
10528.39542  
10558.86118  
10492.77628  
10529.82557  
10516.15263  
10522.00152  
10505.45344  
10527.82295  
10548.83814  
10538.84851  
10530.04951  
10546.75536  
10564.57308  
10558.15723  
10583.2104  
10540.50422  
10450.74584  
10514.89011  
10529.7927  
10470.24129  
10470.14867  
10513.77994  
10477.11339  
10429.88975  
10438.85304  
10492.76914  
10487.19334  
10472.92512  
10543.79052  
10553.96991  
10486.64952  
10473.12413  
10488.76928  
10470.5315  
10499.02996  
10517.33371  
10442.50449  
10473.34261  
10427.01606  
10416.12151  
10431.88302  
10475.71239  
10493.16379  
10457.38984  
10474.931  
10448.03289  
10497.74724  
10522.55346  
10552.27728  
10482.16703  
10465.91834  
10468.30747  
10476.01991  
10442.04295  
10486.78142  
10487.12878  
10416.51868  
10457.2522  
10447.67042  
10486.13489  
10461.20491  
10484.68638  
10484.53603  
10486.05039  
10504.2312  
10498.26303  
10548.37579  
10551.18908  
10500.78208  
10583.14815  
10506.53403  
10486.04264  
10455.19109  
10425.63179  
10395.3687  
10414.03329  
10424.17788  
10440.83519  
10420.48375  
10433.96021  
10448.38855  
10469.76991  
10490.50669  
10498.38844  
10501.10586  
10515.26378  
10532.49169  
10509.22232  
10554.40773  
10514.82713  
10495.79669  
10489.12035  
10532.57146  
10476.33228  
10487.35441  
10452.32937  
10444.52714  
10445.80876  
10440.51045  
10470.81167  
10422.69882  
10423.1774  
10464.73286  
10424.63017  
10395.04937  
10465.59614  
10445.8952  
10412.03636  
10431.64838  
10443.2259  
10472.97781  
10489.99516  
10436.1261  
10476.20344  
10488.19531  
10513.66028  
10505.21709  
10533.18821  
10564.76182  
10572.24695  
10583.03374  
10537.2628  
10563.72721  
10546.31927  
10551.99476  
10526.40201  
10568.52768  
10574.26571  
10534.9076  
10512.89231  
10545.2248  
10537.61956  
10605.79008  
10547.66282  
10545.6533  
10566.43954  
10532.3835  
10544.62544  
10564.20759  
10464.43931  
10509.42418  
10447.39783  
10402.97505  
10386.12215  
10417.28838  
10420.67805  
10427.06163  
10430.89437  
10466.73899  
10443.30915  
10457.25632  
10503.61966  
10497.35526  
10455.18  
10450.12517  
10450.61073  
10421.1805  
10468.29411  
10461.68989  
10438.23088  
10446.48839  
10417.70699  
10341.67626  
10374.51172  
10419.62423  
10440.6155  
10385.29278  
10459.87851  
10475.35748  
10539.54939  
10523.58862  
10577.66238  
10546.57405  
10561.01787  
10557.67884  
10587.65943  
10555.87253  
10527.78349  
10557.08207  
10547.87089  
10558.7451  
10542.82551  
10552.77622  
10553.96204  
10583.24152  
10578.19521  
10576.05791  
10588.28663  
10550.19265  
10580.22189  
10507.1155  
10515.21831  
10482.57285  
10522.32927  
10505.79021  
10474.86046  
10418.1128  
10365.85401  
10390.34928  
10365.4877  
10411.23564  
10418.48654  
10420.50497  
10420.78036  
10399.46225  
10426.13046  
10453.02475  
10469.38429  
10465.48292  
10487.19552  
10488.36004  
10500.93247  
10505.96283  
10475.73446  
10452.51095  
10433.52283  
10425.22829  
10433.08745  
10439.51976  
10419.05386  
10425.35281  
10387.2244  
10431.10647  
10455.14168  
10459.70504  
10482.24356  
10496.20782  
10512.6159  
10563.92113  
10521.47249  
10546.96075  
10607.19033  
10597.65191  
10550.569  
10604.54542  
10578.40311  
10552.61698  
10547.08051  
10536.34414  
10569.9753  
10613.23142  
10569.09836  
10482.31221  
10468.12263  
10431.90209  
10438.14366  
10457.48839  
10443.80903  
10458.13684  
10490.95928  
10503.43671  
10496.78474  
10471.97137  
10516.34616  
10488.55519  
10446.66521  
10464.59173  
10464.53952  
10462.46877  
10456.29571  
10458.36141  
10428.10256  
10464.12469  
10411.42383  
10513.5192  
10540.38242  
10567.00152  
10553.09828  
10566.30124  
10606.66244  
10557.6309  
10608.94072  
10565.73654  
10518.81672  
10504.94166  
10503.75719  
10513.57532  
10492.98307  
10539.70053  
10553.11604  
10492.79403  
10476.15193  
10432.35915  
10427.87691  
10414.87697  
10399.62095  
10418.03973  
10432.28418  
10452.1101  
10449.65101  
10451.94957  
10506.28871  
10530.70878  
10550.02217  
10504.12986  
10519.31005  
10504.72093  
10481.68794  
10497.44845  
10500.60108  
10488.26051  
10496.62835  
10507.51826  
10530.45194  
10560.9071  
10520.89902  
10521.84668  
10511.21628  
10440.00956  
10469.56443  
10443.44747  
10405.44905  
10419.25166  
10406.77998  
10405.37884  
10385.18584  
10396.78497  
10416.7932  
10436.54197  
10452.60011  
10465.46493  
10487.05321  
10499.86806  
10532.48203  
10515.50638  
10514.96277  
10489.50621  
10504.3243  
10469.58105  
10460.92805  
10423.44995  
10483.70676  
10515.70387  
10542.82935  
10502.39717  
10475.26336  
10509.69598  
10507.06884  
10396.60958  
10442.61681  
10464.74938  
10466.02126  
10498.32569  
10462.32578  
10506.51683  
10559.33413  
10591.52712  
10596.11189  
10563.17104  
10555.2746  
10544.71536  
10504.64941  
10466.90326  
10434.8643  
10407.46391  
10379.97029  
10435.04222  
10432.46792  
10451.41826  
10481.43557  
10483.53507  
10495.97367  
10486.16417  
10505.17559  
10497.19708  
10550.22918  
10563.09342  
10546.08072  
10575.70379  
10555.71779  
10493.96615  
10449.06948  
10447.86723  
10412.33311  
10434.4663  
10407.76288  
10425.12323  
10418.36282  
10429.85229  
10410.49807  
10384.50474  
10401.04835  
10457.77948  
10454.84662  
10464.82538  
10465.70853  
10511.4327  
10517.09284  
10484.13015  
10481.35131  
10504.6919  
10531.29463  
10546.97382  
10541.1486  
10549.89547  
10622.22993  
10586.02167  
10542.35381  
10499.81813  
10442.95824  
10494.35636  
10503.16857  
10477.60318  
10485.17082  
10503.99985  
10472.13913  
10461.37269  
10430.86983  
10435.81807  
10451.45697  
10450.28266  
10474.03281  
10462.11779  
10417.28948  
10368.19791  
10399.5843  
10375.57021  
10406.01947  
10407.54983  
10442.00301  
10465.99958  
10498.86043  
10511.93139  
10517.43679  
10510.83752  
10474.67474  
10493.84645  
10443.34928  
10470.0656  
10456.44311  
10456.26486  
10466.34109  
10467.93623  
10443.42794  
10436.42663  
10459.33162  
10485.23267  
10504.6565  
10494.20138  
10522.77038  
10491.66994  
10503.93684  
10480.38944  
10474.3872  
10466.51851  
10450.4219  
10467.78971  
10461.13518  
10487.35177  
10461.92335  
10435.42749  
10416.65453  
10425.76184  
10447.30103  
10427.52705  
10435.5481  
10439.53229  
10480.2821  
10498.03227  
10482.17844  
10519.60913  
10517.98371  
10500.08432  
10479.23003  
10473.84379  
10511.04297  
10502.74759  
10509.65577  
10545.34163  
10547.45703  
10503.95354  
10550.91271  
10497.41697  
10512.71437  
10628.86239  
10539.01974  
10563.58972  
10547.38339  
10557.83862  
10536.02579  
10510.29027  
10529.32056  
10536.85304  
10488.6923  
10485.07842  
10471.22899  
10485.84354  
10483.25033  
10475.67628  
10481.21881  
10472.22384  
10482.37296  
10522.34707  
10509.86081  
10492.52516  
10510.41103  
10503.68494  
10468.49582  
10534.9045  
10503.45479  
10503.12672  
10438.02892  
10460.20171  
10446.26926  
10505.4903  
10487.07499  
10530.46902  
10503.92082  
10541.23687  
10490.22397  
10503.5549  
10525.02414  
10548.18095  
10493.2088  
10508.62643  
10526.10927  
10494.52381  
10508.85223  
10538.22424  
10513.11366  
10522.55652  
10481.84381  
10472.44521  
10466.72039  
10469.08446  
10409.49158  
10383.56445  
10376.12199  
10430.30573  
10463.96669  
10479.7499  
10496.71798  
10480.06934  
10521.05228  
10604.63529  
10548.77211  
10573.65141  
10552.32748  
10551.28946  
10558.88271  
10550.92441  
10489.36767  
10477.78237  
10486.57665  
10487.57702  
10456.69161  
10448.65469  
10454.08257  
10480.80585  
10485.9642  
10498.30741  
10525.5556  
10539.27113  
10518.12812  
10519.09969  
10474.30271  
10491.96894  
10484.1779  
10474.0581  
10433.63408  
10492.11482  
10547.10289  
10511.86085  
10461.78923  
10450.75553  
10449.71376  
10455.38342  
10464.8925  
10430.20136  
10444.32966  
10446.35464  
10463.2376  
10524.62074  
10513.25609  
10469.82511  
10438.89586  
10444.12816  
10446.71678  
10458.05093  
10504.80406  
10462.81098  
10440.55423  
10466.16745  
10504.82403  
10544.10381  
10521.40613  
10535.11058  
10532.55614  
10527.05928  
10518.86887  
10545.57127  
10539.58658  
10505.75191  
10553.94128  
10523.55145  
10551.2703  
10596.12032  
10558.782  
10602.26168  
10539.03439  
10443.88229  
10513.43638  
10495.96445  
10521.06736  
10460.88543  
10427.01681  
10468.36698  
10455.78229  
10491.18827  
10518.58326  
10486.61837  
10483.50081  
10474.09252  
10461.09159  
10447.34691  
10407.93588  
10428.7056  
10446.79033  
10374.66811  
10434.17183  
10491.11951  
