6666.565706  
6670.285668  
6660.13588  
6689.727111  
6663.19435  
6689.574901  
6668.217488  
6656.651224  
6630.493846  
6634.391169  
6610.352221  
6597.171184  
6583.829769  
6599.163358  
6622.54061  
6613.203415  
6592.753501  
6575.667061  
6618.281384  
6616.174574  
6605.938679  
6635.585974  
6592.549666  
6606.108269  
6628.872923  
6610.350139  
6636.686362  
6656.618966  
6614.777643  
6638.975462  
6619.335058  
6639.358758  
6646.197031  
6640.351936  
6633.098799  
6673.641228  
6668.931982  
6646.867837  
6665.091258  
6653.047363  
6615.551578  
6649.264529  
6632.639077  
6637.363226  
6666.239364  
6683.595639  
6656.463738  
6666.684782  
6665.40409  
6652.424832  
6647.77095  
6682.631509  
6676.84305  
6645.561178  
6649.534585  
6664.068217  
6646.894688  
6641.876165  
6621.364244  
6605.53336  
6608.695262  
6604.072496  
6646.554554  
6595.477977  
6622.031692  
6603.581856  
6637.712835  
6636.872918  
6628.477014  
6652.824067  
6620.25205  
6608.141067  
6624.879749  
6633.247867  
6635.675422  
6627.108629  
6605.008771  
6578.124235  
6586.102281  
6568.491925  
6603.839001  
6589.677002  
6631.844381  
6621.748802  
6691.058842  
6641.260323  
6643.708745  
6573.900718  
6612.315333  
6618.759485  
6603.948906  
6609.468022  
6604.554688  
6618.005491  
6611.058391  
6619.22057  
6634.425127  
6604.599927  
6600.466861  
6624.746329  
6648.591322  
6590.77113  
6652.469842  
6640.459795  
6668.921847  
6649.63834  
6686.302536  
6649.840475  
6659.435759  
6664.333473  
6677.152307  
6701.123936  
6614.370882  
6669.919148  
6658.451043  
6658.384379  
6618.182548  
6581.207745  
6632.376433  
6614.072782  
6606.446188  
6616.256237  
6579.429102  
6645.900193  
6649.922672  
6652.628054  
6628.729764  
6592.340654  
6604.693309  
6580.042361  
6655.511511  
6649.639455  
6652.070686  
6693.724476  
6675.57924  
6710.600789  
6696.08977  
6715.772544  
6638.485149  
6655.001479  
6615.325831  
6629.324085  
6631.752741  
6649.922156  
6663.862825  
6684.564835  
6657.54348  
6624.905052  
6629.107634  
6631.57151  
6659.235402  
6669.499747  
6602.506887  
6636.873227  
6600.569769  
6628.595639  
6622.711053  
6630.028118  
6668.198196  
6626.68896  
6676.28506  
6629.231436  
6683.597444  
6667.777242  
6640.373024  
6650.494933  
6660.592354  
6609.307507  
6627.048073  
6593.438592  
6661.634443  
6644.116179  
6600.903537  
6662.111637  
6652.103875  
6670.798602  
6636.674888  
6653.887276  
6652.565043  
6592.598186  
6648.565471  
6646.885848  
6607.346108  
6651.021203  
6581.527791  
6632.497817  
6616.604336  
6635.071026  
6612.758545  
6607.940195  
6600.800533  
6647.855662  
6650.083855  
6625.176868  
6652.345123  
6653.818958  
6656.718031  
6668.696377  
6640.974416  
6675.181977  
6631.868335  
6661.35241  
6655.37494  
6641.761323  
6624.925661  
6655.075301  
6643.52318  
6614.472937  
6609.431314  
6640.17346  
6669.576688  
6692.489451  
6663.222085  
6672.577296  
6618.068696  
6622.755799  
6623.989893  
6606.58281  
6621.520909  
6631.544779  
6648.40766  
6646.492519  
6650.042711  
6567.154969  
6642.184999  
6546.032079  
6622.37951  
6594.137368  
6610.261005  
6620.084192  
6616.846541  
6665.314877  
6603.193083  
6682.748613  
6657.253846  
6660.515519  
6608.686666  
6657.114074  
6668.715659  
6634.514925  
6663.931392  
6650.573689  
6614.814089  
6650.411801  
6635.594851  
6635.349034  
6635.998632  
6656.298123  
6667.795539  
6680.284295  
6622.478262  
6615.632831  
6656.988576  
6594.760687  
6602.792195  
6656.389828  
6640.237512  
6679.09989  
6665.472583  
6605.326015  
6626.926504  
6618.849651  
6638.533535  
6639.457962  
6630.108385  
6639.055899  
6671.481689  
6665.311947  
6683.550984  
6661.054448  
6656.765086  
6640.481754  
6619.900847  
6608.923916  
6605.396807  
6639.09223  
6651.886991  
6662.103391  
6648.520955  
6624.429688  
6632.752418  
6653.200983  
6631.341014  
6656.986043  
6671.407687  
6631.13273  
6597.292637  
6600.178785  
6603.118984  
6584.275989  
6584.239963  
6617.830327  
6559.686583  
6623.266588  
6611.038003  
6643.592815  
6635.72963  
6629.184709  
6648.156771  
6605.812325  
6627.058967  
6642.789546  
6658.60791  
6646.517785  
6653.002934  
6646.187767  
6660.064034  
6680.739285  
6691.700232  
6690.9907  
6647.493864  
6638.662367  
6691.496421  
6654.922658  
6611.388405  
6634.218156  
6601.882393  
6581.383001  
6613.023737  
6619.428891  
6577.128902  
6610.767297  
6639.323219  
6638.113194  
6618.550698  
6684.491833  
6617.935625  
6639.219266  
6647.311362  
6643.370053  
6639.470072  
6591.886157  
6636.213545  
6548.113512  
6631.950799  
6636.378017  
6665.972983  
6666.360434  
6675.273668  
6693.909037  
6626.944635  
6664.554383  
6633.287363  
6646.512875  
6622.563394  
6608.314753  
6608.900022  
6591.031356  
6634.44792  
6563.532443  
6598.439343  
6623.113945  
6611.058944  
6650.377851  
6647.162575  
6664.824283  
6699.03014  
6682.969685  
6677.08468  
6652.535958  
6636.125539  
6614.241377  
6601.46799  
6642.371071  
6639.302476  
6662.771779  
6642.485453  
6615.193493  
6624.558345  
6638.758642  
6525.791223  
6589.430881  
6623.983656  
6553.230962  
6611.788855  
6634.437389  
6615.792909  
6661.126589  
6614.141717  
6605.606339  
6618.100337  
6649.525533  
6612.971694  
6674.428978  
6705.57737  
6669.500769  
6677.398055  
6620.293112  
6604.165928  
6629.550196  
6618.391772  
6679.284894  
6688.698707  
6690.512  
6682.015777  
6647.869716  
6677.500184  
6652.822123  
6635.152206  
6627.103156  
6650.562822  
6628.557203  
6674.412275  
6655.075168  
6627.481574  
6602.112342  
6589.885401  
6598.082418  
6615.236425  
6642.012723  
6639.896065  
6585.267458  
6604.878303  
6584.38308  
6605.915827  
6625.306701  
6635.250018  
6639.427453  
6613.455834  
6627.664514  
6592.458012  
6603.140519  
6649.333851  
6657.505445  
6616.413938  
6653.680577  
6638.503708  
6645.454617  
6629.065061  
6635.708611  
6644.638257  
6672.016196  
6668.275478  
6677.570515  
6651.631937  
6686.846224  
6666.878418  
6628.009079  
6659.550855  
6657.586126  
6642.315678  
6649.631744  
6627.695289  
6651.3616  
6667.524368  
6637.702632  
6644.872545  
6619.530402  
6621.344114  
6631.160387  
6654.240188  
6662.02142  
6627.700099  
6676.529896  
6650.007536  
6663.778915  
6649.673722  
6680.814711  
6672.814725  
6617.036851  
6649.565402  
6587.06519  
6638.32222  
6651.839245  
6642.463711  
6628.182548  
6639.390413  
6639.771397  
6637.447358  
6626.88425  
6611.152035  
6585.037519  
6586.708353  
6588.831681  
6576.270844  
6625.057728  
6629.001594  
6642.903859  
6582.725627  
6624.121366  
6632.651911  
6597.623162  
6633.556346  
6641.591018  
6620.26522  
6624.652698  
6595.861724  
6627.481399  
6608.989525  
6643.476867  
6640.206294  
6601.583372  
6552.375889  
6567.477452  
6606.656586  
6643.574744  
6622.326034  
6671.966705  
6642.167669  
6647.566498  
6636.712863  
6687.1576  
6588.673441  
6625.670544  
6625.950951  
6686.607321  
6635.882743  
6677.633821  
6657.751474  
6617.152169  
6637.145641  
6584.040159  
6620.052891  
6641.490819  
6641.926845  
6673.21524  
6628.730326  
6675.115695  
6666.042066  
6662.273221  
6693.349467  
6655.976521  
6669.895448  
6634.390934  
6647.123185  
6644.964144  
6638.538431  
6640.761327  
6655.938168  
6648.995034  
6652.461292  
6673.408042  
6673.403191  
6680.293181  
6677.418356  
6646.648884  
6667.837831  
6640.235393  
6586.895706  
6570.2579  
6577.870799  
6607.9416  
6573.281204  
6615.147314  
6609.807912  
6593.155946  
6624.991796  
6550.958865  
6629.046861  
6589.565559  
6615.304927  
6610.537381  
6618.607063  
6645.569175  
6638.71436  
6646.391813  
6590.892855  
6563.38349  
6617.097532  
6638.242188  
6653.496481  
6663.825089  
6634.810054  
6678.559059  
6647.796055  
6637.781794  
6618.900791  
6625.560077  
6616.860204  
6600.24339  
6640.364322  
6647.425182  
6673.068111  
6645.432746  
6631.5089  
6672.194078  
6686.810598  
6660.967902  
6682.826167  
6651.490419  
6654.294406  
6664.34287  
6673.017947  
6664.816443  
6663.792467  
6662.054457  
6650.523456  
6632.443419  
6642.158254  
6628.624106  
6609.867261  
6634.513561  
6603.914302  
6622.544434  
6644.048266  
6625.520692  
6613.228207  
6604.234665  
6633.098596  
6584.107652  
6610.735439  
6628.673929  
6641.109352  
6614.108039  
6589.027399  
6632.335965  
6621.246283  
6622.612807  
6645.698132  
6639.00333  
6628.594975  
6567.153477  
6648.714254  
6621.530693  
6638.922326  
6660.304591  
6637.638534  
6683.419406  
6643.357044  
6600.86505  
6630.15988  
6645.818857  
6658.757467  
6601.874097  
6671.127626  
6653.331538  
6653.923966  
6683.348103  
6684.055074  
6664.954917  
6591.398497  
6631.26516  
6622.518264  
6647.707828  
6644.360522  
6665.576365  
6669.907535  
6647.201315  
6644.934884  
6647.3846  
6640.009779  
6662.495113  
6606.638819  
6652.236273  
6646.760024  
6608.056221  
6639.667356  
6630.181926  
6654.935874  
6616.830695  
6666.192194  
6655.839194  
6605.949905  
6606.521005  
6657.741492  
6672.973444  
6681.292462  
6667.364843  
6706.611393  
6674.812049  
6705.419189  
6697.622978  
6659.724361  
6686.724338  
6652.166988  
6631.915159  
6671.782894  
6639.460924  
6671.026768  
6659.84369  
6641.198832  
6633.307474  
6649.39051  
6642.086218  
6610.950315  
6610.748443  
6627.872314  
6614.833413  
6654.547677  
6619.13489  
6600.439412  
6645.18926  
6631.360771  
6644.552108  
6636.306724  
6651.804489  
6629.380855  
6631.806263  
6675.313518  
6648.798768  
6680.500189  
6684.336421  
6686.115234  
6685.739774  
6596.443124  
6648.048271  
6532.201315  
6646.131693  
6575.150662  
6611.866202  
6672.543664  
6639.201476  
6621.637239  
6650.673404  
6637.154965  
6644.312472  
6644.181631  
6627.958252  
6614.629224  
6618.307382  
6627.17819  
6615.866349  
6655.944741  
6644.432051  
6635.270397  
6617.458515  
6579.319797  
6604.948841  
6650.213135  
