10039.00511  
9978.407868  
9947.782227  
9937.697991  
9954.763225  
9945.841602  
9893.532464  
9992.512946  
9945.625698  
9922.992536  
9902.822628  
9941.694782  
9922.854157  
9950.674051  
9953.041434  
9961.720257  
9924.49534  
9888.20353  
9925.635017  
9916.89548  
9917.665513  
9932.798242  
9912.754492  
9876.963086  
9849.394922  
9913.795243  
9887.374149  
9913.107561  
9930.785142  
9966.310854  
9903.160128  
9868.269517  
9940.208761  
9914.773633  
9884.84322  
9931.013811  
9958.662946  
9935.606306  
9965.481138  
9912.634766  
9901.430804  
9895.671819  
9864.309515  
9874.772307  
9885.519057  
9883.273968  
9938.905259  
9951.120787  
9957.657701  
9975.925391  
9904.574372  
9870.035407  
9866.035798  
9861.518694  
9902.469099  
9956.747531  
9910.953474  
9929.202832  
9888.521177  
9882.915597  
9952.340597  
9924.685142  
9907.003265  
9941.744978  
9980.1375  
9936.881473  
9974.556948  
9936.98683  
9934.206808  
9924.442439  
9917.557896  
9923.764481  
9968.115792  
10016.82193  
9985.641211  
9969.344448  
9985.468862  
9943.448856  
9965.187667  
9954.150279  
9976.047391  
9944.779213  
9912.751939  
9935.237835  
9916.415304  
9853.121484  
9845.336482  
9911.725251  
9901.613337  
9982.818192  
9957.050307  
9939.280748  
9897.256989  
9911.69668  
9917.893304  
9868.880287  
9900.036384  
9882.76769  
9906.212807  
9887.900698  
9896.61197  
9923.453516  
9953.315681  
9939.91183  
9939.996289  
9917.575516  
9938.046987  
9928.520229  
9945.55219  
9973.513923  
9978.137249  
9958.188783  
9909.688923  
9943.159263  
9963.815095  
9935.593638  
9974.147238  
9986.405078  
9974.997838  
9982.211719  
9933.973549  
9947.444685  
9975.609487  
9882.444964  
9858.859012  
9888.686593  
9909.80678  
9904.644768  
9928.235073  
9921.070396  
9901.001256  
9920.042341  
9893.572698  
9899.515723  
9913.399023  
9906.377065  
9911.316629  
9896.088909  
9836.463449  
9912.648661  
9882.91981  
9922.715374  
9957.722935  
9951.655301  
9964.827539  
10036.0923  
10044.56007  
10054.2745  
10051.63836  
10012.11917  
10028.15714  
10034.04266  
10028.7118  
10027.49461  
9969.917578  
9966.80067  
9943.797294  
9962.933454  
9921.150321  
9967.681306  
9900.432645  
9945.307366  
9920.041936  
9879.185003  
9849.345787  
9839.713993  
9835.719015  
9892.254715  
9913.312612  
9910.344671  
9891.162514  
9875.185854  
9893.298214  
9850.060603  
9876.816853  
9889.054116  
9868.70678  
9875.791602  
9886.105134  
9885.94255  
9892.900921  
9939.613783  
9967.556362  
9953.068025  
9962.908705  
9948.099191  
9969.444503  
9950.272628  
9951.830371  
9933.192969  
9933.071819  
9946.743304  
9972.039537  
9951.791462  
9926.085714  
9917.858092  
9918.854911  
9929.94894  
9946.273633  
9930.579506  
9886.806376  
9917.947712  
9915.402776  
9951.883873  
9939.209319  
9937.124275  
9927.276842  
9913.500363  
9887.367801  
9912.16981  
9979.039342  
9973.29827  
10009.28262  
9991.48923  
9978.385045  
9936.315402  
9961.527288  
9919.629408  
9886.232687  
9883.539383  
9874.331459  
9892.774526  
9940.392829  
9927.763672  
9925.125977  
9863.391309  
9887.370926  
9893.132729  
9923.462751  
9893.761063  
9883.944629  
9901.33976  
9889.09149  
9871.226716  
9896.361733  
9888.31642  
9906.106613  
9889.914397  
9921.313114  
9898.362751  
9895.648382  
9897.241281  
9961.220257  
9950.719141  
9981.298689  
9968.901144  
9942.259515  
9968.491239  
9945.394894  
9960.577902  
9966.992467  
9965.977372  
9970.186356  
10000.69096  
10009.86911  
10054.1887  
10014.07757  
9982.945033  
9956.385212  
9962.488728  
9944.957478  
9955.908873  
10003.73281  
10011.25954  
9993.511049  
9943.515067  
9887.523926  
9891.966099  
9884.552134  
9901.328544  
9941.153013  
9924.320508  
9932.215988  
9972.644224  
9952.840137  
9918.300642  
9887.59993  
9865.169182  
9836.162402  
9835.235073  
9848.07959  
9880.022335  
9910.554785  
9900.732087  
9932.833482  
9912.761077  
9963.589593  
9967.775167  
9970.840625  
9932.178516  
9973.712137  
9931.953516  
9928.230078  
9950.299554  
9943.177316  
9975.604129  
9952.311468  
9963.634082  
9920.394754  
9929.310519  
9873.520326  
9915.305022  
9902.094141  
9891.176088  
9895.90639  
9937.431892  
9963.048828  
9956.807338  
9883.212207  
9907.620731  
9901.399498  
9899.7524  
9934.06183  
9986.358175  
9982.58471  
9990.17659  
9968.712333  
9979.31716  
9970.847768  
9978.577567  
9957.043583  
9988.716908  
9945.178041  
9929.284584  
9913.166853  
9922.531975  
9886.818834  
9893.397684  
9896.128697  
9893.864927  
9913.967941  
9904.689732  
9964.749833  
9932.430525  
9964.080887  
9934.905371  
9938.570396  
9931.662109  
9919.281445  
9895.519057  
9924.64149  
9945.037333  
9952.07514  
9947.506752  
9887.876925  
9923.404855  
9943.36875  
9939.950474  
9941.212277  
9925.1476  
9935.461049  
9941.883845  
9969.127511  
9979.49707  
9968.612807  
9951.85611  
9974.601423  
9957.450307  
9976.739955  
9943.847126  
9925.227427  
9935.46649  
9913.396177  
9956.425977  
9933.781975  
9945.99442  
9957.294964  
9927.428544  
9956.70971  
9948.924749  
9893.913532  
9867.600572  
9870.552344  
9923.996373  
9936.243722  
9887.82221  
9860.203781  
9841.834319  
9854.742257  
9884.160128  
9881.507185  
9891.16582  
9898.124233  
9899.519001  
9964.000446  
9979.081696  
10040.74858  
10016.25762  
9970.66024  
9970.875725  
9948.194587  
9925.689788  
9957.433622  
9957.055859  
9907.481892  
9960.7375  
9958.564258  
9886.452316  
9946.188309  
9939.054604  
9873.021903  
9915.294685  
9927.617746  
9881.044601  
9885.475321  
9833.999847  
9832.549679  
9869.076409  
9890.299986  
9894.245884  
9935.36822  
9897.586133  
9926.925572  
9968.21264  
9942.521931  
9958.735156  
9919.097824  
9908.88111  
9873.798828  
9919.968108  
9899.959766  
9949.90639  
9941.489593  
9955.392746  
9959.990346  
10001.63086  
10000.21002  
9995.140151  
9980.678571  
10001.98795  
9958.024386  
9978.60611  
9969.360156  
9968.905776  
9941.419113  
9966.140932  
9943.104171  
9926.07772  
9921.037472  
9912.273493  
9897.060324  
9888.843387  
9922.378348  
9886.395884  
9903.546387  
9854.436412  
9876.578753  
9851.316616  
9917.89255  
9948.368136  
9964.777762  
9954.735547  
9942.350056  
9918.877874  
9974.720312  
9967.311635  
10011.53968  
9971.161105  
9993.796568  
9996.78298  
10020.68016  
10014.56855  
9958.981166  
9942.297991  
9957.325921  
9972.555078  
9966.679771  
10008.24074  
9976.083147  
9932.071763  
9921.114816  
9884.516183  
9850.071568  
9887.809821  
9895.566267  
9866.435491  
9887.110882  
9917.611203  
9869.529367  
9873.751493  
9887.948312  
9882.439914  
9910.04668  
9914.746415  
9870.633984  
9892.08139  
9891.08298  
9866.479618  
9869.942313  
9970.301869  
9947.870536  
9862.5619  
9886.422168  
9880.682087  
9877.924581  
9906.536189  
9918.971917  
9929.755497  
9930.198298  
9889.530692  
9937.582227  
9928.604994  
9974.666657  
9942.534794  
9939.008789  
9951.44103  
10006.23856  
9976.047349  
9974.254464  
9969.040206  
9925.912402  
9885.620466  
9928.780887  
9926.114174  
9941.297266  
9934.03019  
9949.187333  
9920.904353  
9925.427623  
9955.999135  
9955.795592  
9963.572796  
9990.903739  
9949.099009  
9936.854408  
9912.890318  
9938.60233  
9920.242006  
9908.1875  
9920.32567  
9918.749135  
9941.041267  
9954.286998  
9934.044866  
9900.763853  
9942.317522  
9944.340792  
9938.766071  
9933.047405  
9948.767592  
9912.312402  
9906.55692  
9929.356724  
9923.698354  
9910.811858  
9900.608901  
9872.000042  
9916.263783  
9844.526046  
9863.687472  
9864.085379  
9855.167564  
9834.895843  
9853.122545  
9858.91656  
9893.501116  
9930.720257  
9941.147963  
9968.411482  
9950.484877  
9921.324777  
9931.589676  
9942.304548  
9933.856864  
9962.824135  
9981.912444  
9965.850921  
9984.636105  
9959.322154  
9953.3125  
9970.698661  
9940.060435  
9964.739286  
9959.209249  
9939.004018  
9967.619392  
9907.569727  
9935.491825  
9920.959542  
9913.853181  
9894.433594  
9881.372935  
9915.754227  
9856.773089  
9916.615304  
9899.363002  
9920.28245  
9875.527218  
9884.56296  
9907.886635  
9896.016169  
9927.129325  
9927.875558  
9907.738728  
9864.316699  
9858.842257  
9908.037193  
9888.217299  
9932.298298  
9937.483147  
9929.040988  
9919.113574  
9944.824791  
9947.658622  
9960.835854  
9940.661551  
9918.936161  
9898.99421  
9914.242662  
9915.636998  
9957.844392  
9997.248856  
9982.700474  
10006.57478  
9983.794448  
9955.505064  
9970.616992  
9954.012528  
9903.42514  
9932.985073  
9923.267732  
9931.363867  
9939.823968  
9904.365737  
9909.027093  
9918.427734  
9913.439704  
9913.751618  
9968.231808  
9932.138783  
9933.662458  
9925.135282  
9953.801423  
9897.143624  
9890.844029  
9853.881264  
9856.351855  
9893.964704  
9894.81423  
9909.198884  
9916.233008  
9941.561412  
9938.495717  
9952.993917  
9948.592104  
9950.227427  
10003.74799  
9991.075279  
9978.410407  
9970.485491  
9986.294838  
9972.827902  
9978.897879  
9948.817718  
9900.574079  
9904.873828  
9913.716127  
9916.496122  
9910.132268  
9945.248103  
9951.792606  
9956.092048  
9958.921596  
9917.876814  
9934.713365  
9859.846275  
9898.642411  
9909.018331  
9968.011523  
10008.09729  
10016.23825  
10001.84777  
9964.353711  
9943.53457  
9917.378655  
9971.78591  
9960.408594  
9967.983175  
9971.141685  
9939.547712  
9932.67168  
9886.441225  
9914.13736  
9933.00339  
9882.524177  
9939.428711  
9912.870187  
9873.278809  
9879.867132  
9868.787095  
9878.87899  
9896.585491  
9887.337068  
9879.862653  
9867.581878  
9861.233454  
9887.014021  
9907.772377  
9891.557589  
9866.551772  
9891.992062  
9956.623828  
9931.225977  
9923.476423  
9918.607171  
9912.778739  
9932.442439  
9917.811356  
9917.291127  
9900.020257  
9900.373856  
9903.739648  
9920.823619  
9934.49428  
9936.146108  
9920.370968  
9935.440485  
9969.278655  
9936.579157  
9927.93245  
9879.433817  
9916.172796  
9930.124163  
9962.186412  
9963.290765  
9945.229269  
9933.336914  
9921.259222  
9931.922168  
9962.301032  
9926.408203  
9957.794503  
9997.093722  
9966.108412  
9966.907031  
9939.780971  
