10480.59903  
10416.91211  
10365.59311  
10354.09437  
10368.71884  
10357.01909  
10320.02987  
10283.8416  
10338.58501  
10346.1143  
10348.9988  
10374.32622  
10388.07278  
10322.25699  
10299.62806  
10310.96795  
10264.68916  
10300.83891  
10279.28263  
10322.15971  
10274.62025  
10326.03209  
10299.82697  
10301.00715  
10330.92323  
10343.69387  
10329.33432  
10301.09948  
10324.99363  
10367.05276  
10333.83467  
10322.27277  
10337.69813  
10352.52714  
10369.00717  
10337.20657  
10361.49294  
10358.99285  
10398.64384  
10314.52264  
10333.28624  
10299.9185  
10322.04306  
10334.33711  
10321.37855  
10352.03169  
10337.65498  
10296.997  
10340.96624  
10335.04938  
10295.88556  
10339.58831  
10330.89673  
10274.78576  
10307.38681  
10298.4618  
10294.24656  
10301.03979  
10312.12611  
10315.46282  
10371.52239  
10384.13443  
10379.27022  
10394.1626  
10412.32493  
10423.63192  
10381.58489  
10381.91404  
10391.51272  
10380.24276  
10364.83574  
10345.56774  
10402.50992  
10413.71127  
10364.18468  
10413.6531  
10390.27042  
10343.22863  
10351.19081  
10350.75422  
10364.94589  
10411.26587  
10369.5166  
10365.37962  
10360.00852  
10355.82468  
10347.54239  
10326.81152  
10303.43799  
10375.91471  
10346.75464  
10414.62893  
10442.86486  
10397.54894  
10417.97703  
10421.68615  
10412.3928  
10366.8064  
10358.47432  
10396.05753  
10358.64078  
10287.65705  
10323.35665  
10343.69354  
10349.6436  
10353.99984  
10333.97246  
10248.18555  
10219.71937  
10180.49465  
10276.95053  
10298.07375  
10281.09834  
10331.62908  
10309.42729  
10342.78225  
10306.28256  
10317.25115  
10306.63523  
10316.5955  
10359.72716  
10398.7684  
10384.84837  
10389.54408  
10340.32994  
10393.67667  
10376.00311  
10375.39688  
10364.85587  
10308.36071  
10320.89968  
10323.79565  
10271.55142  
10222.11628  
10192.90734  
10195.8875  
10272.59391  
10267.82182  
10317.33436  
10300.91317  
10348.14802  
10326.97228  
10349.34883  
10336.92782  
10346.38525  
10386.0022  
10343.91786  
10396.78112  
10372.20552  
10376.50679  
10384.88286  
10348.75641  
10331.56962  
10327.74094  
10330.89043  
10367.97934  
10356.80194  
10349.09482  
10373.84306  
10296.64038  
10341.17105  
10307.22485  
10309.10762  
10317.63204  
10302.24234  
10297.79446  
10307.09917  
10316.12382  
10339.13263  
10388.47217  
10391.47161  
10433.95978  
10391.55404  
10354.98695  
10411.9476  
10385.91286  
10374.35372  
10331.23136  
10370.91861  
10343.40297  
10348.13363  
10341.31024  
10297.11734  
10331.47556  
10331.75402  
10347.77044  
10273.98739  
10247.23846  
10212.15476  
10250.81052  
10222.00107  
10233.99141  
10283.48688  
10268.78933  
10294.73318  
10300.77344  
10327.15443  
10314.82355  
10317.3404  
10354.92913  
10400.15474  
10433.07662  
10414.22645  
10397.5439  
10380.44001  
10377.76048  
10389.72663  
10351.37553  
10333.29319  
10314.69698  
10353.91282  
10321.70874  
10300.05828  
10279.51753  
10253.4836  
10279.39864  
10313.75566  
10295.77819  
10354.52557  
10364.96522  
10359.02923  
10330.3841  
10380.30857  
10340.23307  
10391.48111  
10405.45483  
10405.53567  
10413.73069  
10394.50346  
10395.08092  
10334.67909  
10323.69158  
10337.63809  
10315.40221  
10295.08032  
10301.22374  
10312.89933  
10311.53465  
10298.1331  
10304.74589  
10330.46564  
10299.32204  
10309.90325  
10330.72235  
10279.04201  
10298.21589  
10340.12733  
10369.21409  
10331.62602  
10341.58776  
10385.32486  
10345.89293  
10291.88501  
10242.43115  
10245.34275  
10247.75364  
10288.49015  
10240.95936  
10262.46134  
10293.01913  
10284.56994  
10304.09646  
10321.38732  
10309.23249  
10328.01918  
10309.05782  
10361.90303  
10377.53362  
10397.96074  
10413.49103  
10456.47687  
10437.46902  
10443.27823  
10406.04565  
10394.05451  
10342.54317  
10305.31854  
10279.72408  
10242.16606  
10236.97654  
10236.63283  
10317.17947  
10355.09604  
10298.67587  
10348.67476  
10369.54146  
10402.75759  
10399.65383  
10402.91655  
10427.5524  
10377.26434  
10383.94733  
10411.74405  
10379.14544  
10368.19232  
10410.17689  
10423.85491  
10414.43841  
10406.91353  
10400.34151  
10347.05622  
10315.51108  
10280.51771  
10319.4003  
10300.90501  
10314.01201  
10301.80451  
10315.60791  
10307.43916  
10241.76975  
10259.65252  
10260.01465  
10297.03021  
10319.05979  
10323.37646  
10286.75089  
10298.75231  
10301.27031  
10345.0461  
10373.23833  
10315.27501  
10357.22801  
10384.61761  
10388.75994  
10384.70053  
10364.30285  
10404.30162  
10354.40685  
10315.13869  
10323.12167  
10332.9409  
10313.72536  
10293.87538  
10326.29892  
10351.3778  
10423.41457  
10389.69081  
10391.3386  
10359.09741  
10350.23426  
10283.62658  
10268.38987  
10281.4381  
10284.73238  
10289.7251  
10297.12538  
10318.42587  
10352.22761  
10292.7494  
10292.04494  
10307.11206  
10291.29215  
10291.93133  
10318.32291  
10324.39355  
10350.79648  
10324.74396  
10314.34277  
10338.78837  
10338.23433  
10378.59515  
10442.36015  
10401.87005  
10460.64773  
10464.99276  
10453.1096  
10466.33325  
10429.93419  
10413.97725  
10455.87917  
10396.70501  
10370.33501  
10336.38117  
10318.42503  
10349.99376  
10310.26673  
10283.37862  
10260.02362  
10319.59217  
10352.84433  
10368.81339  
10294.22758  
10302.52797  
10286.53793  
10216.07866  
10230.88545  
10214.32553  
10291.90374  
10352.97064  
10387.37793  
10385.44762  
10423.01778  
10420.30034  
10421.08412  
10387.0835  
10422.67139  
10418.48524  
10413.39018  
10350.01904  
10320.76367  
10331.23655  
10281.39893  
10218.94005  
10264.74763  
10322.93406  
10253.4701  
10248.19664  
10278.68903  
10220.82888  
10215.25497  
10246.04703  
10291.00368  
10286.15243  
10268.25502  
10282.11364  
10307.50146  
10318.17691  
10268.53793  
10266.1222  
10219.34337  
10241.08849  
10312.96886  
10327.24367  
10355.30509  
10372.72437  
10316.7777  
10336.84657  
10336.3754  
10369.73282  
10386.20548  
10304.36339  
10300.8714  
10476.28764  
10421.29326  
10386.99767  
10382.05595  
10366.72184  
10377.15179  
10386.65956  
10411.79885  
10377.82915  
10431.01847  
10401.69931  
10327.13949  
10378.45477  
10384.87169  
10387.11197  
10371.3125  
10384.13621  
10424.55635  
10420.46322  
10411.91815  
10386.60001  
10363.17589  
10310.02217  
10304.12256  
10325.06412  
10350.31026  
10297.45839  
10338.85451  
10364.08176  
10414.92887  
10389.15507  
10429.93304  
10425.66462  
10375.32397  
10382.58474  
10354.51514  
10305.75775  
10289.31523  
10266.18479  
10218.33307  
10263.56632  
10229.25835  
10239.10125  
10280.49834  
10251.06674  
10257.82548  
10265.94929  
10332.22221  
10327.27084  
10320.87691  
10321.13399  
10344.99578  
10354.01072  
10345.56055  
10355.48093  
10333.20071  
10365.67503  
10363.41155  
10380.94163  
10416.5073  
10450.95825  
10416.30924  
10381.87893  
10363.64486  
10350.77315  
10335.66391  
10335.78564  
10340.60851  
10305.37689  
10353.31086  
10319.3867  
10342.45772  
10349.7971  
10370.57837  
10388.56789  
10385.60689  
10335.87407  
10314.51689  
10325.6859  
10366.05824  
10364.87218  
10365.37282  
10341.41155  
10371.61743  
10365.39941  
10381.80331  
10355.64051  
10337.16875  
10243.7067  
10171.73546  
10214.78214  
10342.58012  
10297.90685  
10313.08188  
10330.71404  
10368.39398  
10334.23058  
10247.82855  
10288.78709  
10276.9695  
10265.55045  
10297.9296  
10293.73125  
10308.44884  
10288.26509  
10310.60107  
10373.21753  
10364.45284  
10437.84606  
10428.62538  
10474.51798  
10442.47086  
10434.76933  
10430.99472  
10414.54856  
10353.83789  
10335.46573  
10326.82693  
10308.79579  
10328.6339  
10301.34439  
10273.22388  
10269.8068  
10280.42261  
10292.76882  
10294.06343  
10286.55751  
10327.37811  
10324.37582  
10368.9836  
10386.9219  
10363.60718  
10371.87021  
10416.79379  
10397.3639  
10319.37396  
10358.23666  
10354.67092  
10338.92853  
10321.8989  
10323.38603  
10293.16895  
10343.7494  
10335.18628  
10312.58054  
10343.86626  
10318.8625  
10323.15922  
10339.3006  
10350.45237  
10370.37966  
10340.30586  
10297.95277  
10265.99423  
10275.71544  
10291.08319  
10260.10915  
10313.75158  
10348.83112  
10342.77293  
10370.02643  
10381.58094  
10336.65541  
10392.03136  
10384.02273  
10384.22212  
10448.65574  
10416.65658  
10432.79248  
10452.1365  
10419.03356  
10435.46653  
10351.82955  
10363.45166  
10351.39773  
10376.99947  
10380.93308  
10402.08114  
10391.98537  
10405.57857  
10411.90763  
10364.74172  
10291.80003  
10301.75917  
10280.82968  
10339.55069  
10229.07841  
10218.97938  
10335.63026  
10317.38232  
10374.56812  
10341.21484  
10371.65587  
10338.3997  
10292.03081  
10337.09641  
10344.43188  
10335.80728  
10289.77936  
10245.02927  
10265.16908  
10201.34042  
10211.84355  
10171.40778  
10207.83627  
10208.96533  
10268.82178  
10276.90756  
10302.42929  
10294.10005  
10310.17727  
10340.78318  
10423.48058  
10484.33243  
10426.21078  
10466.19152  
10469.52697  
10454.69471  
10424.74858  
10421.29672  
10430.15916  
10340.48955  
10284.11579  
10316.21589  
10267.21116  
10263.66153  
10241.68885  
10297.90219  
10331.42472  
10281.3574  
10282.57229  
10208.49205  
10207.82872  
10243.73067  
10239.88832  
10260.83236  
10254.17949  
10288.5396  
10258.2199  
10316.64282  
10322.83616  
10281.58199  
10256.90745  
10271.28465  
10302.32002  
10332.86477  
10420.43257  
10433.5878  
10321.44218  
10370.879  
10460.62551  
10447.33418  
10387.66735  
10379.95783  
10357.21311  
10337.44738  
10336.61106  
10343.5249  
10358.96001  
10339.12127  
10360.81163  
10399.43956  
10375.46076  
10399.03502  
10384.63485  
10372.41693  
10336.18444  
10288.0767  
10319.28638  
10269.42079  
10267.7417  
10244.07342  
10295.04579  
10292.79883  
10319.61705  
10329.56234  
10390.15953  
10386.97552  
10405.68497  
10397.6315  
10394.74132  
