9971.254415  
9716.09436  
9885.685811  
9821.507467  
9537.889079  
9932.818258  
9880.019287  
9861.894043  
9892.619466  
9887.154134  
9882.281718  
9928.346842  
9861.124247  
9864.503153  
9900.74825  
9902.832967  
9917.251567  
9912.250509  
9836.218241  
9948.890177  
9893.047078  
9938.164653  
9928.32491  
9870.961405  
9893.914754  
9865.124837  
9891.90981  
9896.836873  
9872.054728  
9926.581095  
9927.621948  
9925.840434  
9966.08728  
9939.658285  
9943.646912  
9902.12264  
9902.94519  
9890.264282  
9933.565979  
9897.388672  
9895.491191  
9878.970907  
9838.228068  
9837.067424  
9845.068278  
9872.130391  
9870.874939  
9893.723124  
9874.570374  
9894.464071  
9832.528544  
9862.370504  
9859.048503  
9889.241374  
9896.885478  
9907.226786  
9894.288371  
9910.252909  
9892.056498  
9894.92572  
9902.433512  
9904.517395  
9896.298258  
9879.758748  
9839.218384  
9817.688029  
9846.729024  
9901.185465  
9890.570557  
9907.294515  
9918.091715  
9903.946859  
9885.967651  
9863.151937  
9861.3231  
9846.094727  
9861.613342  
9864.074707  
9873.704569  
9885.459106  
9896.421733  
9844.773824  
9798.718241  
9839.126322  
9833.660258  
9908.653117  
9884.211731  
9895.433553  
9883.162923  
9887.22526  
9884.657369  
9888.207255  
9876.099691  
9870.592244  
9850.894328  
9841.745199  
9872.880737  
9856.484701  
9849.223531  
9923.767863  
9870.471191  
9877.410055  
9894.679016  
9882.812154  
9908.952108  
9899.976379  
9905.897461  
9887.801147  
9892.953756  
9899.915365  
9889.307353  
9876.960103  
9861.217387  
9842.84255  
9853.592326  
9896.745443  
9881.217977  
9895.411784  
9912.092448  
9928.149068  
9908.017924  
9907.399272  
9896.798543  
9878.479309  
9924.041768  
9912.109497  
9900.890951  
9906.437459  
9914.815796  
9930.876038  
9878.565084  
9911.981812  
9890.924337  
9888.05013  
9893.958761  
9876.88208  
9845.29008  
9860.962484  
9862.475016  
9880.839884  
9883.495585  
9895.150452  
9913.597432  
9915.568685  
9860.971456  
9860.089437  
9885.276062  
9871.783346  
9904.322632  
9911.447937  
9927.576294  
9924.240906  
9880.776591  
9863.565125  
9880.378947  
9853.941671  
9877.547404  
9897.981954  
9854.561625  
9830.398071  
9835.134481  
9857.335368  
9865.243652  
9853.049967  
9847.632853  
9867.867065  
9868.825724  
9902.46167  
9835.877686  
9858.89266  
9826.32255  
9862.95811  
9879.029032  
9851.666565  
9840.001912  
9868.685649  
9862.354065  
9874.916524  
9887.908529  
9919.273966  
9918.898214  
9883.472941  
9905.937703  
9868.097616  
9851.647949  
9875.286235  
9892.317505  
9907.33606  
9895.029907  
9916.314555  
9944.22231  
9885.001078  
9860.506734  
9876.468445  
9870.076213  
9861.425618  
9851.858826  
9813.390869  
9835.910075  
9879.699788  
9856.545105  
9897.548706  
9866.54895  
9859.750142  
9839.575094  
9855.628276  
9847.221049  
9871.570048  
9890.127075  
9886.205363  
9890.080383  
9872.380493  
9882.531759  
9883.259196  
9920.382182  
9894.635091  
9892.110067  
9869.991801  
9856.187378  
9845.661235  
9853.418009  
9859.570374  
9844.491211  
9815.603821  
9853.107483  
9857.931803  
9829.209534  
9881.481303  
9886.309347  
9920.052979  
9914.774882  
9919.185262  
9907.241089  
9905.999878  
9897.539327  
9915.771871  
9912.968811  
9888.678365  
9900.32782  
9930.001363  
9887.684347  
9884.081543  
9897.810608  
9863.760966  
9879.324015  
9877.420553  
9874.470968  
9874.101339  
9856.771606  
9896.92804  
9877.947795  
9874.186788  
9867.646261  
9881.464417  
9884.702962  
9906.713704  
9859.818848  
9858.227722  
9877.989319  
9847.265096  
9850.96285  
9850.103231  
9872.606425  
9890.203166  
9831.926921  
9872.562826  
9832.597819  
9863.365885  
9866.352783  
9878.635274  
9928.745219  
9948.77889  
9931.064962  
9893.809469  
9922.887777  
9916.306396  
9907.64209  
9908.861552  
9884.286519  
9909.438334  
9886.808492  
9862.811829  
9912.400879  
9893.1769  
9918.09788  
9934.505412  
9926.42336  
9943.00354  
9916.124084  
9923.350749  
9895.552694  
9905.336853  
9874.38265  
9882.355632  
9886.195516  
9881.765951  
9890.086894  
9867.476156  
9880.492635  
9887.239665  
9884.199015  
9885.381571  
9887.329081  
9896.256836  
9876.582458  
9830.059428  
9890.545837  
9895.709656  
9877.026347  
9895.555745  
9878.814799  
9886.930562  
9905.501119  
9867.211039  
9899.948079  
9911.859945  
9931.036845  
9917.159709  
9885.059509  
9891.131307  
9869.484456  
9840.807617  
9859.308716  
9888.848246  
9882.027161  
9895.195028  
9868.785055  
9863.067281  
9885.378316  
9907.545431  
9901.895223  
9894.180278  
9912.037659  
9912.196859  
9927.020243  
9944.172689  
9910.072266  
9915.318827  
9875.202922  
9859.406474  
9869.058777  
9856.133301  
9853.651021  
9860.882609  
9916.213481  
9910.823588  
9885.034851  
9846.431742  
9812.947306  
9818.746216  
9816.759664  
9839.669047  
9856.219421  
9852.060303  
9847.655212  
9877.872538  
9870.248413  
9910.74113  
9911.22229  
9868.994324  
9875.248881  
9891.443909  
9890.772786  
9877.024312  
9851.399455  
9848.13033  
9852.26593  
9842.835042  
9815.814494  
9844.737549  
9837.066874  
9844.116679  
9864.433797  
9849.345927  
9888.403788  
9885.376506  
9899.843445  
9898.812887  
9859.898987  
9866.763977  
9845.098775  
9857.108378  
9851.078918  
9862.908875  
9865.322205  
9861.671041  
9884.990885  
9851.910889  
9843.176799  
9828.480835  
9856.367371  
9880.926737  
9913.61495  
9859.72404  
9914.125285  
9898.498189  
9881.589823  
9896.369873  
9890.653361  
9902.688314  
9908.962402  
9933.098735  
9904.372762  
9871.754456  
9864.195496  
9846.899394  
9861.434448  
9828.206991  
9808.553263  
9805.335836  
9842.519592  
9846.451579  
9871.180237  
9894.475342  
9900.445638  
9869.301615  
9890.063904  
9902.013509  
9896.379049  
9871.897603  
9873.723694  
9853.250488  
9892.5613  
9901.71696  
9904.851888  
9918.496663  
9880.178955  
9920.405782  
9921.203674  
9926.313619  
9939.378642  
9909.008016  
9906.758687  
9891.209229  
9866.063741  
9856.86263  
9857.37148  
9833.886169  
9866.858683  
9858.285726  
9864.328491  
9864.43394  
9846.84141  
9838.808858  
9860.503723  
9894.736328  
9882.914388  
9902.868429  
9912.091777  
9874.140137  
9858.344828  
9871.54421  
9864.764526  
9881.890299  
9901.362956  
9867.488831  
9884.219869  
9856.854574  
9865.389852  
9842.27596  
9897.002075  
9891.877177  
9869.796122  
9882.278158  
9888.632589  
9915.445048  
9921.816691  
9903.270732  
9902.708639  
9886.464722  
9857.247009  
9893.523682  
9879.806335  
9890.040955  
9905.141296  
9865.84019  
9884.825928  
9893.369141  
9863.947632  
9910.517151  
9931.219198  
9964.533081  
9930.838277  
9935.858032  
9907.47939  
9864.922363  
9835.928446  
9812.248861  
9862.284627  
9863.447652  
9863.283793  
9894.286235  
9888.785156  
9907.467896  
9891.964294  
9915.979329  
9896.366231  
9876.309163  
9856.148417  
9862.208293  
9849.375631  
9863.436218  
9874.310771  
9897.846334  
9888.459656  
9902.750916  
9886.786296  
9905.05837  
9879.410583  
9917.696798  
9891.861715  
9876.985575  
9887.257812  
9904.16746  
9902.137329  
9878.375977  
9875.296061  
9883.312154  
9860.311361  
9908.48173  
9892.590271  
9884.350301  
9925.603821  
9896.518717  
9918.775574  
9916.232178  
9940.922729  
9936.0519  
9908.831563  
9930.81366  
9854.948588  
9888.236552  
9870.087138  
9912.857198  
9899.286316  
9874.933289  
9878.76296  
9893.246541  
9868.726542  
9843.236247  
9821.799845  
9827.871134  
9853.551351  
9841.890238  
9859.520121  
9873.198201  
9887.75533  
9860.151062  
9842.943909  
9838.071513  
9839.014689  
9807.629903  
9807.049561  
9864.662476  
9857.72935  
9868.430868  
9901.574626  
9914.119242  
9909.360575  
9894.714335  
9893.488607  
9903.755554  
9931.826375  
9942.446981  
9936.115784  
9930.928894  
9915.423625  
9926.006877  
9888.735453  
9871.599447  
9862.969259  
9891.656169  
9870.313619  
9874.311462  
9882.285726  
9851.526896  
9878.013448  
9901.29305  
9907.156779  
9889.923096  
9882.101318  
9880.886861  
9916.763387  
9894.57074  
9873.716817  
9843.398438  
9818.204732  
9843.169637  
9848.620341  
9853.832479  
9869.813192  
9905.188314  
9905.036316  
9921.731608  
9926.521505  
9900.910278  
9903.985392  
9898.261943  
9863.172302  
9815.20933  
9785.51062  
9816.376668  
9828.149597  
9881.540059  
9871.545308  
9876.813375  
9874.989258  
9892.06016  
9843.869425  
9907.968018  
9854.359538  
9857.205851  
9869.066243  
9888.221578  
9933.084432  
9930.90743  
9936.718282  
9909.825867  
9869.030741  
9862.255371  
9912.373698  
9870.000203  
9858.260579  
9879.306193  
9865.322876  
9874.486755  
9908.53536  
9873.445333  
9850.082845  
9869.556376  
9868.197184  
9855.184692  
9887.325846  
9883.928304  
9885.570394  
9865.952535  
9883.579915  
9888.69755  
9892.496887  
9924.099854  
9882.362996  
9869.869771  
9885.382202  
9840.581238  
9866.314657  
9831.729736  
9803.607259  
9812.493978  
9799.734294  
9834.560832  
9875.50885  
9860.093913  
9856.977478  
9860.652161  
9846.255351  
9863.311035  
9866.29246  
9909.21582  
9923.536499  
9908.06071  
9940.264262  
9947.970662  
9910.149211  
9926.811483  
9929.813538  
9926.597087  
9940.438029  
9943.596456  
9929.846985  
9913.000163  
9842.971985  
9838.402588  
9818.938497  
9849.539347  
9874.254944  
9937.635824  
9924.738546  
9907.807251  
9889.646016  
9888.105672  
9899.522461  
9922.50472  
9895.488017  
9878.176025  
9851.342794  
9866.03304  
9839.689799  
9796.742472  
9802.909424  
9801.026591  
9822.934448  
9836.530375  
9882.597514  
9880.992859  
9905.888184  
9940.539734  
9897.193787  
9906.288432  
9903.798014  
9918.767334  
9902.465332  
9889.654114  
9911.413859  
9887.170064  
9887.297445  
9867.445374  
9881.828857  
9859.456136  
9871.019165  
9882.906311  
9879.634074  
9868.602498  
9846.758036  
9860.065999  
9863.823568  
9867.000875  
9854.677083  
9881.551086  
9885.997904  
9848.785909  
9878.402527  
9898.611348  
9896.149821  
9891.956726  
9878.60439  
9877.756063  
9862.280111  
9891.625285  
9914.672567  
9886.4328  
9903.820923  
9898.277181  
9903.814575  
9869.979228  
9867.571615  
9866.667338  
9871.431702  
9881.065511  
9902.865234  
9929.245321  
9921.167257  
9921.381083  
9894.544189  
9879.136373  
9862.499227  
9846.723307  
9868.051371  
9869.609701  
9873.47703  
9853.232035  
9837.352783  
9858.00238  
9870.708293  
9907.273092  
9908.662476  
