7282.683334  
7457.301779  
7354.764046  
7320.277842  
7318.01014  
7331.960034  
7313.494598  
7306.82318  
7332.99172  
7305.418862  
7388.235455  
7351.607432  
7297.258166  
7359.456979  
7325.307181  
7390.040236  
7377.459254  
7336.990255  
7359.031645  
7293.664977  
7315.407143  
7387.269905  
7322.302558  
7257.563664  
7277.193193  
7360.065409  
7353.240027  
7303.046958  
7402.780575  
7322.115068  
7316.060651  
7354.767713  
7306.918602  
7335.405201  
7245.800709  
7333.64423  
7354.24438  
7262.321258  
7337.737918  
7301.430373  
7307.418052  
7259.846649  
7377.854866  
7376.572349  
7286.160291  
7338.794402  
7238.087589  
7308.251548  
7301.172987  
7389.980531  
7280.566157  
7316.830909  
7361.288481  
7319.754519  
7272.731892  
7356.23799  
7377.572245  
7280.334358  
7371.708901  
7341.040735  
7246.305768  
7342.401118  
7349.235965  
7386.262903  
7336.976905  
7391.769812  
7316.374055  
7250.457218  
7319.015791  
7308.921522  
7314.048059  
7369.36217  
7308.671626  
7391.309892  
7343.448907  
7259.3077  
7382.930498  
7337.747922  
7376.375104  
7283.619411  
7275.95111  
7380.597937  
7332.355926  
7333.572037  
7353.631026  
7332.964345  
7402.429926  
7262.902344  
7397.576837  
7316.757771  
7273.320635  
7231.086966  
7356.468044  
7275.280253  
7269.923267  
7224.969664  
7287.368393  
7285.951691  
7347.509963  
7364.667106  
7304.508883  
7422.329611  
7358.237377  
7381.03659  
7322.004145  
7308.673631  
7350.842119  
7371.684975  
7337.954756  
7357.253366  
7252.933853  
7313.39958  
7313.120387  
7282.380413  
7347.905762  
7409.851116  
7354.864071  
7432.687677  
7335.47383  
7285.689443  
7303.351853  
7247.5243  
7337.556952  
7363.388007  
7334.501704  
7370.93963  
7283.910125  
7304.000135  
7317.986879  
7341.375748  
7397.316988  
7315.182555  
7269.653829  
7308.245512  
7350.260929  
7393.132927  
7383.709919  
7309.041171  
7321.319263  
7319.108482  
7402.458642  
7334.282092  
7306.082239  
7381.492291  
7316.653757  
7344.33707  
7341.306163  
7428.340457  
7323.269282  
7316.738011  
7330.794704  
7096.504769  
7309.816313  
7276.687043  
7232.935027  
7300.301197  
7331.170639  
7312.339189  
7279.600274  
7326.354201  
7327.055654  
7262.199707  
7367.643513  
7415.263059  
7371.300251  
7336.7014  
7385.972833  
7331.850731  
7367.033899  
7369.163824  
7368.588192  
7371.892464  
7310.464148  
7371.009703  
7356.475773  
7302.569814  
7297.93857  
7376.840914  
7391.488209  
7363.873608  
7423.373369  
7274.190284  
7356.740816  
7342.763142  
7342.496966  
7330.674722  
7368.629914  
7366.452657  
7334.829756  
7313.800625  
7367.399206  
7359.749958  
7400.534948  
7358.195042  
7302.397544  
7428.162421  
7293.171854  
7429.512488  
7467.275744  
7279.613209  
7334.022419  
7345.331387  
7264.519521  
7285.295296  
7272.816344  
7266.037847  
7271.223196  
7252.698949  
7303.217036  
7268.14129  
7323.012051  
7293.242115  
7292.31545  
7336.584774  
7267.174202  
7331.24626  
7370.639513  
7340.808334  
7318.729503  
7356.193006  
7361.579205  
7277.092036  
7378.67282  
7331.636054  
7393.272689  
7311.766113  
7290.740203  
7360.722791  
7299.823523  
7281.854658  
7297.793228  
7305.092524  
7295.169641  
7375.993019  
7372.710023  
7394.786268  
7388.244702  
7293.997579  
7443.096877  
7404.501818  
7325.77084  
7384.360715  
7364.212454  
7339.748151  
7275.870512  
7393.074614  
7285.399871  
7386.182908  
7364.386251  
7329.26175  
7326.753532  
7311.30555  
7328.611162  
7276.155814  
7330.521599  
7322.225274  
7228.058448  
7237.009953  
7250.190139  
7287.648178  
7370.164218  
7335.833984  
7348.871738  
7296.125187  
7369.897388  
7262.947349  
7309.298652  
7286.742406  
7293.14983  
7408.839968  
7363.903944  
7385.517869  
7286.483139  
7377.412878  
7351.301976  
7364.624356  
7380.789021  
7324.012913  
7409.732173  
7399.501403  
7385.603994  
7380.743652  
7358.817185  
7344.83815  
7254.123608  
7300.493787  
7350.736463  
7344.74466  
7304.171407  
7339.446549  
6890.352051  
7374.0764  
7342.180041  
7327.834192  
7237.002109  
7304.181869  
7334.120107  
7378.533608  
7376.988676  
7326.606393  
7428.759018  
7373.452169  
7401.637623  
7389.479357  
7307.098082  
7368.499283  
7372.702574  
7315.121727  
7373.355832  
7369.390043  
7336.808105  
7265.480604  
7356.262425  
7353.097199  
7401.552038  
7327.105074  
7196.830244  
7353.422343  
7289.691365  
7293.086966  
7337.582156  
7286.199219  
7256.423329  
7361.073481  
7275.251423  
7318.098934  
7315.245013  
7346.798652  
7282.587569  
7230.6314  
7184.732245  
6956.968303  
7415.497881  
7333.526627  
7396.215446  
7224.694014  
7280.328302  
7316.71848  
7291.644272  
7313.615172  
7409.24119  
7348.981352  
7400.846545  
7366.767308  
7374.856466  
7345.16693  
7353.498005  
7427.711395  
7341.478048  
7347.458891  
7433.166899  
7367.476365  
7423.661704  
7408.833995  
7376.263942  
7369.863925  
7340.335813  
7358.841018  
7382.843501  
7303.717296  
7322.874117  
7336.580203  
7355.063144  
7431.503428  
7357.646526  
7370.315045  
7389.988863  
7325.254675  
7350.537847  
7374.777188  
7400.329091  
7311.047093  
7269.249377  
7240.550044  
7325.270082  
7295.027198  
7269.762176  
7210.343231  
7267.493008  
7276.982993  
7278.427412  
7274.217337  
7245.081159  
7254.084234  
7333.758114  
7351.77136  
7352.682981  
7371.760119  
7338.726407  
7387.347085  
7406.727612  
7401.421106  
7379.359043  
7412.568245  
7371.799836  
7333.600669  
7342.320105  
7360.65891  
7346.488905  
7422.347687  
7452.878086  
7267.387778  
7274.674368  
7358.740047  
7298.956896  
7306.400204  
7381.734562  
7317.490868  
7344.886885  
7348.059134  
7383.664914  
7332.190347  
7339.122372  
7246.88836  
7338.88382  
7316.579237  
7348.751569  
7291.810588  
7296.08388  
7336.370315  
7290.398365  
7321.944139  
7406.792647  
7321.598072  
7281.988157  
7294.533369  
7315.348882  
7345.917522  
7382.953457  
7315.881919  
7230.750779  
7246.952076  
7422.678462  
7283.181371  
7305.936731  
7256.339979  
7304.810962  
7334.122527  
7358.418914  
7389.392194  
7352.443837  
7344.36511  
7397.332842  
7368.995907  
7378.343449  
7312.354721  
7281.37766  
7381.67389  
7370.142682  
7341.935038  
7305.750769  
7341.525162  
7324.568567  
7293.900443  
7267.847293  
7213.33974  
7321.931464  
7324.187822  
7271.308199  
7211.566074  
7279.919995  
7316.925958  
7299.292979  
7426.10363  
7372.935609  
7300.244733  
7395.700943  
7255.313518  
7478.03979  
7368.605282  
7377.911715  
7333.737159  
7302.820655  
7344.238001  
7310.507314  
7384.99919  
7371.372538  
7363.755485  
7350.710169  
7405.049992  
7339.967368  
7406.125094  
7396.062552  
7317.367582  
7303.47969  
7313.088743  
7278.08921  
7342.312448  
7363.495844  
7341.492634  
7354.255059  
7300.241751  
7360.36886  
7210.970277  
7335.604222  
7393.3579  
7393.130568  
7344.224776  
7307.93297  
7328.495678  
7357.243361  
7418.57371  
7320.732152  
7232.615743  
7367.967649  
7345.366876  
7413.331855  
7378.355791  
7261.850461  
7270.483367  
7310.858565  
7313.555913  
7324.332312  
7321.737481  
7301.365536  
7278.416171  
7325.986203  
7339.824302  
7289.379519  
7340.515459  
7324.06384  
7363.958029  
7361.989673  
7281.16694  
7363.745481  
7339.374564  
7352.9431  
7418.237783  
7380.843044  
7377.313767  
7348.92709  
7298.415112  
7240.422935  
7302.766809  
7344.465114  
7292.225004  
7261.749231  
7306.288325  
7256.994546  
7304.618663  
7262.128356  
7227.060817  
7181.237066  
7229.916836  
7282.10336  
7237.802807  
7301.69524  
7346.548839  
7381.838161  
7345.712911  
7321.659211  
7374.419922  
7438.383415  
7398.834493  
7356.197557  
7331.493237  
7379.624844  
7359.407372  
7464.49358  
7324.063975  
7333.370917  
7340.657341  
7308.468906  
7336.155076  
7356.385337  
7353.195281  
7304.953956  
7381.825549  
7285.210844  
7287.193266  
7357.531977  
7318.155512  
7394.219093  
7328.611577  
7390.735414  
7348.934581  
7256.159377  
7387.044652  
7336.988801  
7350.475627  
7378.816292  
7413.617697  
7367.295805  
7445.26362  
7271.218594  
7262.933822  
7374.163772  
7363.866491  
7325.665704  
7334.085002  
7261.71181  
7310.622808  
7215.504291  
7305.853495  
7386.388371  
7375.216735  
7355.490442  
7372.509142  
7310.035229  
7302.293239  
7347.820063  
7271.851438  
7353.533442  
7281.731736  
7352.674171  
7289.273095  
7315.900962  
7397.727342  
7382.909086  
7257.562905  
7347.651668  
7263.312188  
7268.260545  
7333.079777  
7213.16292  
7421.023271  
7279.462589  
7382.452221  
7332.457166  
7311.408359  
7355.182638  
7303.762041  
7396.17442  
7337.000519  
7324.484115  
7261.750374  
7388.871239  
7304.868735  
7274.835636  
7339.77296  
7361.913533  
7333.927153  
7363.808074  
7329.694783  
7247.123764  
7326.658847  
7359.711249  
7293.766903  
7455.520674  
7336.264783  
7379.117863  
7254.49787  
7336.722023  
7347.312168  
7364.221742  
