7218.105132  
7105.34668  
7176.240007  
7096.473296  
7055.495247  
7108.517296  
7155.851139  
7115.198047  
7118.321799  
7136.083474  
7118.626628  
7036.599045  
7124.919716  
7085.882465  
7082.911458  
7128.664616  
7116.256207  
7057.614117  
7124.85816  
7169.998926  
7066.794618  
7124.73061  
7087.310145  
7062.940061  
7121.905935  
6809.492985  
7215.696484  
7130.64707  
7042.608312  
7006.022857  
7080.44904  
6990.230073  
7012.512283  
7119.145247  
7013.371956  
7124.488118  
7087.69196  
7127.639041  
7088.653819  
7165.509386  
7117.66786  
7220.701552  
7136.189811  
7128.15893  
7062.2162  
7078.11377  
7102.636849  
7075.202832  
7166.182878  
7116.544293  
7154.382628  
7122.394618  
7124.038032  
7034.774816  
7127.216612  
7233.748329  
7059.168121  
7099.498394  
7085.321723  
7106.798362  
7101.502756  
7150.77041  
7030.201378  
7067.540712  
7200.298741  
7044.830246  
7056.008388  
7093.936979  
7119.125499  
7082.647407  
7136.589909  
7076.047352  
7085.985075  
7115.451031  
7151.413585  
7147.466743  
7191.275836  
7176.044531  
7242.312576  
7074.156152  
7136.593251  
7126.736589  
7098.212869  
7196.864247  
7115.442285  
7093.268837  
7115.353581  
7062.714551  
7082.852604  
7101.19681  
7084.250217  
7056.718533  
7075.566048  
7066.544434  
7046.171213  
7094.530957  
7119.587728  
7086.193804  
7097.86556  
7128.477908  
7095.71594  
7042.789258  
7127.280642  
7091.612283  
7131.517817  
7196.335417  
7113.668349  
7073.703277  
7149.919705  
7100.068989  
7055.81798  
7143.640375  
7044.789735  
7124.549707  
7085.250011  
7096.089551  
7068.206066  
7077.036285  
7027.403027  
7032.141113  
7085.316428  
7067.195356  
7090.819076  
7136.807715  
7065.171984  
7156.505642  
6483.47934  
7277.289399  
7128.479503  
7118.894412  
7156.872591  
7083.485026  
7120.96786  
7092.010655  
7089.242394  
7100.21862  
7195.382237  
7133.82168  
7167.249056  
7106.781055  
7145.509245  
7167.737717  
7069.897716  
7119.141254  
7170.63737  
7115.017752  
7107.68801  
7109.979753  
7071.145953  
7082.624653  
7213.869303  
7066.030328  
7076.726769  
7135.792947  
7070.405382  
7056.097027  
7113.444108  
7099.538433  
7050.507075  
7108.184635  
7184.759017  
7046.787077  
7058.101812  
7134.411849  
7114.497624  
7118.003158  
7135.408127  
7157.226009  
7086.245454  
7035.1602  
7023.439822  
7016.624023  
7084.886773  
7068.95172  
7058.446137  
7048.527615  
7187.441547  
7192.392546  
7121.542339  
7118.652148  
7046.253385  
7121.799392  
7119.493913  
7159.204698  
7267.535037  
7067.51607  
7142.737652  
7123.130805  
7073.867947  
7146.67934  
7178.456478  
7118.659201  
7099.58469  
7177.71888  
7117.862684  
6837.589442  
6641.92781  
7245.294206  
7224.70689  
7121.809353  
7045.938737  
7002.256196  
7074.680447  
7060.434549  
7060.119466  
7125.818902  
7129.120822  
7179.545953  
7166.720671  
7185.937587  
7169.37449  
7219.641569  
7151.84197  
7163.915766  
7101.795725  
7129.795996  
7173.408116  
7123.162684  
7125.306662  
7139.537511  
7113.605729  
7106.049826  
7073.157769  
6981.169922  
7034.67742  
7025.681337  
7045.051313  
7140.145128  
7065.081657  
7001.837706  
7046.497092  
7020.994618  
6972.816309  
7078.943652  
7077.284592  
6970.751812  
7137.184809  
7120.780707  
7112.281424  
7116.523145  
7080.607064  
7083.855284  
7110.859049  
7070.111274  
7052.204742  
7111.96888  
7067.035004  
7138.955697  
7138.189952  
7118.911089  
7154.473568  
7219.781055  
7233.77309  
7145.746343  
7180.454405  
7098.848546  
7124.706608  
7153.915668  
7133.478027  
7204.160677  
7138.766471  
7249.480393  
7208.956098  
7151.80217  
7174.084679  
7177.656478  
7074.786404  
7155.630675  
7052.822233  
7094.260059  
6978.802447  
7085.074935  
7110.095204  
7039.225656  
7150.435341  
7031.34401  
6970.173714  
7039.043544  
7068.800738  
7133.488715  
7120.615093  
7131.32066  
7027.407661  
7119.753982  
7146.360503  
7050.609684  
7077.911806  
7090.156966  
7110.068674  
7104.814388  
7181.655067  
6609.789111  
7270.959885  
7152.577734  
7066.777311  
7147.182487  
7184.330187  
7020.506565  
7046.814876  
7108.766482  
7074.055474  
7062.035373  
7253.501128  
7115.38068  
7181.273318  
7178.052203  
7103.869651  
7074.568424  
7096.305903  
7090.14962  
7170.805024  
7080.752919  
7030.054959  
7052.755865  
7024.503711  
7097.708268  
7081.948367  
7052.239214  
7097.382053  
7123.08016  
7107.290744  
7110.546083  
7025.222369  
7126.035883  
7128.805642  
7118.039931  
7145.518262  
7168.978472  
7110.704839  
7109.795877  
7077.337131  
7108.88431  
7110.464171  
6683.86199  
7039.122743  
7095.895942  
7081.588281  
7159.262337  
7149.595844  
7112.482595  
7146.551432  
7138.899414  
7112.512836  
7150.130957  
7088.528288  
7068.75676  
7105.232259  
7189.48584  
7128.224045  
7145.336306  
7182.870291  
7123.995356  
7141.902463  
7181.404091  
7098.056217  
7129.549338  
7069.558344  
7059.70714  
7099.166645  
7061.020481  
7136.233095  
7247.16467  
7168.471148  
7189.643891  
7081.899718  
7176.489193  
7077.445237  
7054.981782  
7118.3588  
7072.09439  
7140.711057  
7080.245269  
7039.967274  
7137.241265  
7167.46747  
7151.664193  
7112.748991  
7098.656738  
7138.334321  
7054.891336  
7103.064507  
7145.727637  
7061.399881  
7088.875043  
7185.516048  
7089.735026  
6946.729232  
7139.888628  
7098.83278  
7067.336404  
7107.863292  
7104.495313  
7097.343197  
7047.412153  
7083.776324  
7085.147428  
7156.111241  
7134.747841  
7066.462728  
7131.187771  
7157.537196  
7080.144781  
7113.603971  
7134.090386  
7069.744531  
7077.47628  
7103.056999  
7120.048253  
7067.140918  
7123.415104  
7150.308138  
7113.547982  
7116.947266  
7076.747407  
7084.181424  
7021.845595  
7083.329926  
7105.492025  
7081.113298  
7161.641243  
7053.096463  
7111.744455  
7059.982042  
7072.736079  
7074.799034  
7038.600846  
7136.868652  
7146.4986  
7068.951432  
7080.656011  
7041.432921  
7073.171181  
7021.196604  
6992.381695  
7091.795117  
7036.70816  
7062.427669  
7105.319368  
7106.026796  
7148.90153  
7181.743121  
7069.440017  
7168.321246  
7069.858507  
7166.273047  
7132.268609  
7100.581619  
7120.332075  
7098.961068  
7116.534711  
6936.098655  
7139.91531  
7040.069846  
7135.318641  
7071.222743  
7070.020464  
7111.864724  
7117.780697  
7074.364323  
7048.24681  
7136.13546  
7122.893945  
7061.384733  
7163.552582  
7141.778906  
7180.821756  
7190.076335  
7144.367513  
7182.999805  
7181.963628  
7144.158464  
7098.324707  
7166.478266  
7101.380447  
7235.96518  
7258.69388  
7085.637023  
7126.086567  
7123.87309  
7079.20906  
7067.485124  
7097.207867  
7116.563205  
7017.795318  
7057.278993  
7032.54056  
7045.931  
7025.929753  
7061.610308  
7094.523774  
7112.31224  
7043.358236  
7214.226953  
7015.833789  
7038.552615  
7148.272569  
7093.71046  
7095.422743  
7114.013867  
7088.137598  
7090.877246  
7047.807118  
6919.896636  
7174.88074  
7065.184359  
7114.936426  
7100.491965  
7099.974674  
7079.578798  
7121.058127  
7136.479264  
7164.971517  
7075.510059  
7132.544477  
7060.449306  
7010.923405  
7160.956868  
7111.278082  
7150.877789  
7067.76314  
7085.870095  
7116.273503  
7090.217632  
7126.813921  
7151.383968  
7190.309288  
7128.047515  
7005.36046  
7060.547786  
7001.768739  
7012.789898  
7014.999685  
6977.966347  
7077.561415  
6988.284342  
7047.546398  
7001.079329  
7023.626389  
7003.611882  
7044.133301  
7061.027197  
7038.210872  
7069.868414  
7184.231044  
7049.706825  
7083.996745  
7138.650141  
7141.970681  
7026.147504  
7101.85574  
7048.050575  
7050.246978  
7141.809299  
7237.567546  
7185.044206  
7055.48074  
7151.292936  
7188.331619  
7110.621463  
7114.616395  
7242.092763  
7097.676845  
7111.963574  
7064.02156  
7177.255273  
7198.163553  
7197.819141  
7220.313835  
7226.306011  
7198.592784  
7109.906131  
7177.144184  
7196.924599  
7174.961513  
7114.031934  
7102.86378  
7150.878255  
7064.463336  
7133.410265  
7086.109511  
7151.466254  
7118.269868  
7097.484234  
7170.596745  
6997.499544  
7094.315408  
7179.822092  
7046.499674  
7100.662706  
7095.473448  
7070.601877  
7182.101671  
7036.266048  
7068.623101  
7118.689811  
7081.661936  
7182.258344  
7034.197125  
7092.271376  
7050.092665  
7089.610617  
7119.265299  
7088.066938  
7146.155371  
7150.061816  
7103.634462  
7127.064822  
7107.414225  
7134.419965  
7143.711198  
7151.577192  
7127.755056  
7131.571191  
7070.188357  
7058.508681  
7115.658995  
7187.388873  
7080.532943  
7000.713243  
7072.494325  
7097.93661  
7129.429145  
7114.833854  
7048.655046  
7112.745985  
7122.231749  
7098.555132  
7049.821593  
7066.711393  
7050.871267  
7159.697255  
7109.63865  
7102.111306  
7154.65498  
7031.989909  
7113.135471  
7100.815701  
7051.431879  
7159.801324  
7094.592177  
7121.48482  
7170.305501  
7159.553364  
7114.632303  
7089.007161  
7101.356131  
7096.302767  
7012.427159  
7143.532595  
7161.248275  
7048.550098  
7181.001367  
7091.946474  
7131.986751  
7036.55179  
7050.671783  
7130.290473  
7084.436968  
7069.459711  
7125.528852  
