10077.45387  
10016.5642  
9956.109654  
9965.164227  
10003.43014  
10033.36299  
9990.862913  
10068.51914  
10091.01602  
10113.22855  
10115.34541  
10108.6838  
10108.52454  
10109.32989  
10059.0219  
10082.47321  
10075.58589  
10051.68713  
9979.622768  
10048.58379  
9964.45958  
9995.139179  
10024.05617  
10038.01266  
10059.27666  
10052.64098  
10094.36015  
10066.75727  
10092.28947  
10068.97827  
10100.86449  
10081.16075  
10061.5262  
10034.38307  
10033.30708  
9957.368684  
9934.727019  
9971.825601  
9961.488129  
9996.624911  
10006.72343  
10048.93843  
9931.704165  
10043.85405  
10087.5254  
10063.45698  
10059.99406  
10063.52635  
10084.11792  
10038.60457  
10051.43264  
10084.49371  
10061.47722  
10050.01859  
10084.91364  
10067.77359  
10070.75316  
10083.94784  
10072.36348  
10051.05134  
10042.24059  
10032.85596  
10022.34412  
9996.884601  
10066.4254  
10053.8736  
10026.96872  
9932.327884  
10142.63752  
10054.395  
10107.45779  
10055.44375  
10051.09985  
10018.56226  
10044.72372  
9993.308987  
9978.154233  
9976.841239  
10028.14815  
10023.21638  
9958.708591  
10061.78459  
10076.01385  
10107.06826  
10111.55471  
10059.15399  
10043.47009  
10010.22881  
10032.24315  
10071.39028  
10089.67649  
10077.13539  
9828.74584  
10169.47542  
10064.76466  
9988.904563  
10036.69879  
10026.59489  
9984.717837  
9997.522537  
9999.636769  
9983.49272  
10031.73219  
10039.22566  
10042.08121  
10095.29131  
9905.005263  
10082.94529  
9888.383104  
10108.29802  
10088.83657  
10055.22963  
10088.10732  
10112.54018  
10037.26639  
9621.992543  
10208.45343  
10179.4194  
10202.42649  
10155.83756  
10123.51653  
10080.93864  
10018.06316  
10050.92591  
10106.75034  
10100.43315  
10070.85117  
10010.22802  
9992.111835  
9963.321441  
9971.84966  
9995.714425  
10026.88388  
10073.57262  
10097.52668  
10152.52186  
10106.10112  
10117.4742  
10076.18651  
10025.73793  
10045.98964  
10021.10064  
10028.21374  
10028.54178  
10062.33916  
10118.41287  
10097.90598  
10161.01462  
10114.84287  
10093.27833  
10077.08878  
10052.86099  
9907.922814  
10119.36105  
10114.2117  
10141.12778  
9953.824904  
10022.36783  
10011.09501  
10014.71169  
9964.708832  
9993.350421  
9963.031618  
9955.795835  
10021.65624  
10010.65094  
10081.2919  
10069.16415  
10130.00627  
10064.32757  
10022.66481  
9987.957424  
9964.252067  
9926.497857  
9952.810534  
10011.05923  
10094.24748  
10087.37163  
10113.70817  
10102.58571  
10099.83246  
10115.41654  
10057.34714  
9835.428622  
9621.868088  
10065.01784  
9718.918286  
10100.52184  
10030.80882  
10039.94394  
10013.61409  
10034.53114  
9922.127308  
9912.723747  
9951.169503  
9944.903853  
9918.144366  
10050.98762  
10021.33736  
10059.40316  
10109.17388  
10118.01838  
10126.50275  
10095.2159  
10100.65677  
10090.22857  
10103.36149  
10103.76918  
10136.4671  
10122.5392  
10145.4763  
9996.004769  
9936.68504  
10006.28932  
10027.71204  
10013.79048  
10077.37788  
10036.71345  
10040.13373  
10124.91656  
10119.34291  
10121.71094  
10164.63204  
10157.43122  
10136.99073  
10063.35269  
10026.38707  
9995.829102  
10018.41018  
10005.21005  
10013.58249  
10006.20174  
9963.236734  
9894.522879  
9964.807909  
10025.74598  
10048.29408  
10080.73569  
10056.75607  
10117.45188  
10089.13304  
10030.63271  
10005.794  
9848.805131  
10092.77543  
10084.19989  
10109.1916  
10105.21549  
10126.10708  
10138.27204  
10121.32398  
10134.22178  
10114.38019  
10109.01053  
10115.442  
10065.4844  
10055.04034  
10057.74391  
10093.96656  
10096.12113  
10100.7916  
10088.21054  
10120.35632  
9987.268922  
9987.739854  
9968.129261  
10011.87684  
10033.99839  
10048.01442  
10073.20253  
10031.91914  
10040.32939  
10026.4731  
10056.78835  
10069.13319  
10089.41442  
10053.37045  
10030.20059  
9968.883409  
9942.660359  
9928.304168  
10022.70193  
9739.41698  
10169.44833  
10159.58119  
10244.84772  
10244.5696  
10180.7033  
10174.45679  
10171.94394  
10127.79152  
10004.20013  
9977.228351  
9909.296456  
9935.430588  
9900.965173  
9885.816026  
9876.297484  
9812.559913  
9844.985073  
9826.257483  
9845.228998  
9919.830725  
9963.450741  
10059.27653  
10126.08193  
10160.39723  
10170.83745  
10143.7649  
10195.04686  
10125.00166  
10104.51396  
10045.77755  
10070.25453  
10075.69725  
10063.95773  
10047.44533  
10023.73968  
10017.70603  
10067.44549  
10052.80277  
10044.53924  
10065.52342  
10132.99725  
10133.00656  
10030.27592  
9992.059139  
10023.19522  
10039.63946  
10082.63144  
10105.73828  
10080.76268  
10094.85941  
10078.04502  
10073.94142  
10065.92214  
10042.26051  
10015.08989  
10031.68235  
10013.79133  
9975.579863  
9977.506151  
9899.800236  
9933.61455  
9745.428927  
9953.15086  
10049.22697  
10083.62802  
10125.71039  
10087.04277  
10131.63517  
10057.29424  
10100.60638  
10075.86607  
10102.75699  
10070.41016  
10075.83059  
9997.540914  
10028.56632  
10003.99098  
10019.55395  
10015.71464  
9993.013076  
9984.149617  
10079.51821  
10043.57636  
10134.95529  
10113.83353  
10156.13654  
10165.77392  
10141.62879  
10159.07947  
9953.585557  
10167.43657  
10076.50469  
10083.38479  
9997.00435  
10032.44667  
10068.09953  
10063.53683  
10009.71803  
9996.446416  
9980.843205  
9988.41892  
10029.15201  
10079.63455  
10123.29941  
10108.37449  
10091.03546  
10030.47707  
9967.587333  
9883.287972  
9916.481128  
9877.372083  
9941.77345  
9884.345779  
9844.687196  
9896.251167  
9999.109388  
10033.90373  
10092.26134  
10090.40697  
10180.4044  
10123.86237  
10141.10478  
10177.7242  
10160.39825  
10118.9598  
10113.37713  
10126.8578  
10141.67359  
10134.75873  
10172.45985  
10129.92011  
10120.02138  
10149.138  
10086.3124  
10058.10755  
9791.82172  
9975.59569  
10053.32976  
10026.54434  
10024.0355  
10027.03627  
10029.30867  
9992.309887  
9960.679256  
9990.807275  
9980.920772  
9948.914785  
9978.784611  
9983.019734  
10033.07828  
10102.52871  
10146.62917  
10147.86655  
10166.86526  
10136.63153  
10094.8935  
10084.71772  
10013.71188  
9947.029677  
9946.153447  
9976.183518  
10033.17775  
10080.8571  
10084.34796  
10075.94292  
10080.50873  
9998.047788  
10030.03589  
10009.98801  
10011.17073  
10022.34627  
10088.64862  
10099.66409  
10143.39481  
10133.43329  
10127.63738  
10095.88894  
10039.95354  
9974.919136  
9940.613865  
9978.210278  
9963.914836  
10040.86115  
10036.4828  
10042.1878  
10030.07379  
10036.04741  
10062.59063  
10096.68305  
10143.58133  
10135.36074  
10117.2984  
10115.60163  
10056.14378  
10053.61154  
10062.37868  
10008.14557  
10035.37475  
10088.60026  
10113.01108  
10129.51308  
10107.66229  
10114.91953  
10041.75233  
10050.08146  
10061.95297  
10043.55036  
10078.05489  
10029.46285  
10086.92753  
10018.15406  
10039.70287  
9986.028929  
9991.531275  
9986.456017  
10010.33735  
10000.04991  
10011.31751  
10027.2758  
10055.24514  
10064.01718  
10000.17167  
9979.40989  
9988.873415  
9999.825715  
9973.840668  
9944.361848  
9951.41717  
10018.86445  
10055.42862  
10060.71214  
10066.3292  
10145.01677  
10106.62888  
10100.99342  
10082.45869  
9987.763532  
10163.04138  
10147.83897  
10101.28845  
9964.411589  
9957.372857  
9931.487432  
9947.408279  
9905.099267  
10012.97192  
10059.46387  
10088.61714  
10099.95513  
10051.47282  
10031.02733  
9920.171685  
9901.218091  
9962.81387  
9998.946391  
10134.03587  
10032.73265  
10064.20644  
10060.74146  
10080.31057  
10112.99464  
10079.91907  
10118.13381  
10094.11055  
10084.87166  
10019.41187  
10064.82948  
10041.97987  
10010.35288  
9999.253741  
9961.742073  
9999.509005  
9965.990526  
10065.59372  
10053.49901  
10002.35037  
9934.971426  
9985.148463  
10026.45083  
10112.41553  
10112.82655  
10178.16196  
10179.19624  
10178.0486  
10169.24587  
10128.78727  
10145.83983  
10053.33609  
10049.79318  
10063.44162  
10003.07329  
10016.51653  
9980.352374  
10004.38466  
10004.19782  
9986.932566  
9963.904931  
9999.039329  
9981.46388  
10009.31199  
10011.00093  
9994.779081  
9989.51617  
9962.536196  
9995.040052  
9999.308112  
10081.83598  
10076.43695  
10109.35965  
10109.51635  
10115.43168  
10009.21295  
10088.44614  
10074.76672  
10178.91907  
10146.57123  
10127.05814  
10103.16301  
10022.14003  
10038.46262  
9993.702732  
9986.601119  
9966.296  
10013.48322  
9985.064504  
10024.53987  
9976.828734  
9954.831752  
9957.715529  
10023.2205  
10098.82985  
10144.96279  
10123.58067  
10116.38328  
10091.48127  
9986.931133  
10008.21052  
10015.41004  
10090.84807  
9970.883992  
10145.41933  
10170.7195  
10190.99106  
10162.92799  
10180.49535  
10068.33147  
9988.596325  
9878.243811  
9911.28943  
9905.776152  
9982.225738  
10033.89993  
10027.43021  
10104.95366  
10118.60279  
10093.64546  
10120.41074  
10056.81759  
10054.0042  
10031.39728  
10080.33955  
10045.26007  
10050.49159  
10043.2059  
9983.436853  
10004.33482  
9965.766246  
9993.958705  
10011.71807  
9977.019924  
9987.264572  
9979.900315  
9936.547852  
10000.14637  
10048.57967  
10105.60173  
10103.59197  
10134.57323  
10049.87326  
10177.15095  
10178.58743  
10110.68988  
9997.581245  
10066.41458  
10083.94198  
10101.82797  
10067.00452  
10045.53277  
9954.740437  
9947.495371  
10017.20623  
10039.41087  
10124.35959  
10102.98299  
10169.80754  
10176.72877  
10057.93314  
10114.62991  
10081.63082  
10009.17191  
9962.721971  
10208.80305  
10067.23039  
10115.17581  
10065.2627  
10024.63801  
10018.9664  
9959.864638  
9965.7656  
9959.012657  
9967.587713  
10079.80831  
10077.81746  
10083.09059  
10155.20089  
10190.61493  
10143.31937  
10208.83308  
10184.84993  
9794.864245  
10132.64572  
10141.13271  
10127.58079  
10101.80599  
10140.45938  
10087.11407  
10019.16317  
10016.64315  
10038.12288  
10039.31634  
10018.63616  
10067.04571  
9997.814123  
10004.59104  
10041.61629  
10071.11281  
10079.99023  
10093.35943  
10074.18505  
10088.97665  
10073.17194  
10008.98207  
10035.06898  
9981.909268  
10006.26143  
9867.669465  
9652.483094  
