12491.1737  
12231.05512  
12093.92976  
12003.87974  
11961.33143  
11964.14914  
11928.34109  
11929.63554  
11921.31017  
11942.97895  
11929.0195  
11920.86303  
11922.61581  
11896.33474  
11918.18097  
11923.33272  
11921.35229  
11934.87945  
11961.05185  
11940.23231  
11937.53053  
11959.80471  
11951.72698  
11976.82393  
11985.53698  
11959.38477  
11911.5727  
11895.52678  
11927.84767  
11938.30881  
11957.11692  
11945.10916  
11933.35353  
11938.79948  
11948.82867  
11937.94846  
11954.01512  
11932.32791  
11918.74987  
11913.62844  
11950.75266  
11966.75852  
11958.01505  
11951.32695  
11969.10838  
11986.48606  
11936.00083  
11946.04883  
11924.2694  
11946.65346  
11956.73564  
11978.93571  
11944.94135  
11943.45669  
11967.36596  
11992.48966  
11995.13298  
11951.39697  
11933.76676  
11949.5723  
11948.79664  
11984.76262  
11971.49043  
11965.4991  
11976.56854  
11994.47953  
11983.00599  
11976.74363  
11968.42225  
11974.61898  
11977.29704  
11997.27387  
11984.10625  
11963.98343  
11952.51975  
11966.87071  
11995.74835  
12008.49497  
11990.88831  
11966.06053  
11965.52854  
11955.17178  
11973.75259  
11957.97864  
11939.04756  
11928.27192  
11941.84127  
11975.99468  
11946.06132  
11942.15871  
11955.80103  
11965.2704  
11978.73248  
11980.82228  
11974.13873  
11976.12151  
11979.37079  
11978.4558  
12019.46332  
12027.02747  
11993.72211  
11992.83814  
11975.41433  
11982.66509  
11992.88218  
12014.69985  
12004.61842  
12006.25705  
12002.88889  
12013.40314  
12035.64791  
11983.69806  
11936.91598  
11925.36632  
11935.949  
11968.28118  
11938.38431  
11912.42665  
11917.61552  
11926.71564  
11958.39947  
11956.63874  
11973.30982  
11951.54581  
11941.04235  
11987.53581  
11994.18517  
11962.51675  
11938.17453  
11959.49899  
11965.83856  
11974.65177  
11991.36574  
11980.14719  
11992.88862  
11979.92965  
11975.13124  
11959.66348  
11964.81773  
11953.82601  
11989.99761  
11992.46913  
11974.71804  
11927.02756  
11909.03801  
11917.62815  
11939.2039  
11934.57102  
11958.23428  
11958.16209  
11988.78883  
11960.2411  
11946.54695  
11949.67305  
11970.34845  
12006.54671  
11988.21719  
11989.09592  
11978.70526  
11986.33064  
12011.09838  
11980.00315  
11951.76553  
11947.88592  
11958.50664  
11981.92853  
11959.10527  
11935.41372  
11907.07955  
11918.40574  
11952.68909  
11974.40012  
11958.04843  
11941.91902  
11954.13639  
11936.93473  
11940.01398  
11961.60645  
11966.18911  
11968.66522  
11990.73808  
12007.42967  
12020.72079  
12052.70994  
12006.22862  
11984.15457  
11979.79725  
11974.87598  
11984.68372  
12032.28407  
11988.75192  
12009.8337  
11991.16327  
11977.17272  
12004.68811  
11955.15061  
11931.13449  
11896.67376  
11910.20273  
11934.72745  
11949.869  
11958.35216  
11973.0108  
11964.62609  
11972.1033  
11983.47665  
11999.00146  
11991.68755  
11987.4741  
11987.25128  
11978.67263  
12002.26678  
11992.45499  
11974.78414  
11987.58807  
11990.84232  
11981.64187  
11978.71955  
11970.86377  
11974.2126  
11967.28452  
11991.70034  
12019.89008  
11970.05405  
11959.17529  
11924.92075  
11937.00774  
11974.33587  
11987.14855  
11976.92441  
11967.5599  
11934.62657  
11917.004  
11929.21459  
11962.3146  
11952.80476  
11949.31491  
11932.45097  
11934.32062  
11993.38158  
11987.89808  
11981.22392  
11977.07606  
11968.4275  
11981.19757  
11961.69699  
11969.65927  
11963.69184  
11966.74599  
11972.81416  
11957.42875  
11929.71949  
11928.59444  
11922.94184  
11989.686  
11992.85053  
12000.67649  
12052.37842  
11946.74948  
11974.20439  
12009.93978  
12016.9738  
11981.96036  
11980.67938  
11977.08708  
11981.19311  
12001.2353  
11983.87326  
11963.52807  
11962.69003  
11961.14459  
11968.15893  
11992.94716  
11986.36075  
11970.70204  
11991.81241  
12005.92314  
12002.1779  
11994.04899  
11960.69996  
11959.60402  
11953.7627  
11939.01396  
11969.43985  
11991.45354  
12027.57646  
11997.21383  
11993.85686  
11948.78114  
11952.46332  
11960.29483  
11989.53405  
11999.9664  
11963.05953  
11973.5678  
11966.6373  
11961.94824  
12005.97779  
11987.79197  
12012.92757  
11980.43025  
11982.73204  
11998.02431  
12021.54848  
11980.75456  
11970.17495  
11968.97739  
11974.86551  
11994.69477  
12015.75311  
11972.84518  
11965.89648  
11971.68021  
11966.49501  
11962.31378  
11970.14976  
11931.53977  
11898.14677  
11917.09552  
11950.64992  
11962.82541  
11971.64158  
11935.41692  
11915.06062  
11948.97796  
11957.58333  
11984.50007  
11990.8929  
11979.97586  
11974.84044  
11974.80679  
11947.78186  
11922.75071  
11909.28814  
11911.00629  
11956.91835  
11964.31366  
11945.43412  
11921.50156  
11919.4811  
11955.12334  
11980.60739  
11990.42432  
12012.18652  
12034.59493  
12017.1086  
12000.64603  
11999.50226  
12008.09321  
12006.92296  
11999.3612  
11972.35328  
11952.84418  
11954.42502  
11956.09585  
11972.43323  
11957.32048  
11962.04724  
11937.31295  
11913.52007  
11895.52843  
11874.8269  
11907.75137  
11927.1203  
11963.37921  
11973.71454  
12005.19117  
11987.99877  
11964.43486  
11937.64157  
11921.95531  
11925.78778  
11949.86261  
12021.49416  
12002.79129  
12000.45285  
11999.64384  
11997.06156  
11990.57724  
12003.37024  
11999.15837  
11977.98427  
11946.14402  
11977.38366  
11982.38668  
11969.00241  
11950.16249  
11930.88489  
11957.76807  
11926.45942  
11922.20647  
11938.26944  
11954.76964  
11966.91936  
11969.56836  
12008.85583  
11998.95457  
11980.45974  
11939.87028  
11941.94246  
11956.60285  
11971.14912  
11972.86704  
11974.64636  
11994.94618  
11988.19124  
11955.4145  
11956.534  
12004.86285  
11997.3826  
11984.31132  
11947.22226  
11933.19161  
11921.27253  
11923.42826  
11926.21226  
11937.38768  
11941.64563  
11971.96551  
11983.67676  
11997.52722  
11991.52955  
11976.22045  
11985.07171  
11986.99664  
12008.01564  
11963.5262  
11958.8318  
11961.85985  
11980.51959  
12004.639  
12012.67678  
12028.39513  
12015.70812  
11996.79684  
11938.49378  
11967.93795  
11963.06659  
11960.38574  
11985.75658  
11990.42482  
11957.90095  
11985.22446  
11982.42312  
11996.33156  
12010.57134  
11986.91609  
11983.17361  
11992.27389  
11976.84328  
11978.84098  
11954.74307  
11955.26356  
11985.27592  
11964.53671  
11972.68094  
11993.66415  
11979.32384  
11985.00146  
12000.01112  
11984.15516  
12008.628  
11956.11377  
11953.44821  
11957.9394  
11951.23779  
11956.42383  
11952.08688  
11924.30454  
11956.57661  
11988.80384  
11982.50769  
11996.1697  
12009.20047  
11985.58082  
11962.30628  
11981.93195  
11984.719  
11958.33523  
11950.48177  
11930.52507  
11966.7332  
11942.99385  
11973.15998  
12000.49117  
11980.47376  
11997.16645  
11982.01195  
11990.4434  
11977.65372  
11995.62963  
11969.45985  
11954.44502  
11939.40455  
11925.93235  
11923.49128  
11926.39146  
11946.28262  
11932.61415  
11954.05543  
11979.73888  
11976.36876  
11980.30518  
11995.67914  
11978.00866  
11981.60444  
11994.24537  
11973.90054  
11985.37863  
11971.5072  
11962.08554  
11972.09597  
11972.38314  
11988.65314  
12004.45296  
12026.93882  
11969.48286  
11974.38216  
11957.53197  
11976.148  
11982.55304  
12006.0098  
11985.68904  
11970.93748  
11978.12567  
11968.43723  
11950.84002  
11950.65737  
11934.72508  
11939.58928  
11937.65621  
11995.48108  
12030.06333  
12007.44383  
11978.58577  
11947.48888  
11921.61948  
11906.38214  
11922.45341  
11915.21879  
11954.32234  
11961.51729  
11958.92061  
11954.52921  
11971.30029  
11961.75096  
11968.246  
11973.18822  
11973.14175  
11979.72855  
11967.45479  
11947.77479  
11971.71589  
11933.7966  
11943.986  
11948.12294  
11939.33133  
11939.21586  
11938.69246  
11943.43658  
11971.07371  
11990.83288  
11994.28087  
11993.47215  
11975.94088  
11990.67177  
11992.67209  
11972.01948  
11955.04371  
11955.6575  
11983.08167  
11986.29937  
11983.75121  
12000.13135  
12012.85494  
11994.74796  
11981.2036  
11987.64565  
11983.74986  
11952.57053  
11995.21305  
11993.81538  
12002.8497  
11987.2052  
11995.82746  
12000.39621  
11948.51004  
11949.39755  
11925.57556  
11887.42225  
11938.62097  
11955.93857  
11946.101  
11979.94486  
11999.3782  
11986.88075  
11979.33304  
11982.33999  
11989.22687  
11987.94974  
11969.52595  
11989.79187  
11960.17663  
12000.74195  
11991.89412  
12001.70797  
11980.91904  
11937.93077  
11945.50485  
11955.43985  
11976.97322  
11994.63545  
12002.96727  
11979.14674  
11952.11151  
11960.5349  
11962.0412  
11970.32948  
11950.12267  
11939.00273  
11884.52769  
11847.33125  
11902.99448  
11932.7793  
11938.40866  
11921.88764  
11915.01698  
11939.6382  
11960.62223  
11959.359  
11970.43528  
12009.96812  
11985.05009  
11981.28662  
12015.07293  
11988.60274  
12014.29223  
11991.23416  
11989.31948  
12007.53342  
12022.40019  
12007.6356  
12011.14936  
11982.26257  
12005.13565  
12006.33344  
12030.11082  
11998.70909  
11986.36458  
11957.87876  
11978.67896  
11994.39735  
11987.075  
11990.86901  
11999.15381  
12001.89122  
11981.88867  
11972.41316  
11984.26539  
11920.71606  
11930.49515  
11935.55543  
11975.6733  
11945.7283  
11974.02512  
11941.64954  
11934.61147  
11965.75705  
11946.94699  
11947.59775  
11923.6118  
11933.91853  
11935.92377  
11909.76163  
11919.43849  
11965.72439  
11967.45481  
11967.00043  
11986.81568  
11970.03139  
11990.67329  
11977.72041  
11978.141  
11941.55129  
11938.38845  
11940.36547  
11947.57935  
11943.88815  
11972.91019  
11955.50754  
11952.53105  
11942.37997  
11938.40034  
11937.86755  
11964.68587  
11978.92866  
11973.63871  
11977.39994  
11993.89126  
11980.53957  
12014.90871  
11986.15531  
11999.3816  
12009.12019  
12010.11845  
12012.91734  
11984.26407  
11989.1841  
11976.42857  
11983.17732  
11967.66786  
11932.67298  
11951.96206  
11952.60999  
11988.04962  
12000.95023  
12003.0557  
11982.81713  
11997.08259  
12006.5019  
11997.17555  
11970.72985  
11961.30165  
11960.32427  
11970.27865  
11981.27496  
11994.1516  
11990.99067  
11978.24371  
11981.58549  
11924.61444  
11937.56776  
11907.92775  
11912.56333  
11930.22486  
11951.11218  
11967.68584  
11976.03514  
12000.20099  
11978.33899  
