9979.688495  
9927.101149  
9887.010254  
9947.31481  
9946.014555  
9952.161621  
9962.642747  
9948.088698  
9944.2694  
9927.47799  
9939.265475  
9938.181528  
9929.074857  
9935.924204  
9898.397405  
9914.498648  
9922.38531  
9927.402757  
9938.649114  
9918.894531  
9910.068265  
9967.861816  
9970.12761  
9976.640531  
9967.77571  
9945.654935  
9899.439998  
9906.592097  
9901.697003  
9931.713698  
9972.007606  
9961.247183  
9993.74831  
9950.880033  
9966.15148  
9939.807204  
9971.174786  
9975.317495  
10019.30118  
9994.472694  
10012.60017  
10013.77113  
9982.052021  
9979.054406  
9968.255916  
9965.487511  
9995.320913  
9984.396879  
9973.370793  
9929.806472  
9931.902982  
9951.042274  
9926.088229  
9914.380559  
9905.2229  
9924.799899  
9949.048152  
9968.327618  
9940.459135  
9953.071984  
9924.431002  
9936.571064  
9933.355018  
9942.862549  
9950.19582  
9961.029334  
9960.093468  
9970.363375  
10010.91665  
9977.050631  
9940.67965  
9957.31066  
9992.302115  
10013.33295  
9992.797457  
9967.320763  
9942.300049  
9954.484018  
9954.521184  
9937.610577  
9945.184401  
9974.14594  
9971.349159  
9985.174673  
9977.12346  
9960.774339  
9932.948392  
9904.204289  
9903.27047  
9877.23954  
9877.984375  
9883.173884  
9859.297964  
9886.263484  
9876.73507  
9896.535382  
9889.221886  
9879.542311  
9863.957595  
9879.239333  
9891.160175  
9942.614051  
9950.029128  
9988.388165  
10029.90542  
10015.48036  
10005.80476  
9969.391132  
9986.230769  
9944.476318  
9916.36745  
9927.699275  
9932.445444  
9945.701792  
9914.957106  
9932.259259  
9931.829289  
9922.37485  
9974.521015  
10003.76529  
9989.534818  
9985.414551  
9938.055514  
9953.330416  
9946.861798  
9909.034724  
9957.283353  
9919.827655  
9923.511024  
9941.974365  
9960.243953  
9967.409443  
9976.460337  
10009.7173  
10037.23481  
9997.390268  
9972.20335  
9966.076829  
9951.462327  
9961.218543  
9953.69873  
9946.307767  
9979.87592  
9903.73445  
9913.629657  
9903.446909  
9932.198618  
9946.156738  
9966.589074  
9959.629207  
9979.844971  
9986.287278  
10002.54778  
10005.13893  
9983.718825  
10023.74038  
10026.29349  
9975.666448  
9984.349722  
9933.25308  
9949.535832  
9950.64117  
9952.413424  
9964.201378  
9974.026179  
10003.93318  
10008.59675  
10015.93932  
9922.203463  
9911.421668  
9923.502723  
9950.5822  
9910.742112  
9902.029222  
9922.513071  
9910.314772  
9938.84529  
9918.679594  
9950.360502  
9976.954872  
9902.713661  
9853.832144  
9826.545241  
9846.531269  
9899.525428  
9886.262057  
9955.736084  
9944.177622  
9962.09268  
9983.247277  
9934.674692  
9957.313251  
9933.9021  
9939.915565  
9987.484319  
9957.362662  
9989.265587  
9978.877855  
9998.251878  
9996.058669  
9968.343205  
9949.743089  
9915.443021  
9885.86869  
9869.550199  
9893.112831  
9913.729661  
9930.731896  
9939.693359  
9956.514104  
9921.587515  
9951.444899  
9909.754564  
9913.597074  
9945.942796  
9956.108999  
9990.294246  
10000.58928  
9988.646278  
9985.158166  
9936.734018  
9916.270527  
9909.738713  
9929.131479  
9937.653827  
9965.586651  
9967.100717  
9975.10068  
9980.958665  
9996.444712  
9946.255071  
9974.912842  
9970.522085  
9933.147724  
9954.849515  
9913.580454  
9914.86745  
9935.119197  
9918.701209  
9884.563852  
9894.845853  
9947.162673  
9970.118483  
9967.500977  
9937.30249  
9933.138277  
9966.817552  
9935.383413  
9937.817439  
9958.525747  
9947.0628  
9970.997765  
9964.331656  
9964.334229  
9952.291485  
9919.304331  
9953.978215  
9940.718506  
9953.710768  
9930.262226  
9956.752404  
9957.839299  
9956.304256  
9974.952806  
9958.095083  
9935.32204  
9958.760198  
9976.474628  
9995.77802  
9973.224609  
9949.293513  
9919.116756  
9907.512132  
9921.978009  
9913.87562  
9950.236629  
9915.038142  
9967.81635  
9950.303786  
9969.731896  
9985.78803  
9951.962121  
9959.005277  
9946.993915  
9894.21952  
9905.315017  
9898.355037  
9942.946514  
9936.416955  
9963.883244  
9947.437763  
9931.377855  
9934.952355  
9983.297382  
9948.25524  
9941.856971  
9933.835337  
9915.27832  
9927.749831  
9955.173922  
9977.850586  
9982.164739  
9961.488338  
9958.432674  
9926.105732  
9948.34668  
9929.411903  
9945.592942  
9969.890494  
10003.7941  
9974.886381  
9942.187481  
9966.170692  
9947.837271  
9967.256686  
9926.436448  
9957.412729  
9923.311223  
9941.72429  
9938.412785  
9908.463135  
9952.31635  
9936.00107  
9909.784612  
9896.128794  
9921.279597  
9889.837515  
9918.739915  
9913.95643  
9970.584473  
9958.970835  
9960.70812  
9987.599271  
9993.422213  
10004.02186  
9998.779917  
9968.306396  
9958.1604  
9954.426401  
9955.319449  
9947.852295  
9934.129826  
9955.780574  
9939.474797  
9925.431378  
9897.402118  
9911.308387  
9923.395451  
9879.71582  
9908.065242  
9894.029297  
9898.765963  
9894.71736  
9906.957914  
9927.995962  
9956.559908  
9942.569242  
9992.045241  
9956.687481  
9943.434552  
9955.893104  
9945.492845  
9948.402062  
9956.827674  
9954.082933  
9952.94366  
9982.710355  
9986.670617  
10017.51333  
9979.038518  
9957.647799  
9940.182035  
9908.486873  
9927.3513  
9922.553129  
9963.133582  
9943.106934  
9951.409856  
9988.216083  
9987.611816  
9959.897668  
9981.220816  
9951.176138  
9941.310359  
9933.429237  
9941.574031  
9923.66872  
9924.53602  
9929.11976  
9907.439528  
9906.65548  
9869.09298  
9888.765738  
9897.222337  
9936.41733  
9947.516977  
9962.115216  
9953.939134  
9968.390024  
9955.863657  
9971.159518  
9986.963398  
9985.859769  
9977.205473  
9977.079252  
9958.912147  
9936.390118  
9939.646128  
9976.487436  
9957.197622  
9974.573223  
9969.719107  
9949.712947  
9910.168776  
9905.429575  
9888.941819  
9827.319524  
9862.011005  
9877.501465  
9921.084416  
9912.089806  
9908.139761  
9917.642127  
9915.373591  
9932.549786  
9951.719877  
9958.971191  
9962.228497  
9975.772536  
9975.790415  
9949.618465  
9965.808444  
9961.131066  
9940.887733  
9918.366981  
9964.674373  
9922.919866  
9909.732084  
9932.036527  
9945.055965  
9914.020677  
9984.334679  
9945.430551  
9984.270245  
9951.41457  
9981.748554  
9966.87808  
9983.47553  
9978.675781  
9952.517015  
9934.76878  
9918.413668  
9964.01431  
9978.704045  
9949.661734  
9992.388465  
9951.967041  
9949.129488  
9975.258188  
9948.362924  
9995.279316  
9960.776067  
9947.291485  
9912.923453  
9905.613957  
9954.781006  
9948.874418  
9944.251089  
9931.34405  
9946.369084  
9963.112004  
9941.549767  
9995.632794  
9978.370662  
10004.09884  
9990.53187  
9983.997427  
9983.347619  
9975.32112  
9961.676345  
9967.64579  
9919.462308  
9936.945744  
9921.334811  
9937.713736  
9913.957801  
9944.430758  
9954.965783  
9933.390287  
9968.004582  
9963.854774  
9985.200702  
9969.346736  
9941.359262  
9936.855394  
9969.839055  
9949.842417  
10000.79603  
9974.076134  
9956.251465  
9939.667837  
9958.188101  
9995.376089  
9989.043776  
10002.6651  
9961.186768  
9947.233211  
9907.739239  
9919.933293  
9914.046274  
9905.244986  
9919.432918  
9920.293382  
9948.384521  
9960.181547  
9954.91333  
9952.501897  
9929.514517  
9953.352933  
9904.660738  
9947.046424  
9965.22829  
9969.353966  
9952.066162  
9963.571759  
9978.355225  
9960.555608  
9947.647461  
9940.237286  
9914.296105  
9911.647348  
9892.359431  
9946.767747  
9963.742225  
9945.265756  
9930.650916  
9950.870774  
9935.284236  
9947.464243  
9951.404879  
9942.598595  
9955.631949  
9920.758263  
9948.097337  
9909.865441  
9950.942608  
9970.634972  
9971.937462  
9973.830792  
9958.224609  
9957.570444  
9905.072322  
9943.240892  
9947.252291  
9931.58729  
9950.554969  
9909.917593  
9949.810228  
9970.983962  
9964.441819  
9991.879902  
9936.943303  
9969.916053  
9898.595515  
9914.824763  
9978.49461  
9944.143085  
9963.066068  
9931.587909  
9920.233136  
9951.165922  
9956.67918  
10001.61591  
9981.53309  
9953.629939  
9938.283616  
9894.655762  
9907.398175  
9886.445876  
9900.15518  
9912.68149  
9921.960261  
9906.27494  
9879.233154  
9907.483342  
9902.311636  
9945.210393  
9951.293269  
9945.175706  
9956.643348  
9971.809026  
9988.97799  
9995.04156  
9993.496563  
10017.9899  
9958.64224  
9944.060791  
9905.924842  
9917.738244  
9965.75261  
9934.982422  
9928.695951  
9912.481258  
9937.007099  
9968.282339  
9951.515268  
10009.74243  
9986.003981  
9950.84713  
9980.333928  
9946.692758  
9981.846379  
9947.618765  
9978.728534  
9960.974102  
9964.353459  
9984.447284  
9972.530574  
9996.4806  
10019.23886  
9951.869291  
9996.146015  
9946.355206  
9897.690542  
9905.395395  
9912.298509  
9925.955942  
9958.682655  
9935.866173  
9962.839844  
9942.573148  
9956.223839  
9974.211294  
9929.92056  
9942.508432  
9950.118127  
9945.978422  
9983.136775  
9981.20797  
10005.28758  
9995.599891  
9985.812425  
9962.772048  
9934.612812  
9926.769512  
9867.663537  
9876.213529  
9891.814002  
9890.489389  
9878.222863  
9845.325796  
9890.884334  
9894.586989  
9947.948674  
9959.414551  
9950.461294  
9954.491737  
9937.583008  
9945.284518  
9967.381554  
9938.18042  
9960.266226  
9983.902475  
9957.558556  
9934.940355  
9937.73877  
9976.744347  
9965.601525  
9991.068265  
9957.492544  
9967.599309  
9952.930683  
9976.582839  
9960.540941  
9947.105844  
9955.093825  
9955.327017  
9938.219126  
9924.505484  
9920.557467  
9932.560284  
9945.112342  
9952.225699  
9960.24585  
9981.684495  
9966.374361  
9967.068773  
9982.522292  
9979.533053  
9994.420485  
9974.241718  
9967.128099  
10027.73593  
10023.05108  
10020.61153  
10009.90338  
9975.774733  
9916.480882  
9876.33252  
9858.220722  
9876.366267  
9914.948449  
9930.316613  
9946.752235  
9927.150278  
9931.456562  
9927.886212  
9929.271071  
9943.715745  
9925.065448  
9933.198392  
9912.222788  
9876.179406  
9855.650071  
9867.584736  
9908.927077  
9943.906626  
9910.30157  
9929.040509  
9953.048678  
9949.301157  
9969.417124  
9966.067946  
9991.893123  
9989.239389  
9967.762902  
9956.883282  
9945.91934  
9966.095684  
9934.563758  
9971.27139  
9979.299992  
9981.569805  
9956.946364  
9968.704815  
9962.694017  
9969.282114  
9957.189209  
9979.847393  
9957.040246  
9962.272217  
9953.762338  
9908.290771  
9915.637038  
9917.313721  
9921.164983  
9972.237643  
9951.62438  
9928.97491  
9931.562763  
