10806.24922  
10687.3965  
10644.88821  
10645.67853  
10593.7044  
10593.51049  
10601.31573  
10592.67093  
10587.18521  
10598.84437  
10568.27626  
10566.37282  
10583.55549  
10585.8833  
10591.19561  
10567.62895  
10584.45893  
10578.66812  
10583.46245  
10570.37448  
10565.60528  
10612.77336  
10579.73059  
10595.02227  
10580.26093  
10577.13539  
10558.06395  
10557.20379  
10549.06815  
10569.74308  
10593.61805  
10578.38829  
10604.65894  
10645.81846  
10619.18939  
10593.64345  
10632.93359  
10631.74808  
10611.34942  
10601.39927  
10600.86319  
10599.48066  
10603.29406  
10608.86411  
10628.19916  
10625.9695  
10607.73433  
10640.92337  
10614.08327  
10615.17093  
10600.37904  
10570.39533  
10586.2385  
10597.082  
10574.09211  
10635.28544  
10588.69873  
10600.27792  
10586.31651  
10610.13844  
10591.65255  
10538.63367  
10598.42995  
10621.3397  
10592.34224  
10590.03112  
10603.38243  
10596.68348  
10559.71172  
10567.48584  
10590.51565  
10573.41415  
10570.57453  
10592.76756  
10587.45551  
10606.39647  
10588.87686  
10636.32891  
10606.57022  
10620.07551  
10630.77902  
10639.96172  
10633.66835  
10602.67636  
10638.7952  
10666.7827  
10620.72825  
10639.86105  
10625.67661  
10597.85803  
10566.94783  
10593.21615  
10603.36688  
10604.39299  
10607.96427  
10634.52332  
10645.86438  
10632.54359  
10573.12038  
10598.84804  
10600.15973  
10611.32394  
10576.50653  
10579.74078  
10596.34974  
10592.95971  
10581.3704  
10601.28112  
10589.255  
10604.51193  
10616.60585  
10602.04642  
10630.38808  
10607.1251  
10600.73452  
10600.8819  
10592.88518  
10591.03522  
10635.26534  
10614.22491  
10634.38129  
10615.63866  
10579.70716  
10603.3085  
10635.16958  
10630.8129  
10595.58825  
10632.88994  
10585.97203  
10617.54436  
10622.0732  
10597.37541  
10604.39816  
10615.22707  
10593.27378  
10541.62672  
10553.33555  
10573.59613  
10570.31105  
10596.19241  
10572.94627  
10614.23304  
10609.59001  
10620.61162  
10579.6172  
10597.42588  
10602.56145  
10601.37959  
10624.53477  
10618.6117  
10608.587  
10606.57858  
10608.97107  
10620.32533  
10618.50188  
10597.07117  
10604.3646  
10565.03563  
10576.57707  
10549.82639  
10581.66199  
10552.40073  
10541.08512  
10555.0806  
10594.70412  
10568.29532  
10597.70009  
10614.91344  
10619.70438  
10593.53912  
10644.29528  
10634.85362  
10633.34202  
10632.30874  
10652.18686  
10655.70394  
10668.48193  
10641.03881  
10630.62913  
10653.04516  
10641.68404  
10649.06598  
10636.84221  
10614.17149  
10620.73923  
10607.31185  
10591.05556  
10573.03474  
10587.64773  
10610.28306  
10607.42497  
10605.83869  
10622.48593  
10643.93978  
10656.63972  
10644.42392  
10643.27409  
10641.89043  
10599.83388  
10579.1462  
10558.70138  
10577.85397  
10565.91881  
10590.64345  
10592.67303  
10596.38844  
10602.87815  
10603.90974  
10594.21441  
10579.10547  
10597.74074  
10616.43303  
10610.80231  
10606.10924  
10605.74988  
10597.41322  
10568.51419  
10577.62805  
10596.81361  
10625.53098  
10599.24572  
10662.75564  
10632.02396  
10602.36566  
10602.67296  
10558.10519  
10584.06592  
10574.3038  
10562.64813  
10579.56578  
10583.60579  
10567.33394  
10574.34405  
10563.33937  
10590.71541  
10604.16566  
10609.90484  
10624.16352  
10630.53717  
10569.69658  
10564.1487  
10593.61253  
10558.5129  
10565.8271  
10583.11697  
10601.36679  
10611.63178  
10617.63506  
10588.40489  
10632.36853  
10640.01801  
10608.31684  
10584.07665  
10604.3535  
10608.44407  
10611.68319  
10622.49709  
10646.84039  
10615.58381  
10590.0854  
10618.41383  
10584.42359  
10580.18448  
10587.64527  
10575.15456  
10554.57515  
10572.77854  
10585.8149  
10597.10224  
10606.99818  
10625.44502  
10588.31138  
10580.11571  
10591.97183  
10631.78266  
10604.21089  
10638.95937  
10638.04201  
10632.03831  
10650.75294  
10663.73574  
10641.28057  
10639.68692  
10663.00867  
10641.54039  
10626.89625  
10642.07891  
10595.74382  
10630.11667  
10616.12309  
10587.98359  
10606.4931  
10645.9773  
10691.19593  
10653.52088  
10631.56007  
10640.45236  
10596.5546  
10562.29473  
10591.93142  
10596.33727  
10599.89338  
10622.00018  
10607.27888  
10622.40996  
10590.84157  
10619.13456  
10599.91186  
10613.98569  
10619.44255  
10621.33696  
10599.51392  
10579.63925  
10536.18182  
10511.74325  
10555.8614  
10507.85399  
10528.92689  
10564.92023  
10553.75645  
10541.11694  
10507.52217  
10536.58804  
10549.85806  
10552.74772  
10581.70483  
10572.78433  
10599.37442  
10621.61679  
10593.30174  
10613.05078  
10616.17347  
10618.04812  
10612.80461  
10647.99627  
10652.33196  
10631.99488  
10641.65378  
10635.81189  
10625.52212  
10643.464  
10575.5819  
10613.20076  
10627.98701  
10635.69118  
10646.03751  
10650.73034  
10628.84376  
10656.76647  
10658.54557  
10632.76114  
10627.0248  
10541.69268  
10600.38364  
10573.03359  
10599.11893  
10575.01949  
10544.00139  
10562.68558  
10546.21865  
10504.51912  
10513.43103  
10504.40166  
10552.31043  
10567.90351  
10602.58103  
10617.1726  
10571.12416  
10642.71521  
10621.87607  
10631.33828  
10612.27788  
10670.50194  
10632.35717  
10582.69479  
10589.85778  
10604.80313  
10564.92942  
10607.69225  
10621.60994  
10621.57191  
10557.74384  
10595.26049  
10597.68353  
10570.36899  
10597.10443  
10612.44595  
10608.24777  
10587.75095  
10574.60078  
10572.9914  
10585.17973  
10574.72801  
10628.09347  
10645.60263  
10612.50118  
10638.68364  
10681.63042  
10680.38484  
10705.42773  
10639.49352  
10633.77214  
10609.35017  
10631.16733  
10615.75805  
10629.99248  
10634.25737  
10588.76409  
10619.7657  
10603.4818  
10619.77875  
10611.41396  
10583.11213  
10605.87746  
10605.96671  
10589.50564  
10604.70128  
10609.1999  
10583.41739  
10577.55836  
10586.06768  
10577.7501  
10578.96647  
10558.6221  
10545.30779  
10563.19463  
10569.039  
10567.30293  
10608.96848  
10583.42821  
10585.3402  
10560.9921  
10562.72539  
10565.25885  
10552.9222  
10579.29051  
10597.57761  
10600.94703  
10598.96785  
10636.86955  
10598.54825  
10619.88858  
10639.49784  
10645.59973  
10636.82592  
10638.12349  
10667.18527  
10602.61077  
10587.77206  
10605.702  
10568.66612  
10579.42294  
10577.83162  
10582.97269  
10595.50908  
10619.18075  
10619.40675  
10614.1229  
10591.16813  
10608.05143  
10565.16819  
10564.27683  
10570.57299  
10613.57647  
10585.72502  
10575.90447  
10569.36118  
10590.47132  
10606.31259  
10627.78453  
10609.91974  
10602.40319  
10613.34286  
10641.66288  
10681.39616  
10651.01179  
10622.72795  
10592.23492  
10613.10397  
10616.16893  
10622.69503  
10623.14387  
10563.10634  
10572.41624  
10576.5741  
10554.70913  
10564.63852  
10573.6152  
10573.29113  
10613.27286  
10590.78203  
10607.73938  
10564.97081  
10598.56448  
10580.93398  
10579.24775  
10604.6527  
10605.70104  
10636.34511  
10644.04309  
10612.97403  
10628.88425  
10601.06721  
10603.36498  
10571.74787  
10591.7031  
10577.91933  
10564.41964  
10569.76625  
10600.09678  
10620.88659  
10641.37595  
10607.2309  
10594.32085  
10624.88187  
10617.69916  
10612.90089  
10626.4829  
10638.19451  
10667.57215  
10687.83302  
10673.01811  
10679.34621  
10663.3373  
10659.06618  
10630.13336  
10614.8912  
10599.31296  
10565.76027  
10588.829  
10596.66232  
10623.97625  
10596.35899  
10571.80026  
10566.4175  
10529.67722  
10529.38287  
10520.43642  
10548.22023  
10545.41837  
10560.0276  
10558.64777  
10569.3195  
10569.23254  
10547.15637  
10570.904  
10603.26243  
10594.55281  
10613.68251  
10598.31374  
10613.06651  
10586.59357  
10571.36606  
10576.88611  
10549.7922  
10554.72591  
10569.95515  
10610.71477  
10632.71986  
10625.038  
10618.99183  
10631.67168  
10664.64552  
10693.69904  
10667.18827  
10667.1912  
10671.52005  
10705.65378  
10683.72267  
10639.71055  
10597.2731  
10584.19373  
10586.43316  
10594.49654  
10585.21035  
10589.14662  
10556.77817  
10547.61186  
10559.64403  
10555.91125  
10553.2507  
10558.98275  
10531.81383  
10554.65033  
10542.77012  
10525.42806  
10553.86371  
10566.97374  
10561.34979  
10578.29165  
10612.71353  
10625.64904  
10611.16717  
10613.36978  
10637.4259  
10599.11606  
10624.2373  
10637.74612  
10626.11701  
10622.92976  
10656.315  
10670.14712  
10635.88049  
10644.82361  
10650.98892  
10647.71581  
10649.06784  
10640.1163  
10642.68223  
10700.14496  
10684.59772  
10635.38269  
10625.54696  
10654.95589  
10601.52302  
10614.47715  
10561.94929  
10556.18796  
10578.23177  
10590.27561  
10606.70625  
10607.60853  
10587.28048  
10571.99202  
10540.58384  
10557.35273  
10514.39033  
10551.32219  
10565.44053  
10567.21431  
10538.36691  
10487.12732  
10488.11871  
10512.65165  
10530.53227  
10545.95904  
10582.71838  
10595.97507  
10636.45431  
10600.35619  
10628.90733  
10652.28159  
10660.64271  
10633.72085  
10630.57268  
10633.87385  
10628.84246  
10628.51114  
10673.81681  
10692.34231  
10657.17367  
10661.46086  
10620.77654  
10645.71222  
10661.74396  
10635.81851  
10632.73837  
10606.54824  
10631.50583  
10658.41041  
10640.60824  
10648.53014  
10640.59745  
10571.93244  
10559.92884  
10543.92136  
10574.70931  
10534.21285  
10528.43734  
10556.05849  
10543.97189  
10529.72153  
10532.48683  
10540.88389  
10539.8753  
10541.36239  
10572.788  
10571.81718  
10549.04744  
10557.41103  
10562.2747  
10497.33268  
10534.69327  
10527.89049  
10531.73156  
10528.67566  
10545.0084  
10572.81183  
10584.66138  
10636.86407  
10588.00658  
10619.51443  
10616.90371  
10618.02876  
10608.27776  
10643.18018  
10643.66167  
10662.71097  
10626.97513  
10656.178  
10635.44013  
10629.79852  
10618.22132  
10644.02788  
10630.8627  
10654.461  
10615.52578  
10623.40837  
10640.63369  
10615.95733  
10619.43143  
10596.19519  
10646.39157  
10618.02501  
10663.1214  
10662.87763  
10656.26657  
10666.25311  
10620.05162  
10591.98867  
10595.35619  
10607.92828  
10612.68069  
10606.30531  
10588.41135  
10601.23258  
10583.38508  
10608.16181  
10593.60476  
10618.11327  
10610.92966  
10637.33754  
10575.33953  
10634.72812  
10628.98717  
10659.34078  
10683.40054  
10656.8515  
10677.57931  
10627.05956  
10599.06908  
10623.23461  
10569.08737  
10563.38158  
10564.90798  
10521.72452  
10581.17241  
10598.5959  
10597.59846  
10573.26307  
10624.98933  
10585.5856  
10572.59018  
10579.92364  
10604.47563  
10620.27789  
10587.13653  
10578.69308  
10568.63602  
10550.90196  
10570.38255  
10558.93725  
10539.55785  
10581.51147  
10580.93382  
10574.80731  
10569.30384  
10570.91662  
10562.8778  
10602.36729  
10607.84529  
10593.18512  
10586.69719  
10601.36022  
10649.86809  
10633.20521  
10664.16751  
10665.87494  
10689.72576  
