12716.38682  
12427.66633  
12291.94852  
12155.64861  
12124.57987  
12134.53559  
12176.27849  
12123.48818  
12153.79356  
12211.00429  
12148.30178  
12111.14481  
12134.32959  
12131.53877  
12119.15683  
12187.54417  
12152.17557  
12138.36614  
12161.22077  
12091.6039  
12120.8403  
12156.38686  
12129.75698  
12190.66497  
12133.63112  
12161.34446  
12126.42817  
12128.59445  
12184.17955  
12145.44706  
12180.83993  
12155.54124  
12196.29375  
12164.03659  
12132.23455  
12138.31259  
12126.46341  
12177.55322  
12134.00603  
12217.70605  
12166.97152  
12176.94904  
12126.29344  
12157.33416  
12100.42057  
12140.10913  
12078.24929  
12176.40304  
12136.08684  
12212.01819  
12182.11293  
12212.4213  
12150.42137  
12196.09244  
12118.00473  
12170.63039  
12149.35972  
12212.85364  
12140.28892  
12167.9402  
12179.83754  
12124.48723  
12203.2059  
12119.10974  
12162.111  
12147.46716  
12170.41516  
12186.33081  
12157.0641  
12198.11698  
12158.87924  
12155.91532  
12208.41115  
12183.37708  
12215.50718  
12197.23237  
12194.98518  
12219.64945  
12147.6969  
12170.56784  
12191.56581  
12149.66354  
12215.32073  
12166.18318  
12192.72541  
12196.42749  
12152.20902  
12193.81714  
12185.08876  
12170.45492  
12229.6939  
12183.8328  
12162.16321  
12189.88923  
12164.93516  
12121.36429  
12179.92889  
12179.40048  
12141.07739  
12153.65489  
12155.52012  
12145.3219  
12182.49681  
12174.53033  
12169.63023  
12181.27208  
12177.44367  
12131.76732  
12172.97632  
12174.44484  
12098.90693  
12147.90656  
12134.85634  
12150.58937  
12184.27258  
12207.44461  
12167.60606  
12190.18903  
12198.28271  
12146.77295  
12152.25068  
12167.94735  
12133.35587  
12141.59586  
12210.21538  
12181.72074  
12159.08779  
12224.99847  
12180.94592  
12179.50106  
12202.71882  
12201.16094  
12144.95081  
12161.48814  
12193.09834  
12169.53608  
12163.82567  
12188.82094  
12168.60852  
12144.26409  
12199.66603  
12210.78906  
12193.36321  
12188.8253  
12221.07554  
12176.51481  
12168.67498  
12231.08852  
12188.5242  
12190.48753  
12172.36051  
12177.72663  
12160.54757  
12203.80945  
12184.67683  
12161.80518  
12184.92902  
12195.14223  
12170.76857  
12153.45002  
12170.37181  
12178.92245  
12144.33133  
12147.73303  
12160.00516  
12163.26962  
12130.04332  
12145.76988  
12169.60078  
12157.21216  
12151.56747  
12182.60606  
12202.16746  
12173.98706  
12188.41235  
12219.64563  
12213.18462  
12166.30627  
12200.10048  
12208.41296  
12168.87026  
12180.11326  
12190.29792  
12189.04829  
12158.30174  
12160.94995  
12197.74622  
12178.55467  
12160.33168  
12172.68054  
12199.07218  
12172.55687  
12160.61584  
12199.2843  
12203.94692  
12171.27618  
12185.25725  
12186.91959  
12158.3069  
12153.42458  
12160.78643  
12185.83618  
12141.76667  
12126.20319  
12173.57575  
12168.85589  
12116.66398  
12111.49836  
12158.37357  
12146.56283  
12135.94446  
12169.46205  
12184.09106  
12182.62915  
12136.58918  
12140.38583  
12183.44641  
12153.29635  
12180.32139  
12227.61862  
12197.31895  
12163.82982  
12185.96727  
12198.71458  
12152.98497  
12173.62791  
12211.50928  
12194.67217  
12164.40165  
12152.35843  
12167.69826  
12133.10936  
12125.95825  
12166.50823  
12196.1906  
12165.54075  
12151.27054  
12194.92974  
12206.38157  
12159.29297  
12154.84424  
12184.04646  
12205.86898  
12180.56709  
12196.05148  
12209.12509  
12144.84593  
12117.99629  
12129.68148  
12119.05254  
12130.4289  
12127.62233  
12147.80938  
12191.45002  
12150.86632  
12162.67142  
12187.17179  
12157.05247  
12141.28205  
12130.18469  
12188.89966  
12138.71858  
11850.26897  
11658.06384  
12377.47395  
12232.43206  
12232.00066  
12144.00096  
12139.72513  
12157.1351  
12144.87275  
12130.51695  
12176.65268  
12261.008  
12266.45471  
12248.5094  
12252.78251  
12262.16813  
12237.30083  
12225.91785  
12224.67299  
12234.22597  
12230.53734  
12227.10662  
12218.33255  
12211.85601  
12227.61138  
12246.0365  
12201.05908  
12209.0946  
12239.98744  
12210.39797  
12188.79405  
12202.48237  
12222.68837  
12226.43492  
12198.20494  
12178.81989  
12166.18867  
12172.78639  
12158.12847  
12172.71582  
12177.92962  
12209.34351  
12208.03428  
12172.5543  
12157.76681  
12194.32821  
12194.35751  
12180.22044  
12162.72689  
12179.93059  
12232.31691  
12215.01263  
12180.69903  
12180.53519  
12176.19791  
12191.11366  
12167.97595  
12146.22831  
12170.12769  
12191.21064  
12200.69592  
12204.61932  
12168.54375  
12211.08677  
12212.24663  
12192.98699  
12197.3766  
12200.6955  
12222.30992  
12187.59012  
12156.8672  
12154.60721  
12168.59556  
12180.17292  
12171.87197  
12157.99393  
12149.8607  
12169.64983  
12168.97149  
12142.50296  
12141.91439  
12159.99257  
12220.78446  
12189.34971  
12176.97531  
12173.26092  
12209.53603  
12166.03838  
12143.50703  
12164.41994  
12172.84056  
12181.56771  
12168.64373  
12136.65424  
12147.13916  
12167.66774  
12156.33184  
12143.28027  
12154.58186  
12161.49149  
12205.24937  
12190.12143  
12165.94545  
12188.57767  
12201.45035  
12194.76629  
12169.30502  
12178.24212  
12174.89193  
12205.58568  
12184.48003  
12163.39847  
12154.66549  
12184.86091  
12163.4876  
12130.80776  
12140.28353  
12182.77945  
12159.56022  
12164.01317  
12177.13578  
12178.96378  
12227.66849  
12222.07232  
12180.25007  
12181.98668  
12205.56358  
12181.6476  
12180.62667  
12164.65376  
12193.96551  
12213.84698  
12183.80078  
12194.75274  
12202.55828  
12223.16582  
12188.10135  
12179.31818  
12179.25582  
12201.54933  
12210.77532  
12189.25078  
12185.72372  
12204.87186  
12208.22328  
12231.9762  
12183.25153  
12194.75537  
12233.8652  
12205.71095  
12175.80879  
12179.30444  
12191.1325  
12194.89148  
12170.85657  
12160.94575  
12189.13996  
12219.47874  
12184.71376  
12142.60556  
12116.72161  
12134.9432  
12166.58857  
12159.84569  
12142.07225  
12173.1868  
12193.65445  
12210.73239  
12194.60345  
12181.52736  
12202.12003  
12201.54173  
12158.58112  
12100.47907  
12090.34726  
12143.40095  
12161.69791  
12149.57645  
12142.19955  
12139.91349  
12165.24241  
12176.33376  
12134.88705  
12127.39706  
12167.13588  
12167.86904  
12164.19385  
12171.63034  
12207.24482  
12202.51796  
12153.799  
12170.5648  
12187.95239  
12194.28291  
12152.26807  
12184.28381  
12219.4812  
12223.8984  
12194.62946  
12212.351  
12219.99838  
12197.45239  
12151.73605  
12165.28183  
12164.89952  
12173.90191  
12159.85005  
12209.59874  
12191.85716  
12178.09009  
12190.03918  
12179.82962  
12146.1883  
12168.69005  
12181.94287  
12174.61503  
12140.24758  
12164.79457  
12177.27387  
12203.43569  
12185.16291  
12177.12802  
12190.51235  
12202.39103  
12175.38491  
12179.41502  
12217.23809  
12238.05526  
12185.64476  
12158.31381  
12153.74578  
12190.01153  
12196.17897  
12176.89205  
12199.87875  
12218.60355  
12204.97271  
12186.6317  
12185.9782  
12187.70002  
12215.99738  
12182.30877  
12187.26339  
12201.87892  
12184.72398  
12165.05228  
12155.96756  
12156.83187  
12191.70811  
12205.31008  
12192.91068  
12149.2757  
12172.82216  
12209.29471  
12196.87512  
12145.84628  
12143.97658  
12175.28767  
12171.89057  
12125.38192  
12097.84595  
12096.88839  
12132.54037  
12132.67081  
12152.40677  
12141.14621  
12189.06412  
12189.81735  
12209.80097  
12182.6108  
12172.4198  
12177.78631  
12209.42231  
12196.69685  
12173.83756  
12162.14866  
12178.11757  
12174.6426  
12138.96945  
12135.75541  
12148.39709  
12189.48699  
12207.4263  
12203.48643  
12178.09537  
12192.09764  
12226.53535  
12183.87732  
12136.46375  
12162.19875  
12184.26936  
12187.21102  
12170.34689  
12145.70339  
12165.81578  
12149.98399  
12137.44502  
12107.73118  
12169.3675  
12203.27007  
12183.54665  
12149.16239  
12189.3005  
12210.09656  
12194.88974  
12163.07031  
12210.26791  
12188.62692  
12124.26627  
12136.22398  
12179.64608  
12196.99702  
12182.51676  
12143.20661  
12190.01116  
12165.48237  
12145.81316  
12164.14117  
12176.30936  
12201.44786  
12188.78233  
12178.5678  
12172.99264  
12178.49433  
12147.91265  
12168.57642  
12183.90604  
12193.5896  
12184.17153  
12145.94758  
12160.83461  
12196.64877  
12186.91745  
12184.06449  
12185.60784  
12195.97677  
12194.03149  
12161.52647  
12150.59293  
12203.62334  
12207.00403  
12195.1589  
12185.75858  
12177.41363  
12192.15025  
12181.25926  
12169.40594  
12174.40735  
12187.6104  
12155.69104  
12114.4134  
12123.05634  
12171.19655  
12190.31288  
12188.28676  
12184.45093  
12199.14521  
12193.19292  
12216.60817  
12202.8508  
12171.91771  
12157.37631  
12179.3784  
12226.68481  
12220.68931  
12181.20487  
12159.96837  
12185.81489  
12207.99475  
12194.28833  
12172.27665  
12197.44821  
12193.93963  
12155.35252  
12124.51631  
12138.54018  
12168.82516  
12193.01179  
12170.96572  
12159.13883  
12171.86537  
12177.36372  
12148.95626  
12144.24904  
12152.4876  
12172.32486  
12170.62523  
12160.54  
12131.56158  
12148.24972  
12181.74292  
12194.68621  
12159.76536  
12181.32697  
12167.88307  
12168.45546  
12117.27159  
12121.39933  
12132.64804  
12173.9711  
12185.46849  
12153.34553  
12190.78146  
12239.21331  
12204.95469  
12167.5331  
12197.71988  
12199.94416  
12159.6171  
12128.08332  
12123.92341  
12172.99646  
12138.89648  
12152.12226  
12141.12802  
12119.3208  
12107.41516  
12158.93474  
12159.58932  
12141.93523  
12151.79691  
12149.71661  
12172.32837  
12191.2194  
12168.77712  
12138.62313  
12161.29874  
12166.83752  
12185.9842  
12167.15212  
12177.5317  
12209.8577  
12205.37387  
12198.91037  
12189.55406  
12145.53878  
12172.54534  
12200.30638  
12179.77959  
12191.01137  
12199.90874  
12249.35104  
12209.24637  
12178.00907  
12186.16764  
12208.38778  
12150.8061  
12126.50164  
12145.42407  
12185.84856  
12183.40166  
12171.38206  
12167.81058  
12196.73961  
12198.25181  
12167.42939  
12172.09345  
12197.62087  
12201.40037  
12169.78081  
12155.68279  
12163.03568  
12176.62763  
12194.67367  
12160.07373  
12164.4922  
12177.26372  
12181.90735  
12161.77241  
12153.92911  
12144.02565  
12181.83418  
12195.41842  
12193.54402  
12176.29013  
12141.31682  
12170.0933  
12198.08737  
12163.84938  
12155.67861  
12168.2462  
12199.45108  
12208.50429  
12212.71807  
