10182.51927  
10166.20745  
10171.77299  
10239.21829  
10261.61331  
10282.86657  
10316.79899  
10307.4957  
10326.05682  
10328.14696  
10298.5029  
10336.23485  
10347.3084  
10377.17996  
10398.6626  
10394.32245  
10361.35593  
10345.3451  
10353.72261  
10355.50683  
10383.88067  
10376.21396  
10390.25703  
10350.4827  
10399.00316  
10393.96905  
10418.25921  
10387.16558  
10440.80334  
10393.94506  
10366.1578  
10345.83298  
10351.81874  
10337.31506  
10354.82056  
10368.4565  
10368.57476  
10358.2456  
10342.91488  
10339.07663  
10370.07155  
10336.98793  
10363.31719  
10413.18434  
10414.81898  
10396.11475  
10377.76865  
10376.15263  
10380.05642  
10451.64666  
9891.382031  
10465.20483  
10352.94895  
10292.94398  
10261.33258  
10279.29609  
10302.30363  
10359.04221  
10321.99539  
10333.95537  
10285.57748  
10289.13133  
10313.4792  
10341.98905  
10368.67905  
10348.83821  
10302.98973  
10284.90833  
10297.7929  
10297.89619  
10284.57145  
10308.35852  
10313.46727  
10284.04528  
10252.81292  
10240.72431  
10266.15839  
10280.29014  
10288.37375  
10309.70164  
10314.68022  
10316.69351  
10323.61485  
10321.27503  
10318.25437  
10287.67782  
10305.29136  
10360.38697  
10373.06718  
10371.4078  
10354.66023  
10327.91873  
10299.31182  
10279.6952  
10288.46221  
10323.29745  
10286.17359  
10294.20758  
10290.06814  
10275.60424  
10269.22367  
10230.20521  
10275.23196  
10310.2435  
10365.14353  
10331.97093  
10328.24051  
10320.63547  
10374.83121  
10383.12325  
10389.59372  
10377.8284  
10436.50926  
10448.33727  
10417.72729  
10409.33741  
10426.59185  
10377.40367  
10359.20419  
10331.41153  
10328.86035  
10322.38613  
10291.95563  
10284.05107  
10284.23844  
10294.50245  
10303.91185  
10266.02558  
10278.4422  
10265.75815  
10302.40393  
10346.84769  
10341.74813  
10345.50812  
10342.85027  
10324.55757  
10335.63994  
10350.07917  
10339.57885  
10336.61398  
10326.46221  
10329.15878  
10319.81354  
10298.53831  
10329.90921  
10345.56804  
10354.48753  
10385.42721  
10387.52622  
10344.14503  
10362.03224  
10398.04557  
10395.35301  
10395.09706  
10392.11895  
10365.236  
10398.958  
10392.68305  
10392.24497  
10357.73918  
10383.8784  
10369.76738  
10369.01972  
10384.20839  
10410.63016  
10373.26989  
10379.94699  
10366.92402  
10423.8163  
10436.05033  
10418.9964  
10427.50977  
10415.62038  
10370.44302  
10354.38436  
10336.85748  
10343.47906  
10306.04538  
10351.01064  
10372.19612  
10331.23589  
10352.79458  
10358.15821  
10332.50597  
10298.96724  
10307.26541  
10321.19146  
10294.19569  
10324.15816  
10295.89555  
10295.98479  
10309.21936  
10258.43572  
10306.64018  
10281.72549  
10299.20686  
10319.13247  
10307.97696  
10297.41267  
10327.52032  
10297.84055  
10286.71791  
10337.82286  
10318.32008  
10310.62084  
10308.3204  
10336.64589  
10361.7607  
10364.02031  
10369.51935  
10352.67595  
10328.88696  
10363.58679  
10309.60165  
10312.05833  
10263.89447  
10250.55679  
10236.96413  
10208.61979  
10243.40893  
10282.3043  
10326.38547  
10338.07567  
10337.91974  
10279.25127  
10286.45658  
10298.38849  
10319.46096  
10370.62483  
10366.82651  
10342.09035  
10346.6122  
10364.96081  
10368.98024  
10364.15008  
10358.5514  
10340.59763  
10354.971  
10324.37734  
10328.6225  
10330.45442  
10304.25819  
10271.1538  
10275.87971  
10245.43568  
10272.77743  
10251.46576  
10277.03518  
10292.0479  
10303.61793  
10321.9629  
10317.15666  
10335.83  
10295.56128  
10320.52115  
10347.43252  
10295.42022  
10309.37993  
10296.67972  
10266.71539  
10293.93749  
10298.37349  
10350.82311  
10355.54403  
10321.43982  
10315.07955  
10283.04128  
10317.15289  
10343.20807  
10390.6802  
10403.49969  
10386.52838  
10416.18028  
10370.11752  
10352.07387  
10295.12902  
10320.24814  
10346.80088  
10349.26061  
10383.09386  
10360.27548  
10407.41338  
10405.30683  
10397.35165  
10385.80295  
10359.01806  
10382.40352  
10406.31808  
10380.77459  
10383.13082  
10388.31107  
10334.99435  
10328.297  
10318.13135  
10379.75948  
10358.98548  
10364.51778  
10340.50716  
10345.11443  
10344.4936  
10334.84261  
10350.20693  
10345.31619  
10366.02656  
10400.3294  
10341.56729  
10331.48413  
10290.9561  
10316.39899  
10328.35379  
10318.13519  
10322.74163  
10297.01039  
10309.70878  
10314.1723  
10293.28665  
10292.69807  
10283.48497  
10316.84236  
10332.60476  
10380.88873  
10367.82595  
10358.99358  
10344.99041  
10360.42021  
10344.27656  
10339.58505  
10338.02174  
10320.37573  
10301.06912  
10262.13997  
10273.6853  
10294.41371  
10303.4262  
10350.13022  
10376.25832  
10368.87781  
10392.35646  
10394.37603  
10357.5872  
10327.66706  
10323.76857  
10328.29436  
10357.55644  
10340.39639  
10357.73971  
10348.23092  
10339.34519  
10328.33664  
10313.88588  
10246.81313  
10232.34886  
10273.64771  
10282.0844  
10305.09544  
10351.29493  
10361.64528  
10303.87513  
10305.7483  
10273.18551  
10279.21964  
10314.54001  
10328.04812  
10326.56762  
10319.36992  
10277.64613  
10281.9878  
10299.30543  
10312.20141  
10338.33001  
10314.25955  
10321.86151  
10343.75533  
10334.24404  
10379.81152  
10356.42828  
10361.28007  
10357.73835  
10359.89254  
10363.69781  
10323.233  
10354.65098  
10355.16229  
10363.25699  
10367.34621  
10323.39053  
10321.58436  
10370.93058  
10317.09097  
10323.28132  
10318.84909  
10371.28761  
10398.83356  
10393.87528  
10428.53606  
10393.17871  
10385.04371  
10378.26368  
10368.07842  
10388.20415  
10356.78435  
10351.24451  
10314.10187  
10270.87011  
10255.00623  
10269.7257  
10266.45782  
10269.29881  
10226.4407  
10219.81584  
10208.08611  
10201.20591  
10210.08366  
10267.65381  
10296.9082  
10302.57253  
10327.62343  
10342.64089  
10284.06477  
10312.9399  
10346.26827  
10400.29137  
10378.60656  
10327.84118  
10320.83747  
10321.49617  
10297.09514  
10312.11867  
10324.75783  
10306.06847  
10345.62687  
10373.50564  
10381.64331  
10346.78064  
10415.31989  
10408.44831  
10384.85773  
10383.00306  
10385.08603  
10425.97103  
10446.04604  
10459.52733  
10431.93876  
10425.38901  
10429.41017  
10341.56377  
10311.41119  
10283.33329  
10311.51247  
10278.11051  
10314.34538  
10316.38338  
10300.23895  
10318.13803  
10270.29716  
10271.0475  
10285.9108  
10297.13711  
10289.57176  
10338.93766  
10353.90975  
10287.72508  
10278.65766  
10279.16157  
10249.92701  
10258.75418  
10300.11443  
10347.22448  
10341.76666  
10328.5906  
10312.8934  
10270.55292  
10244.67644  
10243.25978  
10262.67556  
10301.02576  
10296.10233  
10301.41997  
10264.36168  
10319.7333  
10326.72558  
10390.39587  
10394.74596  
10386.61673  
10385.6981  
10388.32358  
10395.72036  
10374.64156  
10373.92124  
10401.66943  
10362.74743  
10330.90925  
10311.17414  
10258.52553  
10270.54074  
10239.11425  
10245.1235  
10282.69129  
10331.05665  
10330.52066  
10364.76832  
10403.20509  
10391.71767  
10408.60707  
10397.70315  
10412.17625  
10427.19636  
10369.93504  
10367.43675  
10355.28191  
10376.28286  
10374.01307  
10329.97466  
10303.84777  
10308.15674  
10296.72667  
10271.06082  
10345.19469  
10328.94552  
10339.21692  
10313.3131  
10324.75746  
10336.21064  
10348.1327  
10334.88569  
10351.87803  
10345.05449  
10352.19782  
10381.3593  
10336.8972  
10369.88649  
10355.7688  
10357.10825  
10337.70935  
10276.78056  
10291.6597  
10274.1024  
10301.40798  
10269.44895  
10282.41494  
10315.36681  
10351.73899  
10341.35145  
10364.06365  
10323.08638  
10362.33524  
10320.93687  
10378.06191  
10368.03283  
10389.99718  
10352.16634  
10341.07181  
10322.59219  
10288.99633  
10312.02353  
10334.48493  
10348.14036  
10351.09347  
10374.94304  
10361.43941  
10321.96847  
10296.05504  
10260.46762  
10270.83314  
10293.22281  
10339.55617  
10322.5163  
10317.87326  
10315.55723  
10307.22865  
10335.88175  
10359.20193  
10340.05133  
10316.60349  
10363.53255  
10309.54844  
10309.29851  
10353.14158  
10304.58302  
10377.92872  
10322.69174  
10309.66472  
10325.90838  
10321.89616  
10287.28927  
10337.43818  
10375.7042  
10368.84514  
10372.80709  
10361.12726  
10396.47776  
10370.74417  
10359.26786  
10363.87107  
10331.24015  
10327.37356  
10330.85385  
10355.59816  
10334.15518  
10332.69106  
10304.46367  
10340.97176  
10334.83201  
10350.59032  
10368.91562  
10377.20544  
10384.64042  
10395.98661  
10361.67824  
10367.52544  
10321.6272  
10322.41318  
10367.83232  
10355.91434  
10409.60524  
10394.36757  
10401.86738  
10385.62841  
10351.89151  
10367.40365  
10371.84327  
10360.39839  
10333.3879  
10351.29213  
10340.83211  
10341.25897  
10327.86123  
10346.83111  
10373.44971  
10357.58002  
10359.87829  
10358.64163  
10354.8717  
10349.00033  
10376.43759  
10350.93628  
10328.19686  
10312.54738  
10314.78794  
10337.11768  
10366.77624  
10363.7704  
10312.10535  
10328.28526  
10299.32217  
10336.10102  
10285.14791  
10268.28061  
10209.81743  
10224.32394  
10261.03409  
10300.78363  
10323.9088  
10347.49964  
10349.2458  
10374.33328  
10341.11113  
10359.1509  
10338.74975  
10333.93428  
10355.64233  
10380.75821  
10371.27769  
10353.64612  
10337.18728  
10319.95908  
10261.64034  
10268.66781  
10278.63003  
10291.97367  
10317.82028  
10310.61092  
10293.2818  
10293.26721  
10300.73064  
10251.57201  
10213.51163  
10238.37985  
10264.18746  
10277.96924  
10319.7805  
10302.67581  
10281.77822  
10284.12693  
10309.05416  
10322.10536  
10332.9624  
10335.82127  
10357.57108  
10331.06789  
10290.65469  
10272.32643  
10290.71007  
10322.65106  
10359.31087  
10405.01335  
10393.05896  
10406.99602  
10401.12855  
10410.53997  
10399.27984  
10369.29615  
10354.50589  
10374.28695  
10334.17769  
10345.22977  
10342.03764  
10351.84148  
10361.22806  
10360.62852  
10362.68092  
10292.1365  
10320.09648  
10316.70809  
10300.29272  
10344.77658  
10377.6509  
10374.26031  
10401.47349  
10361.60184  
10291.37577  
10250.3861  
10267.1779  
10323.10713  
