10965.16319  
10850.77839  
10842.6958  
10807.69076  
10848.6458  
10758.93099  
10823.09254  
10807.50978  
10810.30048  
10855.23165  
10811.92811  
10826.3582  
10817.48037  
10817.55533  
10863.45923  
10848.92119  
10815.49934  
10838.4653  
10869.81575  
10795.53853  
10819.89182  
10832.33622  
10810.78106  
10864.6354  
10895.00556  
10899.962  
10894.55836  
10855.96909  
10848.45232  
10855.39536  
10871.23884  
10897.79692  
10920.67996  
10952.89388  
10903.02028  
10862.53534  
10934.26677  
10838.23303  
10824.98607  
10826.58137  
10809.44592  
10769.31464  
10818.34566  
10827.91525  
10841.5549  
10829.86025  
10776.27349  
10843.79057  
10848.02171  
10833.40115  
10877.60761  
10851.15914  
10889.70542  
10892.75336  
10833.88079  
10883.08309  
10880.73809  
10870.49957  
10950.63803  
10866.75248  
10856.08915  
10865.4318  
10846.4974  
10877.04626  
10858.29568  
10835.65993  
10938.58354  
10879.90119  
10888.80667  
10867.10507  
10820.58868  
10837.16498  
10832.4726  
10823.55266  
10840.96437  
10852.38324  
10840.05628  
10837.42855  
10811.18367  
10819.52239  
10788.89967  
10802.46848  
10758.86521  
10746.75668  
10807.54373  
10801.61802  
10802.10741  
10811.22426  
10848.5625  
10845.99575  
10874.37503  
10848.56025  
10846.11569  
10894.19  
10885.91959  
10827.03498  
10912.12458  
10896.80895  
10828.97734  
10881.1877  
10829.86664  
10851.72998  
10797.70519  
10782.77194  
10832.56744  
10812.87427  
10816.48634  
10782.48577  
10786.83872  
10800.21912  
10807.97342  
10823.30318  
10840.14887  
10788.75567  
10816.64832  
10813.93196  
10804.68604  
10831.49981  
10834.17694  
10865.43378  
10871.58433  
10880.98621  
10794.58803  
10825.78577  
10795.24734  
10856.51245  
10863.82031  
10855.18588  
10840.08684  
10903.38158  
10805.01603  
10826.12188  
10860.76056  
10863.95235  
10910.63182  
10865.47125  
10863.57262  
10897.54924  
10902.82778  
10924.81533  
10883.93453  
10908.03375  
10854.05423  
10858.72004  
10877.14564  
10862.41066  
10821.49487  
10848.60232  
10887.45229  
10843.69031  
10859.41323  
10878.329  
10848.11904  
10896.37906  
10882.65741  
10845.77101  
10834.22781  
10854.89139  
10872.27088  
10868.585  
10892.36371  
10818.62341  
10811.67449  
10798.73208  
10812.60263  
10854.01868  
10840.81322  
10851.23554  
10892.04351  
10891.53473  
10899.85652  
10893.33518  
10831.67817  
10832.02176  
10845.52651  
10809.36489  
10881.34448  
10864.23574  
10866.57764  
10880.24663  
10896.24235  
10798.63106  
10877.79334  
10829.52607  
10765.10754  
10772.44676  
10802.69979  
10832.48462  
10750.83561  
10794.66665  
10720.66682  
10747.52812  
10755.68563  
10773.03652  
10810.22388  
10829.11186  
10833.29364  
10867.98897  
10868.93629  
10878.82894  
10831.5295  
10830.41283  
10848.3428  
10868.86314  
10935.62382  
10870.60838  
10872.54781  
10879.97662  
10836.40203  
10850.27203  
10901.66166  
10879.56431  
10862.03516  
10832.48659  
10803.76331  
10786.24329  
10812.22612  
10798.82617  
10803.19732  
10795.00903  
10743.79817  
10770.271  
10780.69943  
10783.74622  
10766.32761  
10824.21328  
10798.64582  
10744.05296  
10797.28147  
10788.56621  
10767.05757  
10834.46707  
10826.63284  
10843.9423  
10842.04683  
10816.79751  
10872.04119  
10921.21332  
10859.59174  
10828.18474  
10802.55676  
10792.66426  
10827.01983  
10917.74056  
10901.21181  
10908.86551  
10891.7122  
10885.56111  
10941.26423  
10938.45459  
10924.45462  
10989.22372  
10934.88703  
10944.69524  
10923.15825  
10936.34445  
10943.5403  
10968.49782  
10900.09244  
10905.41366  
10876.14121  
10896.97177  
10880.44754  
10861.81654  
10844.26663  
10889.66024  
10877.8184  
10885.24828  
10811.546  
10814.69698  
10878.47349  
10845.14337  
10850.23498  
10796.29336  
10753.40694  
10755.61094  
10749.77295  
10705.2114  
10740.91033  
10819.76323  
10787.84984  
10845.50208  
10838.89499  
10906.04125  
10862.62194  
10865.67347  
10881.30012  
10831.7915  
10839.519  
10844.20123  
10838.11245  
10874.93082  
10872.35005  
10806.4247  
10872.48996  
10850.94626  
10828.05667  
10884.41063  
10896.05045  
10915.05533  
10884.05351  
10876.03246  
10945.56435  
10896.32851  
10930.5181  
10879.59889  
10849.06958  
10854.46586  
10881.34655  
10818.8675  
10847.04208  
10837.18519  
10831.44946  
10809.61505  
10848.40015  
10841.98511  
10863.2221  
10891.74615  
10916.04745  
10934.12253  
10867.50444  
10849.283  
10841.98818  
10826.03646  
10917.5838  
10876.27846  
10879.85647  
10850.08946  
10843.08238  
10899.49607  
10883.2834  
10830.42547  
10846.08963  
10810.93088  
10753.78444  
10732.26876  
10758.93707  
10785.69116  
10805.58144  
10810.18789  
10878.65553  
10855.13682  
10856.99859  
10878.99884  
10826.73284  
10851.55921  
10874.68723  
10812.53261  
10778.77207  
10857.35777  
10782.32179  
10746.46448  
10734.78855  
10721.22544  
10804.55898  
10857.6801  
10913.99089  
10900.30523  
10896.93963  
10848.86235  
10780.61347  
10834.8502  
10857.08796  
10878.49334  
10901.89475  
10897.37559  
10872.423  
10897.87859  
10860.46637  
10800.84086  
10848.76529  
10797.87362  
10830.81717  
10830.11288  
10830.57488  
10901.53533  
10886.1552  
10887.49594  
10897.87483  
10866.85185  
10853.93265  
10867.76857  
10855.17169  
10848.78006  
10873.3066  
10820.83332  
10864.53221  
10818.8989  
10819.58871  
10881.97408  
10921.08706  
10885.29593  
10873.9898  
10809.7387  
10841.15973  
10847.68002  
10828.37022  
10858.08429  
10849.95735  
10835.40309  
10851.4046  
10804.40015  
10850.36943  
10821.98357  
10811.7917  
10805.53361  
10798.62445  
10803.46961  
10810.17114  
10848.77604  
10821.72398  
10759.20504  
10790.13332  
10839.47661  
10919.34017  
10877.54498  
10818.51897  
10835.71282  
10855.70094  
10826.17222  
10836.74879  
10864.73603  
10897.42624  
10847.94047  
10897.1659  
10863.39324  
10875.00317  
10855.49793  
10832.41457  
10856.54817  
10846.57979  
10811.00254  
10861.82764  
10858.05503  
10844.74226  
10884.78404  
10837.14654  
10859.26084  
10854.63594  
10799.55371  
10808.70245  
10854.5076  
10810.40938  
10773.44142  
10840.89957  
10873.50065  
10857.34195  
10841.45511  
10845.81737  
10828.56004  
10862.00304  
10884.44781  
10847.48835  
10895.93529  
10846.71288  
10885.65805  
10926.70653  
10886.58697  
10963.02189  
10893.02016  
10931.16581  
10929.04214  
10830.37219  
10859.1053  
10841.70114  
10847.66821  
10860.94972  
10877.01344  
10882.9459  
10914.70212  
10848.8399  
10833.35989  
10846.34684  
10803.38357  
10788.01743  
10833.42548  
10817.62817  
10793.55115  
10854.98025  
10854.22933  
10871.6225  
10847.16574  
10860.82791  
10875.10214  
10857.31033  
10842.72086  
10808.96928  
10835.98028  
10816.23911  
10866.5547  
10782.69742  
10888.85126  
10840.84178  
10929.87277  
10833.082  
10706.28995  
10719.07001  
10680.27048  
10708.60109  
10711.78073  
10671.24566  
10708.27161  
10738.75465  
10805.24223  
10822.30123  
10825.72444  
10829.61419  
10830.3581  
10845.24196  
10822.61179  
10902.57476  
10814.7781  
10851.67427  
10880.06595  
10881.41739  
10895.45111  
10874.56613  
10880.9704  
10879.37369  
10886.58035  
10913.17021  
10918.78396  
10972.72309  
10858.17773  
10944.90321  
10875.52309  
10864.51995  
10922.14582  
10924.99092  
10866.52586  
10860.39839  
10852.93874  
10796.98071  
10828.65767  
10832.65733  
10828.17539  
10856.89529  
10842.05757  
10856.633  
10882.74826  
10883.1707  
10914.18131  
10848.3986  
10947.02696  
10900.49526  
10896.45259  
10868.23943  
10848.06554  
10883.11745  
10902.14248  
10905.24615  
10877.3851  
10868.70575  
10826.13158  
10882.55937  
10878.96756  
10856.86558  
10835.31274  
10862.46922  
10809.77003  
10899.48123  
10852.27581  
10789.647  
10800.56216  
10817.96594  
10870.31978  
10896.27113  
10933.90523  
10867.90438  
10879.75139  
10857.35528  
10864.54221  
10855.317  
10846.37412  
10888.71099  
10853.6114  
10857.28254  
10927.6824  
10860.00817  
10832.69652  
10867.78691  
10772.86963  
10800.07846  
10811.01766  
10799.76617  
10803.51621  
10832.47498  
10770.50205  
10782.15257  
10879.81104  
10904.65802  
10888.31773  
10847.53246  
10852.78404  
10804.15886  
10754.36739  
10752.64812  
10654.63319  
10628.29294  
10693.43265  
10734.86146  
10776.93385  
10775.19768  
10726.47797  
10799.97528  
10815.22228  
10797.93994  
10826.74015  
10770.87474  
10806.63607  
10778.79079  
10852.70801  
10883.17901  
10894.79937  
10941.26708  
10928.09033  
10867.93408  
10872.70957  
10857.66332  
10894.77176  
10889.85448  
10825.48297  
10896.82558  
10906.541  
10879.37514  
10922.48084  
10887.56243  
10852.85774  
10949.17074  
10917.41689  
10888.60735  
10923.47257  
10939.38357  
10904.03363  
10897.58176  
10872.81157  
10854.739  
10825.33865  
10802.11299  
10860.98557  
10836.59115  
10800.53629  
10852.64732  
10881.08704  
10817.18583  
10871.30759  
10831.122  
10851.33971  
10865.05989  
10827.69952  
10814.94727  
10814.44505  
10764.72659  
10799.47638  
10810.05421  
10805.39467  
10818.05928  
10810.08531  
10835.92356  
10843.12511  
10807.2346  
10898.48999  
10867.07408  
10900.37728  
10919.22684  
10905.83989  
10870.6657  
10895.37549  
10860.44862  
10824.9587  
10820.87793  
10833.94441  
10824.76071  
10804.03155  
10813.14222  
10808.16693  
10795.19126  
10825.11928  
10864.1829  
10918.72906  
