10441.2011  
10316.39239  
10295.18422  
10309.73393  
10253.98126  
10299.64467  
10303.60326  
10288.45224  
10301.71761  
10293.70357  
10265.15283  
10269.79085  
10214.70233  
10197.65848  
10169.28546  
10158.17064  
10196.44315  
10220.2234  
10265.72131  
10293.53246  
10297.21629  
10269.90011  
10278.21561  
10319.31015  
10272.42122  
10322.8328  
10281.02172  
10321.10207  
10330.85963  
10373.37356  
10369.24691  
10373.35033  
10371.24902  
10318.70424  
10376.07657  
10371.35405  
10365.9179  
10346.4349  
10331.24581  
10310.02983  
10292.85793  
10328.8584  
10292.60203  
10275.49237  
10212.15806  
10243.2693  
10230.7297  
10280.30878  
10272.13167  
10281.39297  
10305.18278  
10300.28453  
10261.99295  
10254.02744  
10233.00946  
10265.71859  
10274.08254  
10274.04153  
10281.76414  
10287.52844  
10337.97042  
10275.71317  
10269.89981  
10278.12688  
10272.80957  
10310.85505  
10337.83982  
10313.16509  
10290.27402  
10271.41799  
10240.49716  
10222.8252  
10194.82731  
10188.62356  
10138.60691  
10133.72345  
10223.05625  
10231.71115  
10255.61751  
10292.86789  
10275.76218  
10289.10712  
10292.56136  
10300.47624  
10323.91485  
10312.40551  
10282.38876  
10285.44145  
10299.28255  
10315.93822  
10331.26297  
10357.09931  
10296.40334  
10302.34301  
10301.6034  
10283.64076  
10281.35405  
10313.28802  
10315.50909  
10308.5867  
10294.22045  
10261.42766  
10276.61605  
10281.70922  
10301.1207  
10265.91085  
10271.41485  
10281.58659  
10297.99205  
10309.15769  
10296.39774  
10302.01007  
10306.48828  
10311.06992  
10307.24454  
10331.47731  
10292.07217  
10299.6553  
10324.68208  
10286.34361  
10289.68364  
10270.46698  
10309.09008  
10344.94127  
10311.57464  
10339.75874  
10313.07761  
10327.56166  
10317.73758  
10307.47766  
10310.74161  
10335.80236  
10321.29406  
10288.34119  
10276.00012  
10250.89142  
10222.12616  
10207.50509  
10189.81055  
10195.91202  
10195.63579  
10197.42646  
10240.39544  
10253.63156  
10296.06496  
10225.00456  
10225.8231  
10237.32454  
10247.20078  
10263.68255  
10273.42555  
10300.65974  
10278.25449  
10311.08331  
10311.71191  
10287.14886  
10285.80911  
10349.72507  
10352.80864  
10343.73047  
10306.02758  
10281.1463  
10261.57178  
10207.99237  
10221.12884  
10263.47549  
10267.31134  
10329.41806  
10324.73428  
10288.20652  
10257.17708  
10267.58682  
10262.90309  
10273.52314  
10281.12061  
10306.78053  
10277.65899  
10261.42966  
10274.42274  
10256.46061  
10270.04741  
10275.31541  
10262.97798  
10306.65562  
10306.68583  
10276.08159  
10339.76602  
10370.94661  
10371.34215  
10376.04169  
10352.85375  
10371.04718  
10373.5319  
10326.64418  
10327.97996  
10379.14014  
10355.09191  
10358.24488  
10345.5589  
10333.0794  
10295.25458  
10339.5734  
10285.92336  
10308.62181  
10303.92015  
10288.09859  
10294.92997  
10297.82647  
10286.73089  
10276.96454  
10273.94089  
10278.10635  
10304.92876  
10307.3664  
10295.3787  
10294.50432  
10309.64514  
10303.05824  
10332.0978  
10348.17818  
10342.32178  
10342.04132  
10322.31973  
10330.15067  
10315.58357  
10315.09326  
10318.60203  
10318.39609  
10290.72289  
10290.86389  
10261.33638  
10216.06966  
10214.51142  
10238.7859  
10223.99272  
10229.66836  
10207.98056  
10211.34533  
10248.51609  
10296.56545  
10292.8192  
10272.32359  
10327.81596  
10317.22917  
10297.28202  
10310.8857  
10330.10872  
10361.14388  
10342.67074  
10334.28455  
10375.16051  
10319.16223  
10308.51102  
10297.95454  
10291.79267  
10296.08824  
10269.79129  
10290.09031  
10282.81469  
10246.54608  
10250.82292  
10265.97447  
10304.56131  
10294.60289  
10231.16976  
10243.94357  
10229.19187  
10217.98356  
10245.04874  
10229.71338  
10230.40392  
10273.36514  
10275.36898  
10285.79155  
10278.91934  
10259.66383  
10274.78571  
10262.03667  
10236.51051  
10264.14814  
10288.20878  
10322.33064  
10271.83817  
10363.32738  
10307.58552  
10301.77946  
10305.69255  
10256.29229  
10219.42666  
10241.47656  
10211.57357  
10264.3597  
10286.54643  
10294.94943  
10313.5525  
10302.89723  
10324.4352  
10316.62909  
10318.70401  
10335.20954  
10331.607  
10324.85658  
10316.18152  
10318.49291  
10288.37956  
10309.58464  
10286.09117  
10226.43517  
10244.37326  
10284.08082  
10296.46991  
10301.75044  
10289.47189  
10303.57375  
10343.21459  
10309.18434  
10310.6798  
10297.14046  
10293.10507  
10289.59873  
10292.10019  
10304.64844  
10287.96789  
10292.68029  
10328.69489  
10271.52444  
10304.55959  
10303.5323  
10272.36189  
10268.75802  
10263.84656  
10274.37  
10262.89688  
10255.31562  
10308.22719  
10278.81378  
10314.78078  
10332.16216  
10310.94262  
10351.39379  
10346.44859  
10331.04343  
10322.93757  
10306.44845  
10348.34001  
10313.53034  
10268.44768  
10297.98454  
10292.48544  
10266.53913  
10268.79176  
10284.44115  
10293.92785  
10325.01618  
10302.96629  
10308.72882  
10265.70868  
10242.70108  
10208.05211  
10217.15211  
10246.76997  
10275.51642  
10283.98033  
10318.21138  
10317.08838  
10327.39946  
10309.94341  
10306.95033  
10284.74695  
10325.02541  
10338.02995  
10340.04427  
10263.9305  
10230.96533  
10207.13963  
10208.54232  
10222.24216  
10223.80308  
10253.42369  
10253.25386  
10223.67436  
10215.9129  
10255.30708  
10230.33587  
10212.4299  
10235.51423  
10250.44092  
10261.00177  
10255.0362  
10278.2889  
10326.31801  
10367.57794  
10380.29162  
10361.5838  
10349.26072  
10341.66927  
10326.19492  
10314.71294  
10302.3743  
10308.33863  
10269.50977  
10287.48182  
10256.64207  
10280.47496  
10303.80387  
10293.58333  
10263.5891  
10263.68315  
10216.88316  
10193.81971  
10192.45027  
10193.54276  
10245.58215  
10254.72893  
10229.20603  
10236.07187  
10239.52551  
10255.29402  
10255.15992  
10255.14904  
10266.64783  
10250.7819  
10296.41374  
10337.2444  
10340.82845  
10305.0449  
10295.48644  
10275.78495  
10287.78743  
10234.00033  
10204.65713  
10238.27086  
10255.04892  
10289.92455  
10313.88344  
10319.69813  
10353.01883  
10341.81092  
10358.01467  
10385.78097  
10361.6396  
10343.33301  
10355.49084  
10358.26714  
10380.80129  
10342.17018  
10325.09735  
10284.09489  
10292.34924  
10279.768  
10285.02837  
10315.88356  
10305.85073  
10332.82396  
10302.48521  
10264.13779  
10258.29864  
10254.06124  
10273.9452  
10266.31887  
10253.53953  
10268.67088  
10296.44357  
10331.56422  
10345.54601  
10357.54495  
10357.61795  
10335.70787  
10286.79427  
10303.00649  
10285.13418  
10287.84196  
10224.35242  
10240.31687  
10213.03483  
10213.65669  
10200.96038  
10203.14811  
10320.64235  
10289.39679  
10258.68457  
10216.95524  
10232.90244  
10243.93369  
10231.52999  
10242.11379  
10265.7577  
10263.07013  
10237.39739  
10247.54304  
10262.52527  
10319.85256  
10321.92183  
10356.7915  
10357.15104  
10321.58915  
10291.51246  
10259.9851  
10257.15781  
10242.87365  
10248.23238  
10242.84335  
10232.8764  
10225.79474  
10281.38277  
10284.01418  
10272.77541  
10259.1091  
10264.34996  
10289.50993  
10304.83568  
10344.79295  
10337.01658  
10310.2483  
10331.11351  
10352.32903  
10333.51902  
10322.78602  
10345.04239  
10307.55164  
10344.83747  
10362.2576  
10328.85821  
10361.16667  
10320.50253  
10341.70912  
10304.76244  
10300.21952  
10313.62802  
10317.31329  
10323.13504  
10286.38702  
10305.16553  
10307.43445  
10312.81078  
10305.29046  
10327.45919  
10295.37367  
10298.55225  
10281.61721  
10321.08491  
10316.2257  
10323.25612  
10352.35819  
10355.31436  
10374.8271  
10350.60652  
10313.28637  
10245.95036  
10220.86321  
10190.08908  
10227.10833  
10232.20603  
10224.90562  
10262.32061  
10271.62235  
10275.07129  
10296.85691  
10260.49161  
10263.39465  
10249.27344  
10269.94857  
10289.35296  
10295.51804  
10318.90727  
10300.40392  
10347.66216  
10280.14876  
10240.78532  
10307.64276  
10305.94496  
10355.97114  
10342.63025  
10292.1566  
10312.38523  
10317.31864  
10280.49193  
10308.39951  
10343.04581  
10291.89653  
10321.35703  
10289.73575  
10283.16553  
10308.99591  
10303.19529  
10280.19124  
10304.59575  
10292.24126  
10301.23875  
10329.99656  
10332.87165  
10333.86105  
10294.32143  
10284.50449  
10321.73  
10297.39634  
10274.40778  
10296.42666  
10257.76337  
10250.1702  
10257.26502  
10255.78183  
10267.59538  
10236.14553  
10243.39221  
10267.16525  
10263.90895  
10241.47082  
10246.18431  
10253.33403  
10284.46996  
10269.4883  
10270.10835  
10272.28248  
10275.43892  
10257.09196  
10247.6433  
10266.00844  
10280.72824  
10264.17104  
10283.44364  
10268.96284  
10275.35412  
10214.36607  
10248.18155  
10273.01453  
10253.89744  
10250.14118  
10291.22507  
10305.68948  
10314.76604  
10342.14123  
10334.15451  
10267.12977  
10257.85086  
10249.38976  
10275.49616  
10283.86458  
10315.95457  
10339.2889  
10316.97972  
10258.52646  
10282.03058  
10328.43864  
10281.35972  
10265.85763  
10238.87551  
10243.87021  
10266.42639  
10280.45196  
10259.44213  
10268.8088  
10294.48063  
10245.63625  
10272.96882  
10266.68534  
10248.45329  
10285.09521  
10289.18183  
10341.5343  
10319.15109  
10301.12  
10322.11098  
10322.99326  
10308.19106  
10309.65469  
10338.65416  
10334.01023  
10338.15095  
10347.59029  
10350.0808  
10309.82975  
10308.79455  
10314.18903  
10306.8736  
10336.11242  
10367.00665  
10364.24788  
10383.38444  
10317.29427  
10323.5758  
10323.00449  
10276.73723  
10337.29557  
10353.02513  
10373.02888  
10304.74837  
10288.16767  
10303.38677  
10344.72789  
10312.47003  
10292.24391  
10259.55148  
10245.88621  
10188.93941  
10228.7474  
10186.89439  
10203.99758  
10238.17839  
10268.59256  
10269.87567  
10267.19231  
10286.18799  
10258.4578  
10265.23842  
10274.33666  
10281.50946  
10293.38497  
10310.77495  
10303.68822  
10293.10291  
10264.11956  
10272.17478  
10269.75446  
10274.68462  
10265.70117  
10297.2217  
10296.77974  
10258.92797  
10240.51318  
10239.81434  
10238.81871  
10221.25874  
10234.16834  
10342.29143  
10278.60291  
10302.21973  
10298.17106  
10317.96729  
10318.03402  
10277.633  
10276.29029  
10276.62451  
10287.30969  
10295.75195  
10349.6193  
10308.80113  
10311.29636  
10308.21368  
10318.21612  
10302.48772  
10374.01493  
10310.6264  
10317.60291  
10332.46449  
10332.86702  
10350.35947  
10293.71498  
10291.65692  
10266.01228  
10266.37449  
10255.36196  
10287.56752  
10225.67732  
10241.92118  
10276.48812  
10271.4202  
10288.03151  
