10498.83154  
10412.5006  
10350.25301  
10352.61238  
10382.77585  
10402.25561  
10411.75991  
10402.8957  
10410.98669  
10408.04996  
10344.08959  
10342.05425  
10346.14809  
10313.63165  
10329.11404  
10352.71168  
10348.61297  
10340.17827  
10330.23721  
10310.9066  
10314.19111  
10334.11522  
10336.6388  
10326.20042  
10352.98775  
10334.96152  
10320.70401  
10337.16633  
10314.80316  
10337.98663  
10374.76525  
10394.80866  
10385.58709  
10390.49504  
10390.37744  
10391.2237  
10357.72584  
10350.98208  
10370.56696  
10390.46873  
10403.34731  
10420.90247  
10444.86427  
10444.46237  
10418.50567  
10451.0811  
10404.69972  
10388.21966  
10362.03331  
10331.3705  
10383.89877  
10398.70021  
10379.59677  
10368.39059  
10345.6488  
10367.69667  
10387.32392  
10392.64233  
10408.81411  
10363.14795  
10349.76816  
10386.81283  
10362.29807  
10345.89522  
10371.55462  
10351.59671  
10391.38423  
10370.65198  
10327.92285  
10330.34495  
10342.31322  
10354.04714  
10347.15179  
10375.4317  
10361.82269  
10385.23756  
10328.87284  
10294.80603  
10348.37382  
10321.71473  
10308.3371  
10330.81261  
10321.75509  
10323.24179  
10335.20193  
10323.09074  
10328.23762  
10306.02854  
10331.53843  
10355.95801  
10415.41573  
10424.06266  
10437.35079  
10404.82327  
10426.994  
10440.05645  
10386.2454  
10396.11086  
10361.28865  
10366.25342  
10324.83731  
10287.18249  
10340.86412  
10352.28103  
10341.97592  
10349.2875  
10352.0258  
10345.60018  
10342.02482  
10344.53473  
10346.52375  
10400.30573  
10417.88621  
10401.92235  
10392.52163  
10351.14518  
10338.52544  
10387.44634  
10377.79974  
10377.22305  
10381.21944  
10363.43667  
10333.18826  
10297.77564  
10316.09996  
10369.91005  
10413.26457  
10357.42736  
10360.71336  
10363.64601  
10323.4008  
10335.39858  
10387.18137  
10388.86226  
10388.39559  
10452.02363  
10407.78371  
10392.36369  
10436.87473  
10438.21878  
10484.73592  
10489.82211  
10454.47236  
10430.43438  
10381.39997  
10341.80302  
10352.24091  
10384.45771  
10411.4879  
10438.01041  
10418.17454  
10379.1901  
10401.17583  
10390.54143  
10362.67399  
10338.09556  
10284.47891  
10286.5017  
10310.80396  
10337.41737  
10331.01389  
10352.97924  
10374.11352  
10383.46084  
10379.43485  
10369.88669  
10336.35982  
10320.70018  
10343.7377  
10339.30588  
10346.85594  
10352.87851  
10327.36062  
10350.64189  
10324.30393  
10374.66756  
10415.27719  
10444.68833  
10475.90822  
10398.04758  
10383.90534  
10377.41138  
10350.01474  
10338.83978  
10339.82957  
10363.66375  
10362.40578  
10317.76893  
10328.06489  
10364.68  
10336.65614  
10330.58843  
10344.52875  
10326.81867  
10322.45163  
10376.65822  
10414.35426  
10473.02161  
10475.58901  
10455.29135  
10451.25565  
10430.52758  
10377.48975  
10372.23014  
10372.09051  
10320.31784  
10362.51104  
10393.9226  
10403.68667  
10431.75165  
10454.73499  
10431.8884  
10385.57594  
10313.84596  
10280.73083  
10327.92506  
10296.21124  
10268.44452  
10310.10482  
10295.18622  
10317.98776  
10299.11539  
10301.31045  
10354.85626  
10376.28026  
10392.85178  
10371.86013  
10362.76016  
10335.71087  
10313.6135  
10301.158  
10280.46176  
10311.96771  
10314.26043  
10319.55985  
10341.90935  
10393.63089  
10370.51161  
10370.29171  
10374.02967  
10388.54894  
10370.95094  
10406.76542  
10425.13265  
10378.82874  
10368.08592  
10351.23192  
10350.24157  
10374.64116  
10392.95706  
10380.4392  
10364.6964  
10396.27427  
10416.39365  
10426.28905  
10448.94645  
10462.08639  
10447.87511  
10388.80878  
10354.61293  
10335.09682  
10298.17895  
10298.27975  
10300.02222  
10387.1463  
10434.32694  
10468.05919  
10409.1978  
10392.64103  
10391.75978  
10383.67728  
10342.85413  
10343.3755  
10368.64415  
10358.76635  
10365.21568  
10387.58476  
10366.24597  
10362.07888  
10357.23912  
10352.26361  
10373.03941  
10357.85048  
10381.91309  
10410.42039  
10402.98014  
10359.20892  
10318.15557  
10309.63968  
10365.97544  
10364.69147  
10406.82642  
10426.65006  
10407.05118  
10400.27563  
10415.49504  
10377.33797  
10364.77152  
10350.41553  
10351.09065  
10360.77238  
10415.63193  
10418.27624  
10452.51353  
10403.01322  
10395.84306  
10426.02304  
10413.58965  
10413.07403  
10416.19371  
10410.61971  
10400.35824  
10384.18689  
10347.87291  
10364.28816  
10380.31086  
10375.85043  
10382.36837  
10422.97474  
10423.80596  
10405.07652  
10405.96187  
10362.68986  
10356.14094  
10338.79447  
10354.471  
10322.08296  
10356.42605  
10312.76414  
10316.21976  
10338.34925  
10295.14982  
10300.09974  
10318.79834  
10382.09496  
10423.35166  
10449.8297  
10386.72003  
10396.32669  
10356.58627  
10353.85159  
10340.15627  
10340.62075  
10333.88173  
10361.41176  
10315.03747  
10281.33824  
10243.38765  
10240.00928  
10259.9463  
10293.73053  
10334.53426  
10337.57146  
10354.66025  
10383.39269  
10385.51644  
10409.93744  
10436.31174  
10440.90886  
10421.8518  
10411.14563  
10431.20182  
10417.67495  
10426.25143  
10391.42482  
10369.05708  
10354.87495  
10374.19074  
10400.45286  
10375.50885  
10356.10276  
10342.81527  
10347.87639  
10373.71664  
10385.92028  
10362.60221  
10357.81354  
10316.89319  
10295.54054  
10322.9504  
10332.91564  
10338.7646  
10365.865  
10381.32685  
10375.74885  
10386.48942  
10400.26933  
10380.76392  
10395.46751  
10399.72559  
10342.02451  
10361.01662  
10343.85782  
10342.33357  
10363.94361  
10372.12131  
10399.17154  
10399.69637  
10390.90913  
10363.14628  
10341.45133  
10367.68366  
10352.03053  
10385.24561  
10388.54675  
10429.90825  
10429.07039  
10448.66472  
10476.69034  
10411.95479  
10387.30505  
10333.54117  
10321.9615  
10352.16998  
10378.04146  
10376.24375  
10353.08887  
10356.21921  
10384.30889  
10374.77462  
10335.70432  
10323.45357  
10324.34677  
10340.79582  
10354.80006  
10363.76941  
10376.0269  
10376.62829  
10387.11771  
10352.87799  
10326.80031  
10313.95489  
10336.7311  
10337.85982  
10357.42332  
10366.48784  
10363.85794  
10318.36408  
10323.27517  
10378.61087  
10437.78145  
10462.89522  
10443.73571  
10408.25143  
10387.28204  
10365.69076  
10334.45007  
10348.71393  
10351.00487  
10359.81406  
10359.03927  
10333.25595  
10330.43854  
10344.60659  
10308.60092  
10339.36845  
10352.39458  
10347.44608  
10346.88673  
10358.48477  
10354.9271  
10362.53905  
10408.42046  
10433.5932  
10449.1325  
10426.15406  
10392.00353  
10396.23608  
10387.66874  
10326.82641  
10280.14187  
10312.62828  
10314.53281  
10366.2316  
10381.37952  
10417.83578  
10371.78777  
10320.22215  
10299.01876  
10349.75071  
10355.07605  
10342.86345  
10356.5281  
10349.98675  
10312.74159  
10337.02489  
10316.22713  
10373.77873  
10362.16576  
10360.77435  
10337.74724  
10351.41712  
10364.83195  
10410.82992  
10386.70416  
10383.34551  
10372.39086  
10402.95478  
10382.49361  
10408.03927  
10395.71568  
10376.30551  
10363.8541  
10324.504  
10306.28607  
10333.31124  
10371.0358  
10411.56047  
10410.88527  
10442.12388  
10450.03053  
10425.64103  
10453.65453  
10407.91539  
10371.97516  
10357.59055  
10344.98792  
10303.26425  
10305.61838  
10315.16309  
10342.35616  
10356.03851  
10375.53289  
10401.71053  
10389.93637  
10401.4452  
10449.57063  
10439.87442  
10410.32675  
10381.22713  
10333.39051  
10326.79152  
10297.04332  
10276.76479  
10280.30847  
10271.56754  
10320.21048  
10294.85287  
10275.37681  
10311.34685  
10336.72302  
10357.05264  
10380.1038  
10385.15206  
10361.85404  
10321.97573  
10355.34926  
10393.60265  
10468.44618  
10471.16461  
10462.75595  
10388.48258  
10384.06463  
10379.67692  
10364.16951  
10358.81686  
10326.25499  
10344.0834  
10323.00676  
10350.45465  
10384.67044  
10489.20911  
10465.35388  
10431.27054  
10440.0579  
10369.91631  
10319.00487  
10328.69671  
10311.9837  
10313.28448  
10332.44315  
10327.10622  
10330.88524  
10387.65746  
10401.12034  
10453.50211  
10443.05209  
10457.49735  
10364.72644  
10375.69462  
10363.01068  
10356.94986  
10361.75586  
10361.62635  
10366.52411  
10390.37314  
10410.76183  
10400.59523  
10398.09974  
10360.45037  
10366.42265  
10325.61878  
10362.70114  
10349.29064  
10355.89847  
10349.83255  
10348.08239  
10372.99422  
10375.23215  
10351.10949  
10389.26107  
10418.07331  
10396.80368  
10424.81126  
10406.13412  
10373.89343  
10405.05672  
10393.54357  
10388.74146  
10403.97034  
10427.96727  
10410.42239  
10414.01608  
10392.24487  
10389.81485  
10397.58896  
10352.74836  
10358.03799  
10329.87883  
10353.00468  
10409.57031  
10389.79068  
10397.35895  
10378.91676  
10371.24704  
10369.96092  
10324.05546  
10290.71371  
10315.26259  
10367.22743  
10410.21051  
10425.96024  
10424.40186  
10365.60881  
10300.50279  
10280.63628  
10292.96425  
10309.29174  
10320.03451  
10276.61435  
10310.44265  
10301.86311  
10323.89483  
10334.97642  
10378.13984  
10373.70231  
10381.31149  
10386.01449  
10396.71836  
10413.70445  
10406.678  
10361.56516  
10354.37516  
10378.68772  
10355.469  
10316.1491  
10323.76065  
10374.64015  
10450.76643  
10460.37476  
10513.57239  
10472.8658  
10396.20128  
10378.34805  
10335.00526  
10340.36297  
10367.93323  
10335.97557  
10340.99231  
10316.76188  
10318.10046  
10365.16091  
10391.33687  
10384.2475  
10371.41183  
10379.8609  
10351.59625  
10342.93071  
10334.39763  
10300.41365  
10288.24252  
10324.3428  
10396.48546  
10454.0384  
10445.3398  
10422.31921  
10401.57274  
10364.21558  
10339.81515  
10383.65026  
10368.82134  
10379.73713  
10382.09265  
10401.28957  
10364.57282  
10410.15512  
10363.45487  
10342.44377  
10390.50934  
10398.51194  
10394.14888  
10368.62902  
10370.88111  
10368.26501  
10344.3229  
10323.83365  
10331.31245  
10316.74156  
10338.92972  
10349.50493  
10404.22979  
10411.32601  
10383.33929  
10372.94648  
10336.44193  
10344.61583  
10325.81582  
10344.98274  
10367.12675  
10350.79273  
10342.02377  
10348.84216  
10377.17666  
10383.57507  
10397.11319  
10388.18125  
10386.23652  
10399.77446  
10388.54376  
10374.43092  
