11184.16654  
11015.38084  
10988.52372  
10960.86611  
10967.99988  
10980.81318  
10975.28957  
10950.30159  
11009.15266  
10976.54327  
10924.737  
10914.45823  
10908.99763  
10922.46348  
10894.8877  
10892.65062  
10917.24638  
10913.87453  
10879.28726  
10958.49832  
10966.26233  
11027.77737  
11025.23071  
11051.69709  
11072.84504  
11076.20529  
11078.1724  
11082.35766  
11087.95422  
11065.69961  
11031.3338  
10988.2488  
10981.00075  
10942.64548  
10984.1415  
10976.28849  
10986.56164  
10989.36131  
11004.94404  
10971.48335  
10999.72587  
10963.54109  
10997.47169  
11009.49025  
11080.59429  
11056.58337  
11037.54533  
11010.68959  
10989.80781  
10916.63099  
10966.67145  
10967.60164  
10947.47377  
10975.0312  
10941.88119  
10962.27242  
10956.17127  
10995.38591  
10979.2928  
10944.94017  
10897.56614  
10884.35257  
10953.91831  
10975.7343  
10968.93872  
10963.24331  
10960.68679  
10943.34259  
10926.78613  
10947.40179  
10945.64811  
11016.27028  
11004.19779  
11004.09826  
11019.26907  
11045.86746  
10999.3688  
10981.12335  
10924.8642  
10933.55847  
10950.20983  
10890.3201  
10860.08441  
10806.5352  
10874.76771  
10870.51462  
10944.23361  
10979.15666  
10989.67058  
11003.7476  
10997.64926  
11036.85657  
10993.05065  
11014.90479  
11067.83119  
11028.66719  
10963.94255  
10937.33242  
10948.02581  
10927.3668  
10925.50708  
10965.29648  
10996.33293  
10990.17222  
10983.30174  
11029.16618  
11037.54742  
10960.48263  
10983.72891  
10992.13377  
10934.80258  
11010.19965  
11010.81737  
11006.49773  
11031.45344  
11035.98047  
11034.79944  
11048.77781  
11018.10352  
11072.95792  
11056.88158  
11046.23839  
11078.50741  
11038.53918  
10997.04037  
10916.5363  
10904.56852  
10935.58251  
10977.85879  
11035.56369  
11029.55311  
11010.80747  
10963.03538  
10953.80077  
10966.11612  
10941.60433  
10947.82327  
10944.44582  
11005.43334  
11011.99734  
10990.12326  
10946.72613  
10916.91092  
10901.10775  
10984.83078  
10989.42252  
11036.90403  
11073.96172  
11023.69087  
11044.20864  
11023.79681  
11058.88621  
10979.87562  
10965.92518  
10974.11107  
10926.01877  
10966.15805  
10986.74156  
11043.00843  
11025.4181  
11061.56621  
11006.0811  
10990.8328  
11014.00768  
11011.722  
11023.85598  
10984.52441  
10959.85685  
10990.41336  
10946.11103  
10926.60364  
10948.32888  
10962.85777  
10965.04395  
11005.11016  
10984.48194  
10984.45658  
10996.02668  
11017.43178  
11022.48008  
11044.05971  
11031.34842  
11051.68908  
11050.59551  
10960.37249  
10938.20161  
10907.94551  
10907.1488  
10908.24091  
10931.37437  
10943.93963  
10904.48477  
10837.5526  
10910.35706  
10902.44636  
10934.74718  
10897.18828  
10951.62976  
10951.64554  
10982.54998  
11008.78477  
11040.12452  
11042.32862  
11011.09884  
11059.60786  
11003.17147  
10996.90325  
10995.9049  
11028.24519  
10994.96749  
10964.18262  
10967.74102  
10986.82966  
10983.02078  
10967.79229  
10999.09862  
11047.92931  
11015.85294  
11052.08882  
11016.6948  
11032.73284  
10949.7005  
10946.22532  
10968.11511  
11003.47266  
11032.4341  
11025.35419  
11049.634  
11019.66345  
11054.1843  
11005.85177  
10996.68057  
11003.43902  
11002.34037  
10974.45179  
10973.54775  
11006.32784  
11019.93597  
11012.45027  
11040.62491  
10976.66355  
10981.662  
10892.60503  
10922.04546  
10954.71689  
10977.54605  
11017.4593  
11014.16759  
11028.42234  
11039.00455  
10969.25239  
10901.80155  
10940.38416  
10977.76764  
10965.78453  
10989.47492  
11017.38466  
11018.70418  
11017.27186  
10974.9405  
10990.68377  
10982.82554  
10983.49772  
11003.1364  
10966.06614  
10949.72043  
10934.89165  
10916.24313  
10911.99428  
10958.0273  
10974.05087  
10939.8681  
10924.93401  
10899.08917  
10969.84154  
10969.01184  
10974.08786  
10999.17996  
11016.14416  
10978.43074  
10993.25548  
10984.80353  
10994.51612  
10981.96985  
10978.07109  
10979.92151  
11030.01376  
11033.71544  
11017.45643  
11068.69082  
11060.0956  
11036.34809  
10974.662  
10951.61931  
10921.46704  
10925.6477  
10962.87727  
10989.79895  
11027.00322  
10977.32003  
11011.20693  
10969.02601  
10959.29389  
10928.69126  
10955.22631  
10938.52883  
10972.07003  
10952.98552  
10985.57138  
10988.70892  
10974.5136  
11007.3773  
11045.70446  
11037.99734  
10983.92521  
10925.76496  
10927.02689  
10866.27449  
10880.39059  
10900.42748  
10942.86309  
10969.93721  
10994.1421  
11033.18419  
11022.70173  
11069.343  
11011.50945  
11030.07103  
11047.99102  
11019.5974  
11027.025  
11020.09648  
11021.32829  
10990.50909  
10969.85868  
11044.01621  
11048.45021  
11048.1902  
11009.94246  
11044.98546  
11077.25648  
11062.00673  
11021.23748  
11031.58715  
11024.65578  
11056.47133  
11054.7944  
11025.19464  
11038.21849  
10994.825  
10964.47246  
11006.63576  
10933.54615  
10900.71481  
10851.88875  
10817.88639  
10814.9982  
10853.08732  
10886.19956  
10901.50069  
10966.58768  
11001.7998  
11020.84479  
11037.99322  
11006.63155  
10986.60795  
10943.1512  
10983.61352  
10993.72249  
11037.08972  
11060.57115  
11017.7259  
11023.03568  
10999.03301  
10961.00931  
10907.9793  
10916.80613  
10976.55714  
10956.90563  
10904.78445  
10903.84748  
10917.93507  
10947.36173  
10956.73523  
10990.87985  
11028.52885  
11036.46309  
11023.50562  
11006.75245  
10992.96968  
11001.98776  
10961.97746  
10928.86642  
10940.31992  
10925.97117  
10935.55267  
10935.12444  
10970.51695  
10996.25143  
11060.88326  
11043.80589  
11032.91851  
11061.02088  
11031.99136  
11041.88036  
11046.79844  
11014.93302  
11073.76256  
11036.65956  
11036.07132  
10998.97221  
10978.80191  
11010.04214  
10998.70182  
10998.24875  
11015.35676  
11019.58248  
11051.85888  
11042.50724  
11077.37572  
10996.65475  
10985.64605  
10991.4396  
11040.23816  
11027.19476  
10979.19495  
10924.96218  
10900.68463  
10878.45652  
10927.29758  
10928.55428  
11014.9799  
10980.07877  
11005.90412  
11013.68379  
11027.83071  
11007.78735  
11010.16714  
11023.70601  
10992.31291  
10951.16779  
10952.81828  
10941.70225  
10918.28851  
10897.83552  
10910.93732  
10927.68359  
10940.60611  
10951.05188  
10953.93849  
10951.42043  
10983.9424  
10969.29298  
10969.00691  
11015.6608  
11024.14331  
11050.15346  
11002.04187  
11007.89871  
11018.12871  
11065.34126  
11023.29917  
11047.31935  
11083.99011  
11051.54928  
11048.27757  
11084.67539  
11044.29265  
10944.6535  
10915.83965  
10990.63682  
10996.14052  
10988.68595  
11019.29458  
11013.49797  
10981.31334  
11006.77571  
10974.79818  
10995.95481  
10990.37351  
10975.44591  
11001.95924  
10930.79462  
10932.98071  
10841.89988  
10829.55511  
10887.02374  
10909.72856  
10918.86331  
10942.02608  
10972.68029  
10921.83783  
10890.79211  
10880.08888  
10862.0633  
10920.92459  
10888.51858  
10935.11097  
10953.40236  
10959.2863  
10978.0398  
11021.48487  
11006.73018  
10981.97819  
11001.65505  
10995.63712  
11020.50002  
11044.05326  
10991.65252  
11031.10957  
10976.72814  
10992.10693  
11004.21965  
11016.42224  
11030.61696  
11025.46375  
10972.37728  
10999.83915  
10984.27177  
10941.57584  
10952.2148  
10950.84159  
11009.31795  
10989.66354  
10965.58612  
10952.69962  
10972.50904  
10983.40915  
10978.82088  
11000.58367  
11008.54256  
10975.32209  
11049.33077  
11023.58842  
11067.29407  
11027.29483  
11033.97121  
11052.50101  
11009.90944  
10977.06245  
11026.89669  
10999.60523  
10985.09806  
10997.48941  
11023.42022  
11033.3447  
11017.22444  
10974.20332  
10985.11614  
11043.18559  
11045.7346  
11057.51792  
11006.94543  
11008.51953  
11000.86861  
10997.35693  
10913.9884  
10914.67856  
10916.32949  
10944.66337  
10963.14238  
10987.22781  
11022.08299  
11038.49461  
11016.5165  
11010.46067  
11038.84697  
11044.11635  
11071.55703  
10996.85936  
11031.33586  
10987.45748  
10949.28316  
10942.25536  
10962.41318  
10993.75457  
10969.27724  
10985.90416  
11017.91731  
11007.3291  
11034.66671  
11040.61466  
10993.68371  
11005.86845  
10900.80107  
10882.73666  
10920.57261  
10881.0114  
10919.79838  
10957.74016  
10939.80795  
10923.80542  
10942.50062  
10897.6535  
10873.42357  
10944.54617  
11020.40035  
10964.72109  
11044.27667  
11003.50963  
10991.90224  
11015.45128  
11031.02132  
11039.17946  
10984.82529  
11042.46596  
11044.10829  
11049.07685  
11034.67091  
10995.52613  
10968.48702  
10913.63807  
10964.28428  
10964.961  
10983.35978  
10984.24665  
10994.70188  
10997.34802  
10927.79255  
10992.9806  
10979.74745  
10987.51986  
10988.1399  
10962.29899  
10929.33409  
10918.60464  
10961.46737  
10954.04859  
10947.86211  
10942.29328  
10924.16783  
10965.21381  
10985.13815  
10980.64017  
10944.97993  
10946.16188  
10924.54573  
10983.51439  
10983.45322  
11013.62073  
11015.21283  
11010.37596  
11050.87728  
11052.90371  
11043.34636  
11008.24599  
10991.34764  
11009.88582  
10946.5473  
10934.63415  
10908.3448  
10864.12408  
10911.79126  
10925.89967  
10986.08803  
10981.74276  
10989.81672  
10960.5434  
10944.76678  
10970.94929  
10960.81723  
11006.44056  
10998.72156  
11013.90645  
11023.52081  
11023.42498  
10973.46656  
10960.09839  
10966.9875  
10980.36124  
10979.49826  
11002.82715  
11017.63218  
11047.61997  
11044.29363  
11061.77505  
11027.40332  
10984.22707  
11003.16215  
10954.28205  
11004.5963  
10980.21529  
11013.44569  
10969.04232  
10956.75807  
10947.48442  
10943.7942  
10941.9582  
11009.98072  
11018.8628  
11048.87969  
10978.4223  
11004.01427  
10995.01262  
11009.42102  
11053.34297  
11020.33866  
11035.08783  
10950.76902  
10900.66702  
10862.79331  
10919.08723  
