10407.76307  
10310.42249  
10287.98203  
10309.10657  
10364.91312  
10368.29951  
10382.53049  
10358.38172  
10303.78673  
10303.36076  
10322.23311  
10317.87819  
10317.07749  
10307.98477  
10310.53407  
10277.17589  
10191.70961  
10118.18914  
10158.85429  
10167.63691  
10209.91985  
10267.10476  
10236.49465  
10214.41251  
10238.33727  
10250.14599  
10237.73671  
10255.82908  
10254.6543  
10261.46256  
10284.15764  
10249.63261  
10244.94368  
10257.28671  
10257.15757  
10238.61858  
10263.90406  
10279.83459  
10268.70437  
10264.203  
10211.87299  
10254.70797  
10247.30432  
10228.93453  
10239.2573  
10229.73567  
10224.47141  
10228.99793  
10186.65054  
10157.93815  
10184.21592  
10185.64512  
10210.90228  
10224.18818  
10249.53979  
10211.59856  
10204.83362  
10178.18368  
10212.77618  
10222.52815  
10240.61052  
10299.91113  
10275.73379  
10278.45538  
10292.72156  
10288.12746  
10309.21497  
10315.84855  
10276.08551  
10311.64637  
10279.07052  
10256.90032  
10278.42951  
10263.28952  
10311.18621  
10315.69716  
10288.47148  
10326.69287  
10334.08067  
10361.86183  
10356.87156  
10335.47818  
10320.26358  
10354.84671  
10306.7626  
10258.32352  
10318.50882  
10337.62883  
10296.80704  
10248.48248  
10125.88487  
10172.19712  
10250.88222  
10281.33193  
10295.59396  
10292.3808  
10280.90731  
10270.42819  
10287.87156  
10294.13945  
10330.71409  
10277.45658  
10273.80497  
10232.69604  
10228.82078  
10250.16353  
10217.38855  
10276.77143  
10274.11565  
10269.55929  
10290.89635  
10287.22426  
10270.65048  
10225.21829  
10213.94011  
10213.42172  
10212.91494  
10242.37864  
10212.54526  
10195.62488  
10248.07938  
10242.98724  
10272.33467  
10315.80654  
10326.32162  
10312.07709  
10304.29666  
10277.75621  
10243.83295  
10222.49077  
10207.9849  
10194.22249  
10164.81504  
10188.04577  
10212.19652  
10244.80181  
10228.19357  
10290.42704  
10277.2785  
10281.84123  
10317.93315  
10288.98917  
10293.87007  
10314.4859  
10289.76314  
10278.24187  
10253.247  
10250.91091  
10271.90242  
10290.53035  
10345.93803  
10332.22275  
10371.20536  
10354.36968  
10356.08942  
10285.42496  
10266.66919  
10203.3166  
10234.50234  
10262.47061  
10249.45748  
10293.11514  
10255.33578  
10253.20461  
10293.5526  
10269.08574  
10293.97359  
10306.81328  
10303.33288  
10292.59963  
10296.71871  
10258.75393  
10237.90327  
10215.87091  
10207.2164  
10233.0422  
10272.42205  
10243.74012  
10297.80313  
10283.1256  
10241.52356  
10253.82186  
10231.58369  
10270.23007  
10283.82139  
10300.31215  
10309.38759  
10303.50542  
10298.09075  
10304.81424  
10304.23028  
10267.72886  
10253.94671  
10236.28813  
10219.80685  
10254.48887  
10266.88883  
10277.80538  
10286.096  
10313.64537  
10302.19867  
10326.08592  
10364.30765  
10335.60311  
10307.26417  
10251.30997  
10248.67778  
10278.86787  
10258.93802  
9937.512076  
10292.84129  
10225.67228  
10121.45578  
10272.58811  
10334.43616  
10314.15967  
10272.89601  
10296.86451  
10328.45361  
10367.2189  
10375.59353  
10371.11289  
10385.97085  
10325.13201  
10309.86857  
10317.64525  
10325.81927  
10276.9467  
10270.56603  
10227.68044  
10209.65596  
10194.79441  
10190.84937  
10229.42183  
10238.89058  
10260.50861  
10269.13626  
10226.9018  
10204.56171  
10191.1549  
10173.43157  
10167.56795  
10200.86244  
10217.76934  
10221.90966  
10229.09337  
10235.61311  
10243.75714  
10303.3631  
10298.02201  
10300.24951  
10261.16259  
10248.97616  
10221.39965  
10230.00477  
10274.90348  
10236.31285  
10267.61706  
10245.19037  
10307.38557  
10288.04172  
10341.75336  
10319.61575  
10274.1457  
10229.31414  
10218.72577  
10195.69598  
10204.47473  
10222.38714  
10205.35903  
10206.63878  
10259.06382  
10249.88603  
10300.55106  
10300.6723  
10278.99597  
10262.87469  
10236.80307  
10289.72036  
10292.93263  
10316.04469  
10315.42959  
10294.14844  
10245.28929  
10227.12938  
10244.41183  
10237.28624  
10251.55214  
10272.33776  
10244.71507  
10301.84113  
10336.55438  
10343.96328  
10313.18593  
10318.51387  
10331.45913  
10327.0984  
10351.56267  
10331.13148  
10359.70334  
10331.53938  
10282.4849  
10252.92149  
10246.33996  
10260.49924  
10300.89348  
10271.00552  
10262.45219  
10302.08327  
10287.80413  
10298.32189  
10262.46782  
10266.387  
10347.65806  
10344.42613  
10339.64756  
10276.23368  
10228.36219  
10239.51804  
10230.1024  
10221.45982  
10244.59084  
10240.92862  
10221.93869  
10254.39461  
10255.39125  
10293.549  
10257.19437  
10268.30097  
10254.86038  
10212.88034  
10175.27985  
10218.14797  
10224.08909  
10251.62857  
10216.25087  
10202.58778  
10234.76853  
10246.88212  
10291.3304  
10296.99571  
10245.33719  
10241.29451  
10301.06921  
10298.02341  
10291.96532  
10336.65328  
10310.01673  
10282.90248  
10304.25198  
10286.94092  
10296.52728  
10330.77805  
10317.18366  
10315.17799  
10318.51729  
10283.18616  
10270.58805  
10271.40865  
10245.42079  
10265.84094  
10264.39491  
10283.89089  
10296.05954  
10280.44284  
10308.54778  
10301.32797  
10267.53445  
10243.37657  
10293.36515  
10310.29865  
10314.25911  
10321.59005  
10303.99691  
10266.38967  
10262.41673  
10293.70764  
10310.73081  
10303.27305  
10298.34665  
10251.21813  
10219.02426  
10225.99493  
10234.3751  
10255.03359  
10268.34281  
10267.10877  
10236.77767  
10232.354  
10229.14101  
10244.603  
10285.28093  
10266.59866  
10269.41905  
10260.07272  
10244.69893  
10195.12185  
10171.17576  
10209.21457  
10260.22205  
10273.84725  
10270.67318  
10237.22332  
10222.94775  
10215.50731  
10191.5253  
10205.49163  
10236.47137  
10223.98368  
10259.96506  
10264.38796  
10256.37185  
10205.7667  
10205.97634  
10235.63453  
10229.3544  
10233.3  
10239.92495  
10256.03297  
10242.89608  
10280.8092  
10311.88729  
10320.14397  
10303.32032  
10307.83617  
10305.94685  
10349.68609  
10314.86523  
10300.26798  
10318.46689  
10300.94748  
10283.23903  
10256.27524  
10234.44183  
10246.49168  
10274.03394  
10297.00779  
10315.35724  
10320.52544  
10321.98779  
10302.49804  
10301.32585  
10314.64644  
10349.04145  
10343.79092  
10346.07254  
10354.91018  
10359.80962  
10324.56618  
10275.05538  
10260.81932  
10283.72724  
10254.49336  
10228.90723  
10225.9045  
10265.85782  
10277.76694  
10257.61058  
10293.19673  
10256.59041  
10261.60249  
10241.52716  
10207.07522  
10207.65512  
10225.15985  
10254.75585  
10306.15266  
10299.25327  
10307.03952  
10263.2284  
10261.90769  
10266.95366  
10273.98061  
10254.73196  
10250.28778  
10263.9198  
10233.25211  
10259.63738  
10295.34653  
10305.19778  
10315.4461  
10313.1184  
10246.548  
10253.69357  
10244.67143  
10240.85943  
10289.58077  
10274.62914  
10285.80364  
10312.70101  
10319.2125  
10327.90955  
10306.98803  
10319.70119  
10264.05825  
10224.32061  
10233.67287  
10271.24896  
10324.71729  
10314.44602  
10306.43318  
10307.36882  
10297.08159  
10299.34196  
10304.14001  
10316.3687  
10331.10865  
10335.62932  
10334.8968  
10316.56315  
10276.25896  
10304.72184  
10326.01935  
10294.08701  
10313.26414  
10251.44493  
10245.6629  
10208.89923  
10165.36698  
10171.00749  
10202.64488  
10212.05175  
10202.76082  
10231.66126  
10268.24279  
10324.07819  
10357.64813  
10367.48127  
10342.74808  
10271.89206  
10228.47742  
10195.54777  
10216.00686  
10242.01193  
10254.09486  
10272.56143  
10291.32601  
10328.24834  
10351.22885  
10308.62804  
10302.65587  
10298.62746  
10294.11003  
10295.13955  
10292.17361  
10294.44455  
10299.0247  
10252.07784  
10286.90814  
10281.10799  
10246.2512  
10214.57208  
10176.81449  
10168.3777  
10157.09749  
10190.00543  
10159.41158  
10133.5318  
10118.52182  
10098.23862  
10130.46277  
10132.34431  
10169.88443  
10213.40877  
10203.90884  
10181.05724  
10186.95333  
10245.77565  
10253.40212  
10313.17536  
10301.9942  
10251.10406  
10275.70326  
10255.26555  
10261.53845  
10248.67897  
10265.25877  
10307.39531  
10345.9841  
10295.08982  
10284.07436  
10306.00875  
10250.24559  
10322.59227  
10300.1716  
10330.02396  
10315.14855  
10322.69438  
10347.87029  
10331.06474  
10344.68759  
10282.09082  
10297.74505  
10290.51144  
10275.32683  
10279.65742  
10312.45239  
10377.59151  
10371.29656  
10375.68183  
10354.85951  
10325.50636  
10293.5618  
10274.31187  
10295.03498  
10332.1839  
10304.8208  
10349.86795  
10310.04694  
10305.79161  
10306.8555  
10267.29337  
10282.02223  
10288.13696  
10296.61026  
10291.18707  
10234.37849  
10241.80423  
10267.71329  
10279.48104  
10262.90229  
10253.96387  
10256.78735  
10258.27299  
10253.50298  
10285.54903  
10278.10788  
10249.94868  
10234.33568  
10245.91213  
10266.93285  
10281.61468  
10322.32902  
10335.83657  
10359.57353  
10322.65789  
10304.1797  
10276.6353  
10267.22242  
10263.69913  
10278.01414  
10273.82614  
10289.58405  
10274.72446  
10294.13352  
10292.77143  
10336.1903  
10353.61068  
10335.30141  
10288.274  
10218.12024  
10212.97426  
10252.69677  
10277.36358  
10315.21557  
10118.04443  
10288.2276  
10268.74695  
10120.17334  
10322.12047  
10303.48364  
10275.0054  
10281.04388  
10237.94903  
10270.91364  
10296.07098  
10285.88328  
10275.09491  
10295.99549  
10248.51261  
10236.58128  
10222.66823  
10208.31385  
10246.9854  
10238.16664  
10284.76776  
10261.0083  
10237.90637  
10225.5399  
10238.66265  
10206.19836  
10162.31232  
10166.81535  
10191.46759  
10218.44696  
10170.33  
10150.4143  
10211.15238  
10232.82252  
10293.02187  
10284.14779  
10277.29113  
10288.16462  
10235.14048  
10207.62536  
10188.70218  
10185.51438  
10194.84908  
10244.55623  
10235.30717  
10214.32755  
10188.92751  
10211.29757  
10265.91778  
10291.32607  
10318.14462  
10300.7541  
10314.44119  
10264.39493  
10272.19881  
10258.51788  
10243.78407  
10252.95776  
10306.5159  
10294.10196  
10314.81346  
10305.74402  
10284.9622  
10283.14753  
10270.82649  
10278.66604  
10293.68794  
10263.41805  
10285.26326  
10284.77426  
10263.64383  
10275.19098  
10299.40913  
10270.15877  
10334.02536  
10363.89185  
10328.80751  
10323.57649  
10300.36191  
