10005.93034  
9955.006764  
9925.469365  
9938.601671  
9945.352828  
9984.375398  
9995.898401  
9984.03049  
9962.029695  
9974.599139  
9954.112052  
9988.976924  
9962.563223  
9954.427373  
9921.444444  
9959.569191  
9926.288882  
9898.044162  
9887.422237  
9870.25264  
9860.075195  
9910.909397  
9961.208912  
9948.620587  
9927.86726  
9876.205114  
9903.249566  
9890.524269  
9918.073857  
9929.416413  
9902.917788  
9927.912073  
9930.688368  
9931.669813  
9898.934715  
9942.778465  
9934.558521  
9958.124928  
9923.847367  
9865.770544  
9907.880172  
9892.287182  
9930.029261  
9908.289894  
9931.142614  
9880.091363  
9864.097801  
9893.583116  
9920.272714  
9925.578631  
9895.279116  
9919.769784  
9897.656033  
9896.468461  
9938.757668  
9965.788556  
9947.466073  
9872.608507  
9819.529297  
9800.648293  
9816.505642  
9831.814598  
9871.962457  
9910.803241  
9911.379304  
9894.608001  
9904.761321  
9922.901765  
9971.898582  
9955.449219  
9985.295103  
10004.76899  
10032.4188  
9967.654731  
9986.510598  
9935.9426  
9904.042824  
9912.613173  
9967.134621  
9927.385344  
9889.065791  
9887.947121  
9916.298141  
9860.828631  
9826.651295  
9868.479926  
9884.522714  
9938.927156  
9987.871202  
9995.580657  
9948.891746  
9916.85753  
9912.522063  
9904.364981  
9889.149269  
9879.139468  
9896.376989  
9930.626845  
9960.531612  
9978.174986  
10011.07577  
10001.61386  
9963.078704  
9964.967737  
9918.106735  
9962.301179  
10025.38061  
10007.11075  
9992.700846  
9926.044452  
9857.955584  
9909.531937  
9896.285012  
9924.84932  
9956.463288  
9943.427698  
9954.108254  
9964.066117  
9973.139214  
9975.550817  
9997.1909  
9976.718027  
9942.310294  
9946.03758  
9891.745985  
9884.9932  
9867.908999  
9910.217122  
9960.790835  
9959.497432  
10015.38607  
9948.558666  
9932.993562  
9952.337891  
9919.936053  
9961.218244  
9951.35055  
9992.116717  
10002.00781  
9988.707357  
9952.824725  
9972.323242  
9961.778393  
9959.983037  
9972.844329  
9957.74179  
9903.870153  
9928.564562  
9915.007053  
9921.97772  
9901.848777  
9899.731735  
9891.068504  
9880.713505  
9890.300456  
9886.768699  
9883.45667  
9926.339084  
9945.827763  
9937.981264  
9937.735352  
9972.311198  
9982.209382  
9986.021991  
9937.831055  
9921.163339  
9921.665328  
9813.27738  
9860.816008  
9847.182436  
9882.914605  
9918.894748  
9847.111979  
9844.709925  
9897.15115  
9893.497034  
9963.304543  
9949.240849  
9977.378653  
9923.848741  
9946.642506  
9931.481735  
9908.547815  
9939.514106  
9935.093859  
9990.520435  
9960.200304  
9955.222403  
9907.118092  
9868.362992  
9942.860966  
9954.079463  
9992.602431  
9958.810511  
9974.329825  
9956.440466  
9955.304326  
10004.99805  
10003.80722  
10008.78425  
9962.794994  
9998.893808  
9999.992332  
9990.91059  
10026.05187  
9969.07751  
9891.311813  
9834.107096  
9839.123336  
9829.028031  
9877.958152  
9862.857675  
9881.536277  
9888.3648  
9809.233181  
9875.273148  
9863.370732  
9896.67032  
9889.727286  
9896.551577  
9915.525391  
9890.341761  
9876.190574  
9896.359484  
9879.25047  
9910.43674  
9946.292679  
9954.179217  
9984.647606  
9972.237015  
9975.898546  
10010.47302  
9955.798683  
9985.412182  
9999.087276  
9970.177047  
9964.33431  
9923.447121  
9958.102756  
9949.90162  
9919.723271  
9911.964337  
9912.196904  
9948.28418  
9966.134874  
9970.432545  
9955.416594  
9893.27351  
9916.771014  
9935.868707  
9901.653465  
9873.994068  
9812.243743  
9838.401765  
9814.029514  
9825.719944  
9877.751338  
9947.915582  
9964.591508  
9998.674262  
10029.90082  
9965.321723  
9928.603986  
9909.642614  
9874.626591  
9857.554  
9884.431134  
9959.102431  
9951.775788  
9991.246419  
9969.26671  
9945.021304  
9992.642687  
9953.521448  
9967.680085  
9981.933992  
9935.080874  
9976.491428  
9959.02322  
9939.228769  
9950.286567  
9938.328161  
9955.802047  
9900.498372  
9941.522931  
9980.821217  
9987.395761  
9965.681243  
9915.937138  
9878.974248  
9938.878328  
9951.348633  
9930.091146  
9904.013346  
9916.513997  
9952.270399  
9958.589808  
10023.71  
9990.507378  
10007.85019  
10012.24081  
9980.4881  
9971.52304  
9976.375217  
9948.147859  
9973.253074  
9954.266927  
9974.915618  
9966.340386  
9965.833623  
9934.242947  
9876.093533  
9903.15965  
9914.091399  
9922.59328  
9930.358109  
9904.067745  
9926.253689  
9880.113354  
9848.671911  
9880.360966  
9870.059462  
9858.35178  
9890.03975  
9906.300817  
9901.008174  
9949.344329  
9921.028935  
9922.141312  
9931.759078  
9917.685547  
9915.818432  
9912.186813  
9911.144531  
9930.681785  
9936.243526  
9921.327763  
9929.352756  
9903.353226  
9902.469365  
9950.02785  
9948.59158  
9976.321578  
9938.89605  
9885.124638  
9874.83912  
9832.374711  
9849.421007  
9842.19571  
9907.355722  
9974.13491  
9978.549732  
10009.09867  
10043.35464  
10051.84578  
10049.0115  
10004.42307  
9977.978805  
9938.109375  
9938.675564  
9928.014648  
9928.591978  
9874.502387  
9830.093859  
9827.936126  
9879.703378  
9879.18797  
9882.078487  
9902.388093  
9952.21828  
9955.924515  
9947.609845  
9918.677626  
9895.356554  
9885.727105  
9907.786277  
9909.266131  
9917.77134  
9969.473199  
9955.410156  
9947.189019  
9977.472439  
9926.848777  
9922.153718  
9942.129159  
9921.797707  
9872.874891  
9850.376881  
9871.732277  
9893.288267  
9937.654912  
9897.72432  
9886.75463  
9926.036097  
9985.050564  
9979.254051  
10006.26407  
9954.290437  
9910.439959  
9929.289207  
9972.643627  
9982.950521  
9918.27087  
9892.955331  
9880.123047  
9815.313187  
9826.083406  
9837.877749  
9834.751447  
9903.788845  
9897.694264  
9902.489945  
9921.965242  
9930.822917  
9922.430809  
9917.263166  
9944.934932  
9922.687391  
9914.383572  
9960.295862  
9961.351309  
9977.926613  
10053.59668  
10006.34632  
9971.866102  
9957.038665  
9881.231952  
9848.257053  
9864.817962  
9908.340459  
9954.903827  
9967.579644  
9941.525029  
9908.203342  
9946.209165  
9933.944083  
9919.174081  
9910.729926  
9924.073785  
9908.043403  
9917.778971  
9896.680049  
9905.472114  
9896.593895  
9939.468967  
9933.634295  
9979.754883  
9931.471499  
9982.809896  
9973.291739  
9945.029948  
9962.422309  
9949.465061  
9896.842195  
9932.995587  
9930.810583  
9961.98329  
10018.11361  
10031.20472  
10035.05367  
9986.032552  
9966.428602  
10026.67242  
10005.54196  
9930.045067  
9979.249204  
9925.086697  
9936.637225  
9963.130208  
9957.735569  
9945.373083  
9965.936596  
9965.672092  
9933.820783  
9922.250362  
9908.092448  
9864.767578  
9926.729456  
9940.045718  
9922.86122  
9892.991609  
9850.210576  
9848.753508  
9854.05042  
9877.687464  
9901.284541  
9919.47678  
9926.677373  
9952.02304  
9941.837891  
9902.07053  
9898.143519  
9906.549045  
9912.560258  
9962.705982  
10022.81601  
9986.44647  
9985.806677  
9959.494719  
9948.367513  
9958.528573  
9974.672454  
9964.553675  
9960.939706  
9968.771123  
9950.075231  
9961.016204  
9939.220161  
9962.583406  
9980.466182  
9959.810004  
9961.982603  
9942.128942  
9924.799117  
9909.262876  
9959.123445  
9922.925203  
9915.401837  
9935.155382  
9932.708804  
9913.488824  
9918.543511  
9894.338505  
9933.356373  
9926.516348  
9901.33648  
9892.465784  
9886.379123  
9896.490271  
9889.661386  
9884.77228  
9876.533167  
9885.043005  
9881.576787  
9871.502387  
9899.747323  
9925.051794  
9906.62963  
9942.186704  
9925.590676  
9902.03219  
9933.393519  
9945.012623  
9944.389974  
9945.842195  
9882.223777  
9836.124023  
9868.958984  
9975.255245  
10009.94188  
9942.523872  
9952.726454  
9907.040835  
9839.603588  
9893.159324  
9859.992151  
9896.011863  
9906.19571  
9932.259042  
9999.100405  
9950.361871  
9975.004774  
9975.302734  
9970.770038  
9952.009874  
9911.369973  
9956.591508  
9949.080331  
9948.011538  
9936.894531  
9964.159361  
9994.96148  
9994.986075  
9948.565755  
9927.917354  
9905.49566  
9882.132993  
9904.915401  
9881.491247  
9838.336191  
9897.101888  
9875.764612  
9872.561957  
9885.853443  
9888.276259  
9904.268302  
9904.413086  
9945.530997  
9908.715531  
9940.219256  
9931.656069  
9901.887948  
9947.66352  
9964.624928  
10010.31789  
9980.034505  
9968.302554  
9965.896304  
9971.588216  
9965.036892  
10027.71188  
10019.28407  
9975.596318  
9985.506438  
10012.3397  
9943.532769  
9938.60753  
9935.423647  
9913.601454  
9937.691949  
9955.905165  
9962.221354  
9949.529659  
9917.555375  
9920.795754  
9898.652199  
9937.052988  
9952.832067  
9919.673213  
9902.47262  
9844.820385  
9863.746238  
9831.847837  
9864.930447  
9869.010055  
9832.277054  
9840.231084  
9805.900752  
9882.667209  
9885.676179  
9855.553711  
9969.819155  
9936.141819  
9973.754196  
9969.430519  
9986.705006  
9991.191117  
9936.624277  
9906.470631  
9920.163954  
9924.258644  
9934.220378  
9956.33894  
9963.528031  
9973.754051  
9923.402814  
9950.275897  
9922.761755  
9920.141204  
9916.092195  
9933.193685  
9957.275065  
9963.943251  
9968.524486  
9978.888636  
10009.22975  
10061.29991  
10044.12316  
10028.25836  
9983.587276  
9939.000036  
9993.587023  
9993.452619  
9973.854745  
10002.3912  
10013.40451  
9997.408529  
9984.614439  
9904.362269  
9849.353335  
9914.722548  
9890.401946  
9794.078704  
9830.010163  
9831.060764  
9875.486545  
9924.563368  
9896.968135  
9920.150716  
9848.212854  
9870.494249  
9916.194227  
9883.028429  
9888.955802  
9919.253979  
9901.238245  
9909.61556  
9927.4375  
9884.843027  
9887.205621  
9864.120443  
9854.548864  
9842.329608  
9848.271159  
9876.663954  
9916.800564  
9949.460684  
9932.970341  
9947.931351  
9943.615668  
9951.267795  
9972.703161  
9941.41645  
9968.698785  
9973.069589  
9975.793764  
9965.693287  
9980.8261  
9962.830078  
9899.251302  
9906.233832  
9859.427734  
9886.720522  
9868.250036  
9894.233218  
9855.801251  
9909.320602  
9940.322229  
9916.633102  
9925.957538  
9884.570132  
9973.414714  
9980.785916  
9945.478299  
9917.115307  
9900.496383  
9872.635308  
9899.686596  
9978.839771  
9959.733218  
9933.473488  
9962.14681  
9951.056713  
9953.626049  
9961.8057  
10001.54055  
9941.746962  
9971.91305  
9906.428024  
9857.247432  
9841.555483  
9910.010598  
9900.484881  
9935.78342  
9987.784867  
10007.34491  
10006.30603  
9954.49707  
