10413.2224  
10277.2059  
10186.72602  
10193.07151  
10219.65462  
10232.99768  
10233.1903  
10242.97713  
10225.35586  
10221.28691  
10233.65996  
10247.96936  
10260.45584  
10237.474  
10245.44896  
10245.98837  
10232.77018  
10238.63811  
10352.06204  
10323.79536  
10313.32422  
10284.23342  
10243.99826  
10198.02784  
10245.97711  
10232.80254  
10209.52114  
10235.76992  
10240.89045  
10247.12593  
10236.32431  
10262.13544  
10289.05588  
10199.05751  
10224.8525  
10201.55308  
10192.28388  
10204.84714  
10243.20924  
10283.15462  
10265.48832  
10289.84355  
10311.20627  
10254.4357  
10263.31912  
10232.70445  
10244.54757  
10238.89622  
10221.48546  
10303.74303  
10205.57754  
10235.82405  
10269.36552  
10285.63989  
10237.42711  
10252.04338  
10232.33051  
10252.41335  
10266.43956  
10247.06326  
10258.1811  
10226.8  
10237.85556  
10232.44405  
10203.50102  
10219.19316  
10225.00271  
10244.25126  
10213.73479  
10286.38101  
10261.6987  
10270.34355  
10271.56556  
10217.83338  
10277.88856  
10228.737  
10257.97263  
10275.01977  
10213.47374  
10268.56951  
10235.43181  
10223.33698  
10241.37391  
10264.03503  
10280.41753  
10266.51981  
10258.63859  
10222.94824  
10240.24065  
10225.9697  
10230.92012  
10251.74414  
10226.085  
10269.83197  
10256.29648  
10286.13173  
10284.56168  
10287.70393  
10273.23401  
10237.37007  
10250.23613  
10252.34711  
10228.39529  
10281.72567  
10277.67706  
10265.98932  
10276.51439  
10271.72958  
10305.80855  
10294.87339  
10251.35955  
10326.98757  
10235.3967  
10247.12268  
10288.20749  
10271.66651  
10304.54972  
10283.7393  
10309.38891  
10262.42799  
10261.26977  
10239.363  
10245.54792  
10288.25933  
10265.00069  
10286.5319  
10305.015  
10280.90193  
10298.45825  
10255.49878  
10213.78194  
10245.48737  
10222.43804  
10240.05736  
10235.08685  
10228.08817  
10275.20983  
10262.18615  
10273.76183  
10285.34553  
10280.26155  
10250.02042  
10211.17691  
10233.36359  
10197.76962  
10166.38429  
10168.33212  
10142.06456  
10157.80742  
10158.89922  
10167.90955  
10179.29603  
10193.77431  
10208.61834  
10193.73223  
10181.66337  
10172.75634  
10178.99959  
10176.36493  
10214.14221  
10244.78657  
10245.77789  
10251.06419  
10273.33416  
10302.87174  
10323.97886  
10311.84898  
10375.75851  
10277.89164  
10240.09627  
10185.37641  
10141.21829  
10228.9753  
10269.7357  
10254.71988  
10311.32099  
10327.12452  
10319.86478  
10294.70523  
10238.24332  
10207.24338  
10215.52554  
10225.97263  
10279.85401  
10260.53023  
10270.05022  
10268.10653  
10272.68576  
10274.49759  
10250.95237  
10255.93898  
10245.57224  
10220.38856  
10230.37995  
10277.43592  
10252.95111  
10263.39514  
10260.8893  
10246.0951  
10284.44731  
10252.05503  
10276.62569  
10243.25788  
10262.57645  
10247.95514  
10271.98503  
10268.63069  
10261.19108  
10224.39818  
10235.77687  
10227.3204  
10253.83199  
10239.58691  
10199.76558  
10255.73288  
10231.47075  
10244.76181  
10292.8388  
10256.95217  
10261.76621  
10184.20569  
10176.8694  
10218.45345  
10218.61146  
10256.2026  
10258.29813  
10253.98257  
10269.54846  
10263.9969  
10280.68312  
10248.57891  
10260.64789  
10257.97298  
10272.76348  
10251.54204  
10224.41033  
10222.22882  
10229.2268  
10217.68086  
10242.88227  
10203.21528  
10206.22515  
10234.80269  
10201.22396  
10237.19727  
10254.28205  
10273.53147  
10261.71651  
10243.07641  
10263.33978  
10272.45519  
10247.80983  
10275.60532  
10274.61558  
10296.86745  
10304.05425  
10242.79557  
10250.5291  
10249.41061  
10231.70829  
10283.42431  
10241.13958  
10270.82029  
10324.65662  
10291.96895  
10280.762  
10252.23034  
10284.06623  
10060.28019  
10113.23798  
10043.62385  
10112.09249  
10155.49566  
10258.26469  
10276.7855  
10330.90903  
10333.09646  
10321.04744  
10359.36155  
10300.69186  
10324.2676  
10311.44197  
10270.08277  
10299.80849  
10266.73618  
10243.99301  
10261.81549  
10283.03956  
10272.04911  
10262.80655  
10269.85751  
10237.4252  
10247.21254  
10254.92418  
10235.58754  
10252.86636  
10258.47025  
10211.17086  
10207.50612  
10204.24297  
10218.71354  
10225.21211  
10230.95649  
10262.73036  
10256.44499  
10261.41048  
10277.44705  
10272.21237  
10264.78848  
10264.37387  
10254.43503  
10253.31923  
10223.54579  
10236.75076  
10249.9855  
10249.94308  
10280.71105  
10254.65078  
10269.70755  
10240.88971  
10266.62585  
10267.58244  
10249.27826  
10267.74518  
10262.35977  
10249.32617  
10241.4276  
10250.34258  
10278.40558  
10218.64073  
10235.39312  
10277.32973  
10285.2622  
10282.11549  
10296.84049  
10239.09601  
10280.82682  
10244.09831  
10243.21343  
10263.20707  
10231.45616  
10219.08845  
10203.48615  
10209.28585  
10171.12487  
10160.11332  
10204.62415  
10172.8852  
10178.83728  
10180.8066  
10134.73103  
10149.26421  
10160.57778  
10195.16612  
10198.74169  
10244.82776  
10287.88585  
10304.36441  
10253.5477  
10200.12884  
10186.82526  
10194.71782  
10271.11248  
10271.19208  
10264.63743  
10280.30938  
10281.81997  
10270.93283  
10294.5173  
10256.48696  
10271.3263  
10274.76873  
10232.72285  
10251.42257  
10258.82109  
10296.36226  
10331.56988  
10345.34779  
10314.98455  
10291.53257  
10240.36842  
10248.32316  
10303.06645  
10302.07287  
10286.1168  
10273.94631  
10255.14957  
10268.25536  
10247.04501  
10204.15139  
10241.79236  
10273.52743  
10292.75677  
10303.76549  
10293.44757  
10288.78648  
10310.63088  
10304.20321  
10276.53737  
10227.7975  
10209.04256  
10235.51819  
10197.21732  
10226.88984  
10212.38483  
10214.11055  
10216.39989  
10227.49412  
10240.13626  
10273.67552  
10226.36285  
10245.40538  
10231.75582  
10160.85855  
10210.86113  
10218.43494  
10245.53058  
10239.55914  
10301.25766  
10243.42322  
10226.08027  
10183.44086  
10214.55371  
10165.97971  
10230.43522  
10215.2574  
10211.66157  
10273.66706  
10280.79403  
10270.13826  
10281.19503  
10051.26799  
10311.50306  
10228.97806  
10254.76291  
10244.75454  
10240.91706  
10220.38275  
10236.65072  
10285.11046  
10244.52072  
10270.13121  
10270.21591  
10287.36076  
10284.12891  
10294.23969  
10309.87658  
10322.52619  
10295.04377  
10266.46022  
10216.54824  
10215.53016  
10196.31168  
10221.97426  
10272.24514  
10277.19468  
10246.07843  
10277.88934  
10233.47487  
10224.76424  
10240.67493  
10198.34499  
10214.16743  
10215.3204  
10205.14816  
10204.25024  
10197.36936  
10213.29444  
10225.71738  
10275.10076  
10285.93468  
10280.61176  
10324.92969  
10331.49896  
10305.31868  
10308.72923  
10306.98362  
10351.90668  
10212.28548  
10234.79523  
10225.43774  
10258.37489  
10261.65953  
10254.25512  
10263.87799  
10301.08987  
10287.33158  
10296.17826  
10305.55851  
10273.68628  
10288.22346  
10249.9584  
10288.99212  
10274.77843  
10284.69954  
10295.14308  
10268.2464  
10238.16656  
10199.91723  
10238.57075  
10262.57259  
10228.83921  
10209.84512  
10226.5873  
10283.67925  
10259.33142  
10264.62999  
10290.75345  
10246.56634  
10202.08464  
10256.23872  
10259.94965  
10278.36365  
10261.69542  
10214.0638  
10244.29898  
10249.08722  
10248.99742  
10261.81606  
10272.08822  
10247.44301  
10222.94468  
10232.82116  
10207.08088  
10207.57852  
10235.33045  
10196.46875  
10181.94158  
10222.87533  
10190.44855  
10194.91602  
10170.11074  
10209.17734  
10223.49262  
10239.97381  
10296.94959  
10278.13409  
10239.40699  
10263.15553  
10279.26994  
10252.89264  
10233.47001  
10266.99494  
10285.89151  
10274.69405  
10244.80608  
10269.75447  
10228.63327  
10258.93407  
10226.28698  
10218.29542  
10223.79833  
10189.42337  
10175.92695  
10215.98576  
10233.77209  
10208.66046  
10252.72789  
10261.69405  
10265.53296  
10269.01029  
10268.50362  
10270.60306  
10237.58607  
10250.8446  
10263.28394  
10201.92986  
10213.63099  
10196.59217  
10207.23275  
10243.03322  
10255.58563  
10239.70653  
10258.66122  
10233.14928  
10276.4276  
10306.13809  
10292.58644  
10291.23472  
10286.10801  
10295.64579  
10267.23733  
10255.36302  
10247.29184  
10212.46421  
10207.55056  
10226.01053  
10254.97352  
10256.13309  
10228.81942  
10187.02144  
10215.98262  
10165.52947  
10150.25245  
10130.7855  
10104.82563  
10128.19  
10145.85625  
10151.01391  
10214.22333  
10173.45892  
10210.83014  
10200.70679  
10226.6707  
10183.5128  
10169.19839  
10228.99688  
10212.25543  
10237.63761  
10270.44881  
10276.80577  
10266.01272  
10292.73006  
10268.43262  
10312.62964  
10346.78542  
10332.1128  
10334.37316  
10301.33507  
10298.81968  
10289.69191  
10254.23717  
10247.59403  
10263.00629  
10265.37995  
10277.55579  
10335.72884  
10311.23168  
10278.85927  
10291.96773  
10273.81838  
10214.79282  
10279.27083  
10272.05766  
10315.53997  
10343.07381  
10377.31189  
10369.36647  
10371.04314  
10347.06317  
10356.62925  
10340.89926  
10350.02628  
10312.96615  
10305.47153  
10326.24583  
10295.17046  
10247.02007  
10243.69701  
10267.70621  
10304.31274  
10264.86825  
10229.07179  
10239.11493  
10233.33364  
10214.71035  
10200.53657  
10213.59809  
10210.89408  
10196.11005  
10248.46113  
10195.74266  
10197.33924  
10139.29104  
10175.55836  
10225.57324  
10220.86033  
10253.31699  
10279.45694  
10269.84247  
10290.34076  
10292.09158  
10271.41259  
10269.58153  
10278.30838  
10259.14931  
10207.03149  
10158.41133  
10192.93865  
10192.90095  
10151.00801  
10152.0365  
10177.60362  
10201.60458  
10213.87921  
10224.22177  
10245.18008  
10263.47201  
10261.44308  
10296.82875  
10262.97099  
10236.01454  
10313.16029  
10287.29737  
10276.95401  
10291.40931  
10262.60588  
10253.95536  
10241.31163  
10239.16176  
10273.96947  
10247.32678  
10238.58772  
10233.17697  
10255.39937  
10291.29243  
10258.46621  
10235.0752  
10224.43505  
10157.73843  
10127.73811  
10157.77431  
10101.22474  
10143.60423  
10133.68585  
10195.40425  
10221.39653  
10278.51111  
10291.57535  
10322.79377  
10296.4168  
10292.50831  
10280.90213  
10255.40801  
10277.01315  
10263.09599  
10232.86063  
10233.67331  
10218.63947  
10233.4151  
10245.23234  
10225.83008  
10248.85052  
10252.87591  
10225.99065  
10204.77459  
10186.84355  
10171.85211  
10180.38003  
10224.09894  
10239.44835  
10252.03407  
10274.7492  
10246.26148  
10285.96753  
10271.24575  
10260.31278  
10232.68336  
10205.95918  
10249.67181  
10256.65497  
10265.14219  
10273.86372  
10274.82329  
10271.82684  
10277.39898  
10267.76953  
10239.8714  
10210.40356  
10234.03375  
10230.44015  
10249.37752  
10269.32954  
10284.75141  
10237.43016  
10267.86372  
10245.7712  
10219.51682  
10266.29859  
10266.70868  
10244.94329  
10297.33596  
10230.08372  
10235.4025  
10263.30842  
10272.41306  
10244.85373  
10262.94269  
