10662.23101  
10525.09736  
10492.86475  
10466.82186  
10415.70559  
10407.61272  
10411.98488  
10449.2434  
10427.32946  
10440.73801  
10406.71177  
10384.88038  
10370.57507  
10397.29703  
10397.82152  
10390.68052  
10408.59834  
10405.09113  
10437.02225  
10423.99181  
10423.19533  
10434.13503  
10446.13867  
10510.48074  
10509.93703  
10487.82912  
10492.03466  
10473.28711  
10477.10206  
10442.36506  
10449.96189  
10470.79195  
10483.67226  
10442.3615  
10425.02443  
10407.19735  
10423.51704  
10400.27799  
10431.0167  
10406.13839  
10423.39204  
10439.08476  
10449.39915  
10419.01645  
10452.12128  
10466.43218  
10451.90063  
10453.93553  
10399.43543  
10415.9406  
10399.32953  
10418.71997  
10411.89903  
10445.12605  
10430.21312  
10435.00948  
10456.82814  
10460.32606  
10455.13753  
10449.49561  
10431.58214  
10458.1417  
10464.44042  
10440.61705  
10469.40365  
10443.94366  
10447.3887  
10485.1512  
10456.8917  
10430.20924  
10435.51329  
10428.08503  
10382.39381  
10402.04419  
10405.13331  
10423.2375  
10442.0439  
10437.3533  
10417.14128  
10426.93204  
10407.92458  
10428.94503  
10396.79447  
10412.93627  
10446.53687  
10427.46554  
10400.05282  
10415.13352  
10392.71009  
10405.93981  
10425.41068  
10427.32454  
10448.45603  
10428.02631  
10443.86147  
10416.02712  
10431.75727  
10491.63663  
10456.53158  
10487.07348  
10493.22489  
10472.9148  
10455.70423  
10481.85486  
10526.57534  
10505.05636  
10470.21002  
10510.45294  
10530.48774  
10483.82471  
10499.81802  
10464.46071  
10479.28527  
10462.28377  
10461.38274  
10420.75757  
10468.74132  
10429.62769  
10421.72304  
10408.99513  
10431.52221  
10419.62053  
10406.2809  
10413.28006  
10405.76875  
10437.5071  
10450.32888  
10488.99073  
10484.65281  
10462.52272  
10471.66528  
10478.6902  
10456.7183  
10453.41106  
10441.51939  
10410.30047  
10379.02873  
10409.20755  
10414.67171  
10426.29416  
10411.84569  
10401.99261  
10392.88271  
10414.74506  
10425.2901  
10438.92192  
10435.96358  
10431.87334  
10467.00197  
10469.61072  
10440.73312  
10427.12998  
10432.36383  
10440.83987  
10443.95555  
10433.12422  
10450.66177  
10469.29475  
10435.88979  
10483.33203  
10476.71266  
10475.3139  
10524.69646  
10502.06968  
10445.4267  
10473.07777  
10448.25259  
10434.39375  
10473.38283  
10450.23788  
10431.39169  
10397.4271  
10415.75883  
10459.73658  
10423.28776  
10401.23415  
10422.1951  
10455.78886  
10398.35124  
10416.56583  
10427.18393  
10419.34491  
10396.73184  
10422.8443  
10405.75583  
10419.34059  
10466.37462  
10406.14927  
10403.78855  
10437.55779  
10473.56643  
10425.2938  
10444.03606  
10441.78006  
10408.37619  
10464.01754  
10463.5049  
10449.33543  
10409.65039  
10446.38665  
10467.10061  
10425.76826  
10459.34201  
10467.74652  
10441.2832  
10469.2229  
10447.81788  
10448.66747  
10458.08857  
10478.94101  
10483.29396  
10490.15236  
10425.19994  
10462.4051  
10473.24679  
10441.18468  
10452.94282  
10460.43137  
10451.59263  
10427.31331  
10444.23445  
10390.50467  
10403.35202  
10391.26707  
10431.78869  
10405.08236  
10369.4234  
10380.95051  
10397.60664  
10420.2734  
10443.11545  
10423.6307  
10449.23807  
10462.52399  
10460.25529  
10469.95431  
10446.02468  
10461.03  
10460.2603  
10487.80225  
10434.47242  
10441.39824  
10441.83214  
10454.5452  
10453.68119  
10457.93976  
10476.62183  
10423.43047  
10400.24451  
10413.91461  
10418.86998  
10425.88661  
10436.55354  
10439.21766  
10422.11959  
10407.29196  
10442.59151  
10456.71978  
10428.36957  
10442.19816  
10439.02801  
10425.83397  
10484.04847  
10504.13218  
10483.62775  
10483.03167  
10522.96181  
10517.32865  
10549.05675  
10485.84875  
10487.6483  
10475.00215  
10465.11886  
10441.06615  
10510.99895  
10492.64905  
10464.03122  
10471.99159  
10475.82354  
10476.91256  
10496.42295  
10466.3442  
10480.50412  
10526.6697  
10475.26156  
10517.29819  
10543.15468  
10469.03033  
10466.53281  
10425.30382  
10440.14728  
10414.44231  
10404.73378  
10416.03139  
10413.19569  
10410.35019  
10397.79662  
10370.35408  
10405.19274  
10407.78483  
10430.40288  
10397.68485  
10411.88043  
10398.44704  
10393.48145  
10428.05684  
10427.01694  
10450.08432  
10406.08476  
10432.84491  
10373.16774  
10390.62373  
10405.69912  
10381.36148  
10395.57903  
10400.57333  
10391.27454  
10436.07972  
10453.17451  
10453.06308  
10448.8709  
10472.46701  
10507.31257  
10530.66628  
10449.80099  
10485.09531  
10483.11092  
10479.98454  
10499.08096  
10478.62058  
10492.40601  
10484.26244  
10493.76451  
10469.95545  
10468.37858  
10417.84059  
10463.85104  
10460.58554  
10447.51855  
10428.69792  
10422.34209  
10435.74055  
10411.79656  
10412.29545  
10390.07616  
10379.34497  
10360.35466  
10349.12879  
10376.7532  
10356.19947  
10377.89307  
10384.58285  
10364.78319  
10391.44569  
10419.73193  
10410.91708  
10417.6679  
10422.1157  
10452.56041  
10438.56137  
10480.34241  
10467.85659  
10441.36751  
10432.75324  
10407.1452  
10396.29693  
10435.22092  
10448.31431  
10429.30222  
10433.192  
10462.36106  
10460.75041  
10426.05078  
10425.46564  
10463.60418  
10464.20185  
10455.50344  
10442.92074  
10472.08667  
10469.60711  
10503.65643  
10492.40358  
10477.20782  
10502.39231  
10477.25011  
10466.31898  
10480.0611  
10475.62225  
10509.86608  
10494.2894  
10474.24963  
10497.63874  
10487.67618  
10447.89023  
10437.12954  
10440.38642  
10394.52034  
10432.96385  
10445.691  
10441.84534  
10420.95393  
10433.18407  
10408.12166  
10423.29869  
10429.20509  
10403.26189  
10427.75463  
10419.47597  
10445.43798  
10447.05878  
10468.90492  
10465.17374  
10495.56428  
10456.7621  
10461.13311  
10476.87375  
10535.8079  
10500.0247  
10472.23428  
10504.07136  
10518.74718  
10479.6871  
10454.13856  
10420.1391  
10417.06867  
10411.1527  
10469.88028  
10465.4951  
10433.26253  
10395.44783  
10381.65367  
10358.23019  
10376.60391  
10415.05862  
10401.40975  
10414.24417  
10385.17669  
10423.69879  
10420.24669  
10424.98936  
10424.40399  
10444.02805  
10421.20216  
10481.47196  
10433.42837  
10472.17079  
10448.53034  
10455.79123  
10438.49158  
10417.22866  
10423.34398  
10438.69937  
10466.52051  
10462.25808  
10425.95256  
10451.31805  
10458.52931  
10415.70376  
10425.82449  
10389.53135  
10387.848  
10436.37738  
10412.71351  
10430.70939  
10405.15362  
10395.62067  
10421.26257  
10411.72339  
10434.9648  
10418.79842  
10425.53258  
10481.52618  
10457.10838  
10464.07137  
10463.75611  
10492.04252  
10498.19533  
10454.95658  
10457.65117  
10443.67278  
10487.4361  
10492.49839  
10431.2927  
10445.89255  
10449.42739  
10428.35582  
10412.72591  
10397.71775  
10425.12245  
10433.97844  
10415.25177  
10446.85247  
10420.22263  
10468.55123  
10522.74231  
10490.43127  
10452.94473  
10428.33918  
10452.59202  
10396.12023  
10456.345  
10435.33877  
10411.87409  
10378.07379  
10396.13001  
10401.03187  
10382.03589  
10388.6952  
10394.48341  
10397.87416  
10392.08088  
10418.58509  
10455.5642  
10470.08547  
10452.27453  
10493.41085  
10480.40332  
10444.88581  
10417.22856  
10420.73655  
10431.98476  
10453.4174  
10373.77494  
10432.90445  
10453.96667  
10422.90425  
10434.52672  
10426.3981  
10438.37097  
10406.00337  
10435.73385  
10429.96201  
10454.12966  
10469.50173  
10487.86696  
10488.59947  
10511.4286  
10476.39981  
10493.70005  
10508.01329  
10479.00972  
10494.25873  
10509.3021  
10500.93532  
10516.64402  
10512.309  
10474.84382  
10483.97522  
10471.80405  
10436.06839  
10440.82756  
10457.52242  
10397.90706  
10383.06836  
10395.02072  
10375.24643  
10426.40784  
10416.90612  
10417.57236  
10396.07793  
10410.54056  
10393.876  
10386.81135  
10420.54363  
10408.50621  
10426.30504  
10394.63376  
10401.53156  
10400.73752  
10430.27308  
10422.56608  
10464.37605  
10456.42122  
10444.17906  
10459.9722  
10455.52709  
10440.31022  
10418.72053  
10434.26056  
10438.05389  
10456.64337  
10418.19853  
10418.72159  
10433.04847  
10443.85797  
10426.56118  
10462.10415  
10470.51343  
10448.05566  
10482.18471  
10467.19033  
10438.17329  
10449.08916  
10473.46215  
10453.58328  
10447.38135  
10447.6194  
10430.11873  
10419.21561  
10427.48133  
10413.31842  
10396.49833  
10407.9708  
10397.11886  
10398.77683  
10434.89163  
10428.84249  
10475.13577  
10464.97201  
10444.599  
10462.63871  
10446.58683  
10449.06196  
10454.28135  
10472.83486  
10482.03963  
10480.41217  
10489.16913  
10496.67176  
10476.22709  
10489.76189  
10462.09623  
10488.75661  
10475.46126  
10469.91926  
10469.97878  
10462.57559  
10465.12718  
10438.58445  
10467.5094  
10466.48832  
10453.31734  
10404.5926  
10455.84345  
10450.62204  
10447.29603  
10440.90302  
10449.51734  
10460.68375  
10406.93167  
10424.82527  
10444.87439  
10474.42565  
10437.63843  
10406.06373  
10438.6541  
10432.6955  
10429.26708  
10420.06372  
10418.21504  
10403.03453  
10429.68154  
10441.17946  
10475.65329  
10413.53874  
10451.66345  
10465.48028  
10484.83176  
10456.44342  
10496.4449  
10477.14368  
10457.27539  
10468.94799  
10478.73633  
10508.37521  
10446.16937  
10451.26605  
10464.71985  
10408.65297  
10416.51609  
10419.01387  
10428.45264  
10455.68792  
10432.13209  
10425.57569  
10434.14381  
10407.04254  
10429.61332  
10425.52085  
10430.60057  
10426.80442  
10432.92948  
10473.61399  
10506.2183  
10520.44479  
10475.74662  
10470.1221  
10457.1156  
10450.5623  
10458.57855  
10452.38219  
10432.19032  
10456.76479  
10431.32865  
10426.66928  
10429.552  
10438.85953  
10468.69584  
10425.59273  
10469.70218  
10536.70225  
10486.42247  
10490.73176  
10427.72917  
10442.37987  
10485.80247  
10462.77955  
10446.34807  
10458.73616  
10439.89842  
10461.16416  
10420.76028  
10403.52771  
10425.83485  
10439.30213  
10381.01393  
10420.09952  
10392.52146  
10387.99205  
10424.94959  
10427.83124  
10431.26955  
10426.04137  
10428.5151  
10394.44179  
10452.40508  
10485.62196  
10444.77437  
10435.41026  
10424.70389  
10416.33485  
10465.6114  
10482.11177  
10512.92268  
10486.62896  
10474.00824  
10509.40666  
10481.86201  
10469.13997  
10476.57606  
10479.57967  
10468.55593  
10480.75812  
10463.51534  
10483.00044  
10490.48263  
10465.32224  
10462.41565  
10460.90605  
10451.88547  
10450.53114  
10461.81948  
10451.8566  
10485.48835  
10407.29506  
10414.48907  
10422.25603  
10411.77038  
10424.06776  
10395.51258  
10402.54821  
10421.30678  
10421.96387  
10400.01386  
10419.71896  
10416.31574  
10418.53913  
10425.00369  
10443.84144  
