10542.02798  
10380.01383  
10292.8745  
10280.14912  
10211.95091  
10232.65501  
10181.79732  
10196.36605  
10250.3514  
10262.04247  
10275.00441  
10288.69853  
10275.50491  
10175.40728  
10163.50544  
10041.54139  
10085.75451  
10163.59325  
10067.84882  
10162.22572  
10190.8712  
10150.073  
10155.4725  
10104.81094  
10121.48672  
10066.01077  
10131.24382  
10133.58837  
10142.46313  
10168.47052  
10150.91839  
10201.24013  
10207.49095  
10222.97698  
10225.91697  
10247.74543  
10222.59156  
10207.6245  
10246.0994  
10266.59488  
10271.76747  
10270.86164  
10251.08863  
10252.7627  
10247.16406  
10296.65361  
10269.11217  
10320.89622  
10237.06129  
10318.26227  
10378.56981  
10283.22347  
10265.16723  
10264.26562  
10252.84515  
10256.65775  
10305.62278  
10277.07483  
10311.4314  
10265.70188  
10190.68143  
10171.18534  
10182.24504  
10190.58567  
10226.95962  
10173.12666  
10243.9863  
10214.61859  
10146.18204  
10124.12347  
10161.62761  
10197.3433  
10152.8163  
10179.72218  
10149.26222  
10194.55025  
10164.15182  
10096.56551  
10156.43399  
10148.90129  
10238.21001  
10189.94088  
10294.43908  
10319.79484  
10222.15636  
10264.70342  
10291.32789  
10255.10771  
10270.67829  
10307.45798  
10318.36188  
10353.04189  
10288.02832  
10292.18037  
10262.78896  
10317.45342  
10289.27325  
10279.53149  
10353.97421  
10257.0099  
10304.23361  
10357.8352  
10192.88952  
10191.10312  
10202.29022  
10210.51948  
10172.06406  
10131.50422  
10078.58987  
10044.24583  
10073.20012  
10062.94494  
10045.49863  
10128.92963  
10140.16195  
10182.41913  
10168.88704  
10137.08414  
10146.28041  
10120.53035  
10041.28357  
10041.59243  
10122.3391  
10079.03217  
10177.77769  
10270.02864  
10328.98031  
10327.28774  
10218.45703  
10336.72807  
10251.65636  
10202.25567  
10186.10259  
10168.93716  
10202.6988  
10275.09763  
10240.61919  
10224.46046  
10307.77972  
10234.61801  
10301.90509  
10283.16609  
10244.43486  
10215.41438  
10254.50267  
10330.95078  
10270.50499  
10224.27946  
10157.41588  
10098.10755  
10162.29809  
10167.5752  
10183.59122  
10168.53059  
10182.75594  
10154.9532  
10176.39453  
10209.21574  
10243.77829  
10229.60175  
10369.23438  
10319.19201  
10318.48638  
10331.48042  
10319.9739  
10233.73559  
10114.94048  
10208.92911  
10226.4256  
10196.06012  
10179.33884  
10234.26541  
10150.4598  
10114.17626  
10161.90448  
10159.88685  
10157.53769  
10230.9351  
10164.63044  
10164.37487  
10142.77798  
10089.54587  
10108.72749  
10065.13257  
10135.25649  
10173.2311  
10173.81831  
10204.15546  
10203.46748  
10177.38247  
10182.1491  
10217.61151  
10208.37297  
10285.31593  
10330.96822  
10309.67267  
10307.29812  
10302.98965  
10297.71249  
10286.48915  
10309.00918  
10277.259  
10292.2628  
10239.16303  
10245.54117  
10286.87611  
10272.18578  
10267.53423  
10280.97617  
10302.14556  
10332.5308  
10313.61925  
10306.95173  
10322.89224  
10436.65802  
10342.91401  
10252.10703  
10389.80783  
10243.99016  
10329.50552  
10385.63257  
10275.95735  
10303.74826  
10215.54611  
10243.57406  
10191.67905  
10154.78085  
10141.40456  
10120.97189  
10072.09053  
10103.04212  
10094.40794  
10080.28576  
10083.55427  
10076.87864  
10084.87199  
10084.98063  
10082.05741  
10137.71308  
10170.89258  
10199.4513  
10228.12962  
10207.46862  
10237.12186  
10284.24129  
10216.43906  
10251.35085  
10208.43148  
10223.8954  
10241.5412  
10318.80387  
10337.86566  
10294.39667  
10238.69315  
10211.22202  
10145.45096  
10225.60766  
10197.59639  
10166.37495  
10238.83673  
10165.22173  
10220.01204  
10192.55297  
10154.64696  
10245.61954  
10227.6748  
10192.81543  
10185.4115  
10219.41348  
10325.90337  
10312.16311  
10239.11793  
10264.37199  
10187.93029  
10235.29215  
10263.19072  
10181.25718  
10250.19513  
10261.39728  
10182.77534  
10186.99237  
10158.47408  
10185.45896  
10153.08987  
10182.8348  
10231.00855  
10132.4967  
10141.20592  
10154.52072  
10178.89355  
10130.30178  
10246.03542  
10202.77127  
10137.73986  
10131.49274  
10086.04181  
10097.50797  
10065.10317  
10124.68972  
10134.13899  
10180.94188  
10252.45307  
10275.18029  
10318.87904  
10305.17132  
10359.26861  
10374.91359  
10276.5795  
10318.55279  
10283.62442  
10300.86125  
10333.29516  
10273.92206  
10331.912  
10250.71197  
10269.26531  
10332.3315  
10233.7349  
10251.16681  
10211.277  
10205.61896  
10237.02742  
10243.26906  
10187.43399  
10187.35257  
10207.07314  
10147.68336  
10167.79899  
10145.50789  
10151.2599  
10185.54144  
10145.50525  
10156.1676  
10159.45574  
10165.07382  
10147.38218  
10168.35943  
10172.40406  
10150.97923  
10161.44104  
10191.11531  
10217.99723  
10279.60806  
10328.90155  
10276.47437  
10323.47213  
10298.13009  
10305.00206  
10274.45885  
10281.84692  
10240.11529  
10246.50282  
10247.1737  
10254.90345  
10325.59541  
10279.08781  
10232.06931  
10233.95167  
10174.75953  
10162.81287  
10192.84417  
10140.67781  
10153.18623  
10184.60663  
10170.44117  
10216.40364  
10195.37988  
10151.48055  
10219.97643  
10228.27077  
10212.87648  
10236.31667  
10225.34283  
10275.54297  
10179.52444  
10209.36373  
10227.44806  
10285.08161  
10243.81187  
10250.08314  
10256.90744  
10170.48232  
10138.63994  
10125.40248  
10159.66599  
10174.31382  
10323.57934  
10273.54854  
10185.02587  
10171.49274  
10095.8077  
10045.18798  
10160.02808  
10099.94104  
10207.6497  
10279.88806  
10130.2575  
10220.04194  
10196.20592  
10193.65351  
10276.14371  
10252.52193  
10281.30862  
10281.59372  
10195.29102  
10252.03291  
10332.7675  
10277.48166  
10283.80865  
10313.26885  
10296.74446  
10330.91293  
10229.61315  
10199.16456  
10179.17575  
10147.34869  
10123.08744  
10126.81564  
10079.39559  
10151.85943  
10195.54735  
10105.68064  
10137.8522  
10193.22157  
10224.1794  
10164.1534  
10147.72234  
10105.58559  
10128.2078  
10159.16675  
10211.42465  
10194.92668  
10155.03225  
10201.21458  
10248.69742  
10234.71463  
10319.50404  
10375.81567  
10381.31978  
10407.92238  
10371.22635  
10268.21516  
10291.69439  
10278.86814  
10288.44705  
10400.9469  
10331.06166  
10360.65498  
10242.86977  
10206.23152  
10150.83164  
10210.19286  
10246.84296  
10229.5596  
10226.1363  
10305.64815  
10250.05862  
10209.34921  
10219.21875  
10231.25206  
10330.38223  
10279.7414  
10285.04801  
10316.81746  
10286.33045  
10197.56142  
10157.22324  
10252.23152  
10176.27027  
10199.32454  
10231.00391  
10253.46487  
10232.17383  
10147.642  
10122.32464  
10133.48609  
10155.83179  
10122.09364  
10081.53996  
10143.26599  
10121.51412  
10250.49802  
10172.06303  
10176.97735  
10166.79466  
10227.6392  
10277.20669  
10233.24285  
10223.03442  
10250.07704  
10174.90886  
10196.47712  
10140.62487  
10215.53558  
10201.31509  
10256.73189  
10198.87946  
10210.8546  
10151.62571  
10207.72717  
10204.62838  
10216.85634  
10078.08092  
10048.97762  
10058.18863  
10000.18916  
10087.5719  
10142.79115  
10160.29012  
10166.49456  
10202.15324  
10201.47553  
10199.00525  
10247.70896  
10267.40738  
10306.20666  
10279.89656  
10293.34982  
10268.70545  
10257.3953  
10289.10779  
10267.55456  
10193.09758  
10217.4243  
10184.94632  
10308.00839  
10269.00195  
10279.93454  
10202.41747  
10315.73799  
10304.95796  
10317.73324  
10259.65324  
10295.89575  
10300.48825  
10318.02864  
10234.4446  
10207.56218  
10291.19829  
10368.40968  
10287.46812  
10205.68702  
10175.45711  
10088.2207  
10117.98628  
10201.45231  
10129.61867  
10127.93415  
10206.43011  
10178.28141  
10120.77766  
10210.76871  
10301.23812  
10187.39688  
10205.01248  
10246.53669  
10138.2263  
10306.19215  
10212.6269  
10143.33137  
10233.70872  
10255.69444  
10176.16314  
10087.89749  
10083.78843  
10061.15665  
10149.97677  
10145.81374  
10188.36062  
10225.18724  
10250.61977  
10252.94286  
10289.38477  
10257.67362  
10269.21231  
10339.31532  
10263.06094  
10270.26391  
10298.17605  
10245.00515  
10272.75222  
10330.21867  
10282.31084  
10327.82118  
10264.0706  
10277.73047  
10304.01631  
10283.20909  
10233.40453  
10207.43444  
10213.05968  
10204.61199  
10180.73525  
10246.03885  
10266.04025  
10330.59502  
10276.4238  
10210.8192  
10193.25889  
10237.30453  
10223.90197  
10228.12202  
10180.30624  
10186.06134  
10173.99696  
10209.19542  
10299.0691  
10238.14912  
10278.03096  
10276.70418  
10253.14461  
10311.7888  
10256.40013  
10259.43998  
10263.78151  
10235.27204  
10242.93536  
10238.07382  
10234.8328  
10210.30078  
10169.31493  
10222.34444  
10197.42948  
10187.34993  
10116.86671  
10153.06796  
10140.60143  
10178.06773  
10183.3745  
10184.95635  
10209.53695  
10239.91369  
10210.55221  
10265.73329  
10217.36756  
10230.32791  
10266.18621  
10211.72609  
10220.31477  
10205.82575  
10233.89078  
10244.60943  
10288.36014  
10297.59499  
10243.80902  
10335.35742  
10341.61666  
10263.37284  
10208.43576  
10186.5237  
10194.13727  
10214.91768  
10186.07002  
10101.27964  
10063.286  
10063.96635  
10079.63073  
10037.5474  
10061.24512  
10045.38793  
10071.21659  
10102.32454  
10141.82311  
10102.3333  
10138.65314  
10145.02832  
10122.90303  
10154.1525  
10161.41026  
10182.54764  
10211.62497  
10179.55456  
10226.71505  
10189.44748  
10236.52291  
10243.93462  
10215.13672  
10233.52344  
10236.89097  
10247.23614  
10259.70959  
10252.67391  
10261.8352  
10257.02534  
10243.96057  
10278.56163  
10296.57842  
10302.57514  
10261.47144  
10238.46696  
10281.0426  
10267.4848  
10284.45381  
10291.05506  
10273.81691  
10300.72957  
10274.29318  
10262.35225  
10307.45524  
10312.25918  
10287.89329  
10315.78975  
10430.03529  
10248.95582  
10330.53043  
10319.7567  
10354.30669  
10341.55899  
10361.15984  
10333.05849  
10375.64725  
10271.31889  
10130.59504  
10150.75517  
10132.96872  
10132.25821  
10148.89033  
10123.4138  
10154.47833  
10133.64751  
10091.31548  
10126.09768  
10115.22384  
10046.59285  
10059.27088  
10121.0563  
10132.00512  
10128.10164  
10137.06464  
10112.11761  
10189.38049  
10183.87482  
10161.84211  
10159.03529  
10188.7557  
10228.80379  
10217.24617  
10166.9271  
10162.80598  
10179.33098  
10177.86091  
10164.64672  
10201.62231  
10169.78397  
10162.49227  
10176.42356  
10200.06804  
10194.20901  
10196.81012  
10239.67465  
10213.67227  
10340.52436  
10231.83111  
10144.4242  
10187.30292  
10169.26555  
10216.89139  
10190.61988  
10303.83559  
10324.78502  
10336.27719  
10332.45653  
10327.43544  
10374.05638  
10325.84562  
10333.09359  
10319.59863  
10327.963  
10334.89289  
10252.31583  
10251.12748  
10250.09847  
10292.95452  
10241.51024  
10222.22667  
10205.63746  
10132.21226  
10203.99499  
10164.78136  
10221.15725  
10150.24385  
10159.47846  
10179.31804  
10175.91557  
10215.40263  
10163.24559  
10246.07549  
10219.97656  
10235.85663  
10256.73902  
10209.36246  
10277.94529  
10244.26605  
10290.53785  
10269.79574  
10236.59987  
10236.77246  
10207.52975  
10217.12888  
10135.31274  
10145.59095  
10216.1827  
10171.34172  
10182.61571  
10179.33451  
10161.90535  
10114.34884  
10142.24976  
10201.44996  
10181.28043  
10307.80588  
10284.28001  
