10687.57009  
10579.215  
10537.17571  
10486.71493  
10493.37658  
10475.80546  
10501.3343  
10483.97005  
10502.3228  
10494.33191  
10509.51601  
10448.65036  
10467.84257  
10442.60192  
10389.60198  
10350.17287  
10395.88354  
10386.58749  
10402.42011  
10424.31092  
10422.21749  
10389.35754  
10412.25825  
10400.84835  
10423.11279  
10449.15664  
10429.4768  
10418.15708  
10403.41915  
10401.24123  
10400.5299  
10387.8569  
10401.3961  
10439.41051  
10408.11232  
10432.22715  
10426.69415  
10426.90669  
10424.25343  
10405.50978  
10386.80216  
10416.06641  
10432.49951  
10419.64436  
10436.6302  
10440.32203  
10398.33956  
10436.65886  
10396.20865  
10430.72835  
10495.52689  
10465.17607  
10508.10077  
10504.64031  
10493.57312  
10470.4437  
10452.742  
10447.65401  
10460.43486  
10461.29642  
10483.89771  
10480.37963  
10464.75663  
10518.49525  
10473.55112  
10476.18568  
10464.60456  
10507.26968  
10515.57334  
10478.00332  
10421.12621  
10458.58289  
10437.15091  
10455.05263  
10509.38914  
10510.52327  
10502.28214  
10465.8056  
10476.78504  
10476.94604  
10443.30627  
10407.53972  
10410.70196  
10445.50904  
10408.49717  
10375.27135  
10408.21939  
10439.13869  
10432.55161  
10434.46079  
10424.36722  
10439.26323  
10430.24022  
10418.85789  
10433.28327  
10460.97309  
10453.6861  
10479.55443  
10464.37875  
10444.87778  
10424.49961  
10472.39062  
10504.5314  
10540.44024  
10530.6057  
10539.81302  
10516.91721  
10472.71947  
10456.27125  
10455.13291  
10424.52477  
10445.76142  
10455.75438  
10427.71614  
10427.65282  
10413.11375  
10394.71208  
10367.99901  
10366.72242  
10385.02765  
10442.26721  
10417.18279  
10432.18918  
10426.91881  
10442.45994  
10473.17108  
10489.40834  
10500.15569  
10509.1021  
10491.60335  
10479.78847  
10432.4656  
10411.31102  
10370.52625  
10352.24409  
10378.49461  
10427.44551  
10446.44504  
10425.3177  
10427.16873  
10407.1633  
10407.0295  
10424.9915  
10446.6279  
10399.82149  
10428.28103  
10440.26192  
10494.49992  
10505.84564  
10499.8534  
10484.75253  
10472.62934  
10501.24564  
10515.00354  
10522.29824  
10541.44036  
10526.34077  
10482.68531  
10479.4524  
10454.46626  
10423.57454  
10431.61943  
10439.67738  
10487.6887  
10507.66834  
10497.92049  
10487.13689  
10475.89441  
10474.88076  
10501.57247  
10509.32892  
10447.48857  
10407.39135  
10408.10575  
10429.64231  
10458.18336  
10436.51754  
10459.81518  
10466.82062  
10418.73121  
10400.88138  
10385.9851  
10330.38972  
10351.11774  
10370.25054  
10395.80577  
10411.86683  
10418.25  
10416.1863  
10448.40398  
10422.87234  
10434.15347  
10471.09771  
10513.20871  
10496.22496  
10504.70717  
10482.07711  
10464.31104  
10472.07279  
10436.49185  
10435.07023  
10465.12973  
10471.76534  
10493.419  
10522.93627  
10496.75402  
10493.17164  
10453.98769  
10472.39972  
10494.74902  
10494.94849  
10455.92373  
10447.03807  
10440.17627  
10394.30329  
10434.06524  
10475.9511  
10494.16172  
10475.88866  
10468.03873  
10451.90748  
10463.87987  
10418.58577  
10450.93432  
10463.66851  
10518.23362  
10520.51007  
10499.51825  
10470.26628  
10449.03974  
10418.27345  
10418.4193  
10419.90113  
10438.51963  
10442.47476  
10448.74345  
10449.68457  
10466.07644  
10454.47351  
10451.08085  
10462.56624  
10479.70205  
10475.35508  
10443.18043  
10457.84306  
10444.02367  
10465.82871  
10479.40753  
10499.76899  
10480.73155  
10470.57082  
10424.95063  
10415.55853  
10427.691  
10405.08353  
10428.86631  
10433.46824  
10432.48948  
10460.99372  
10465.52896  
10443.1945  
10459.17098  
10451.95388  
10465.50768  
10468.32664  
10460.55164  
10446.29068  
10448.92218  
10478.38554  
10486.44218  
10505.66164  
10502.39093  
10442.00569  
10439.71909  
10414.51849  
10407.22003  
10387.584  
10405.03186  
10378.92597  
10422.14667  
10477.66224  
10481.6661  
10495.1352  
10472.77758  
10468.82978  
10450.91312  
10436.7416  
10439.7978  
10475.50274  
10431.24086  
10478.86193  
10492.16103  
10473.1809  
10497.23454  
10467.31779  
10478.57223  
10472.99938  
10474.42696  
10484.85682  
10478.47661  
10437.29455  
10433.20366  
10470.15694  
10476.17726  
10446.98225  
10422.78479  
10420.23727  
10414.67866  
10442.77305  
10431.51706  
10426.33476  
10421.26334  
10427.40756  
10436.85978  
10421.00455  
10467.70675  
10480.95427  
10459.8161  
10460.54991  
10408.28802  
10432.58218  
10414.19322  
10385.82198  
10397.52872  
10376.32247  
10373.04026  
10401.40361  
10417.16273  
10424.23227  
10442.92033  
10440.99604  
10448.66049  
10471.11328  
10457.32733  
10493.23488  
10495.39258  
10470.12928  
10445.67504  
10418.95006  
10419.70062  
10463.93688  
10443.43331  
10501.95205  
10520.81151  
10498.88419  
10504.71747  
10504.44127  
10466.25835  
10459.2069  
10422.41492  
10408.96335  
10437.46735  
10449.26475  
10469.22432  
10455.8307  
10439.84661  
10443.62005  
10446.44627  
10430.37657  
10416.03209  
10428.72742  
10415.3948  
10498.00852  
10519.4014  
10535.95344  
10538.15403  
10473.93033  
10456.63446  
10480.4556  
10485.94873  
10502.8729  
10474.74342  
10416.76537  
10446.44178  
10420.09102  
10378.74209  
10396.32008  
10383.08614  
10371.43095  
10398.43327  
10420.1123  
10425.46678  
10419.54841  
10418.19578  
10411.72847  
10406.7717  
10361.67772  
10394.38938  
10426.4392  
10450.62027  
10456.14228  
10479.26133  
10422.16989  
10470.60183  
10428.43471  
10428.43442  
10494.09564  
10508.58361  
10509.90783  
10505.26692  
10483.12783  
10506.77019  
10489.17425  
10515.76004  
10506.41792  
10490.07649  
10439.90489  
10450.48956  
10471.01874  
10468.37416  
10397.50338  
10397.65211  
10403.81028  
10404.74252  
10439.46355  
10460.52276  
10464.46176  
10464.95597  
10460.76539  
10512.61596  
10473.80415  
10500.18849  
10501.41053  
10431.77583  
10380.97493  
10407.64342  
10433.35495  
10461.67105  
10538.10062  
10506.4127  
10519.22648  
10490.77047  
10448.38165  
10446.6681  
10417.3784  
10414.87135  
10406.65164  
10420.73857  
10438.69994  
10455.61746  
10493.30868  
10509.36281  
10464.63345  
10455.96207  
10462.56415  
10439.06024  
10388.17366  
10405.45878  
10439.89098  
10461.77283  
10453.78002  
10422.99614  
10418.8072  
10379.60367  
10436.37017  
10402.9701  
10419.02825  
10464.85367  
10474.50266  
10437.01409  
10437.94418  
10431.17543  
10405.25391  
10417.93316  
10440.18694  
10470.05457  
10526.89329  
10536.79677  
10452.29085  
10447.46227  
10438.56193  
10368.99121  
10390.89243  
10410.39211  
10472.1649  
10527.84843  
10565.37069  
10558.86943  
10526.35229  
10510.47892  
10524.95937  
10508.39546  
10485.28041  
10525.68831  
10500.59208  
10486.29984  
10507.61459  
10474.31787  
10483.22459  
10478.52955  
10431.19767  
10407.43664  
10380.30381  
10397.52935  
10409.42268  
10377.93548  
10411.61874  
10439.77544  
10429.5465  
10389.33543  
10389.33464  
10348.37754  
10379.14593  
10391.66927  
10377.71107  
10340.45557  
10405.75741  
10413.70863  
10436.8637  
10444.47362  
10450.55216  
10496.04292  
10509.02829  
10468.49397  
10467.74825  
10444.84769  
10447.21597  
10442.97106  
10464.77547  
10445.57302  
10448.41389  
10440.1254  
10452.36316  
10482.56267  
10511.53113  
10538.57363  
10501.7879  
10480.14807  
10480.83835  
10466.75045  
10479.43972  
10461.93541  
10451.51933  
10454.70868  
10458.01184  
10441.59749  
10415.44871  
10449.2207  
10452.81489  
10438.52977  
10478.86456  
10503.64847  
10501.78117  
10480.88635  
10470.59921  
10448.95989  
10462.2315  
10436.70227  
10422.60101  
10446.22163  
10460.36035  
10466.21932  
10478.23628  
10481.87609  
10455.245  
10467.3603  
10467.44545  
10453.65022  
10414.65497  
10431.15691  
10444.94006  
10442.99587  
10448.39952  
10459.03095  
10457.9848  
10425.91426  
10408.70149  
10422.03703  
10443.42526  
10462.24931  
10451.77347  
10447.71648  
10471.56758  
10464.18716  
10440.26389  
10441.4092  
10455.15711  
10461.44757  
10455.24148  
10451.43157  
10504.34761  
10459.8276  
10481.80976  
10454.12788  
10452.26232  
10469.52357  
10465.37362  
10467.14913  
10466.93735  
10465.54373  
10495.57602  
10479.19501  
10483.17203  
10484.13103  
10492.5843  
10460.45688  
10467.70673  
10473.3682  
10456.90573  
10455.20486  
10436.9025  
10456.01419  
10471.5445  
10475.66098  
10472.34441  
10451.74784  
10475.13818  
10463.02652  
10459.29736  
10449.26064  
10445.33922  
10424.01446  
10391.72518  
10433.89687  
10452.94232  
10461.47218  
10446.73495  
10390.16051  
10358.3406  
10372.81194  
10358.66149  
10364.90024  
10384.09291  
10416.09698  
10462.9426  
10417.39911  
10436.1304  
10393.17491  
10409.26536  
10413.24928  
10401.81937  
10448.84796  
10445.96757  
10427.41733  
10459.29405  
10465.53039  
10475.94238  
10459.99261  
10470.19523  
10436.1728  
10471.90093  
10462.03448  
10477.33688  
10488.21407  
10469.7151  
10442.80063  
10438.88899  
10488.33875  
10505.93152  
10506.63719  
10530.87552  
10535.42297  
10488.6745  
10479.47399  
10467.8308  
10450.78886  
10474.52643  
10505.87269  
10492.20668  
10486.76212  
10487.70052  
10475.32208  
10480.31242  
10486.60458  
10455.93146  
10466.23539  
10438.01044  
10424.28979  
10441.00562  
10464.92915  
10469.92738  
10436.0366  
10455.56828  
10435.65263  
10442.46415  
10461.73232  
10505.22503  
10498.23717  
10479.12911  
10466.80536  
10477.70225  
10435.00266  
10442.91822  
10423.81051  
10397.19558  
10379.07516  
10401.62791  
10419.65056  
10418.69398  
10437.29421  
10406.70806  
10427.22658  
10431.61725  
10440.56472  
10458.26379  
10481.98005  
10516.07964  
10522.53709  
10477.46986  
10446.66186  
10466.12867  
10458.75633  
10426.82205  
10436.52409  
10434.36604  
10454.24655  
10468.8245  
10436.2382  
10412.49259  
10451.6102  
10432.35638  
10417.86023  
10385.433  
10365.05886  
10378.74682  
10333.02955  
10364.52081  
10465.71607  
10508.17824  
10477.57395  
10462.69929  
10473.91644  
10456.63775  
10456.82011  
10443.82954  
10472.47944  
10465.02238  
10458.42824  
10437.62971  
10444.97431  
10459.16533  
10512.96759  
10532.02669  
10495.99949  
10473.31794  
10415.06641  
10399.59292  
10404.44812  
10435.77265  
10449.58765  
10446.54118  
10434.08838  
10515.17709  
10513.17869  
10486.173  
10459.08392  
10471.01987  
