10501.4674  
10424.45791  
10421.02751  
10430.62932  
10439.97877  
10404.81431  
10464.86935  
10462.21775  
10473.98289  
10464.05029  
10417.38921  
10492.87588  
10408.99795  
10446.13435  
10434.23923  
10441.13532  
10421.62402  
10430.22487  
10395.60882  
10424.47349  
10411.59384  
10379.31331  
10391.01184  
10417.52625  
10365.85793  
10397.11833  
10345.85686  
10398.45315  
10436.37051  
10408.99765  
10409.5382  
10361.56582  
10408.16336  
10428.4345  
10440.73977  
10438.99049  
10453.72607  
10444.52416  
10476.48505  
10411.81134  
10431.67134  
10427.96573  
10429.41227  
10436.26848  
10433.08394  
10437.69847  
10418.36191  
10430.51246  
10383.9043  
10374.4415  
10430.39695  
10401.77667  
10349.06476  
10380.05913  
10381.58222  
10380.73689  
10404.016  
10387.5033  
10401.82524  
10407.66181  
10461.95887  
10431.24407  
10416.9667  
10397.94441  
10399.21231  
10408.29076  
10406.92208  
10370.31073  
10394.48335  
10375.6194  
10424.13388  
10404.82227  
10428.40306  
10402.86151  
10361.33584  
10382.16676  
10386.62433  
10438.40027  
10434.17792  
10422.23833  
10425.50051  
10418.08947  
10462.49849  
10425.72986  
10450.72194  
10470.22505  
10471.60861  
10472.89597  
10486.97896  
10455.48605  
10480.66343  
10482.60665  
10481.43792  
10477.58803  
10440.7271  
10474.58045  
10450.85314  
10399.69213  
10508.29211  
10382.66153  
10427.72263  
10414.86026  
10419.27144  
10426.16534  
10386.11333  
10377.08064  
10413.0006  
10414.16034  
10434.58543  
10455.11695  
10387.68536  
10400.53532  
10430.9059  
10452.76902  
10432.93469  
10438.70671  
10449.10163  
10409.79167  
10388.28206  
10366.0661  
10387.79464  
10388.45503  
10415.13242  
10404.28325  
10433.44259  
10413.41571  
10443.54927  
10448.06371  
10409.1071  
10421.7812  
10398.17283  
10444.21924  
10407.50412  
10414.08491  
10394.48628  
10373.2869  
10387.16641  
10323.91464  
10345.02265  
10378.0442  
10346.1426  
10393.56908  
10444.87351  
10442.57561  
10436.66218  
10467.17271  
10408.62535  
10454.07919  
10461.18032  
10483.97384  
10380.25914  
10378.66183  
10407.92701  
10432.24207  
10433.62742  
10389.61919  
10442.41688  
10406.49386  
10427.48026  
10379.7095  
10403.21991  
10445.13807  
10445.58515  
10435.48049  
10424.10956  
10403.36265  
10411.19394  
10445.68169  
10456.09419  
10419.44778  
10428.89721  
10400.82317  
10432.45426  
10368.32268  
10438.67374  
10478.77586  
10472.46391  
10464.2427  
10486.90281  
10465.27041  
10475.12479  
10425.81603  
10436.11251  
10411.40904  
10445.57952  
10375.07124  
10362.68404  
10349.29927  
10354.78739  
10329.90576  
10428.90311  
10394.93724  
10383.12437  
10372.67515  
10376.63246  
10415.66316  
10398.61321  
10432.13214  
10431.16604  
10433.67604  
10473.2327  
10466.62726  
10463.56757  
10462.42111  
10453.29739  
10477.43192  
10466.81696  
10455.38181  
10457.29706  
10464.02202  
10479.852  
10473.33587  
10478.738  
10467.43959  
10461.94754  
10423.54706  
10459.84219  
10501.9268  
10500.7912  
10463.33861  
10439.74814  
10412.06257  
10453.58689  
10415.00207  
10389.07878  
10423.93055  
10447.90853  
10444.28788  
10490.94185  
10437.53274  
10412.90976  
10408.00774  
10404.97514  
10460.96731  
10443.31557  
10417.83622  
10452.47419  
10406.04557  
10377.12365  
10387.44001  
10366.92281  
10397.31952  
10356.37693  
10402.5043  
10396.15472  
10362.13039  
10407.55899  
10375.13125  
10411.87072  
10386.92957  
10419.77304  
10445.745  
10418.90937  
10418.42053  
10410.09587  
10418.64346  
10404.8534  
10435.49591  
10422.6749  
10402.31799  
10393.83889  
10415.13446  
10384.98363  
10415.28192  
10410.96175  
10436.17841  
10420.58757  
10393.92901  
10398.90511  
10427.13211  
10402.13544  
10408.88332  
10436.35354  
10432.4258  
10403.32306  
10445.75416  
10425.21828  
10450.54071  
10463.77255  
10446.28081  
10458.48826  
10523.96059  
10491.91622  
10523.55969  
10495.70531  
10537.1183  
10480.46922  
10474.88067  
10452.3351  
10474.05294  
10418.78925  
10396.07982  
10385.34503  
10388.20213  
10360.13639  
10361.37814  
10376.79088  
10338.56287  
10373.48707  
10444.04771  
10417.56915  
10453.887  
10451.99263  
10422.91346  
10376.98647  
10354.08085  
10363.98986  
10318.86579  
10336.49293  
10342.1676  
10349.00365  
10333.74512  
10391.89888  
10444.0456  
10423.49637  
10503.60019  
10442.13146  
10434.94103  
10450.56313  
10444.4322  
10439.25021  
10461.1695  
10414.58522  
10463.68878  
10428.974  
10456.15813  
10408.02488  
10409.46317  
10441.90137  
10393.34952  
10453.46631  
10472.87551  
10415.28797  
10447.90288  
10440.10598  
10443.37416  
10434.17285  
10437.50618  
10465.59152  
10480.00946  
10428.18166  
10417.74058  
10379.70533  
10390.06708  
10372.45175  
10410.56564  
10379.91178  
10393.42511  
10415.88251  
10384.98637  
10439.93864  
10404.2915  
10418.4235  
10441.84966  
10441.79332  
10423.37649  
10425.26776  
10422.89727  
10401.76635  
10375.81766  
10350.34928  
10356.11256  
10405.54392  
10409.16548  
10423.43283  
10435.58343  
10451.9614  
10499.20187  
10476.58224  
10484.23614  
10485.51123  
10458.66964  
10407.86665  
10465.64788  
10409.34828  
10431.94592  
10444.75705  
10448.76872  
10436.92873  
10482.23277  
10423.34338  
10445.5984  
10481.02653  
10442.37354  
10445.33631  
10472.14416  
10428.45412  
10475.52095  
10549.24265  
10493.40204  
10504.94166  
10490.00621  
10454.19571  
10394.56957  
10456.47231  
10422.68601  
10430.50258  
10440.38244  
10406.80041  
10446.30127  
10413.93552  
10427.18162  
10407.82538  
10429.91237  
10390.7629  
10355.69475  
10393.9132  
10417.76249  
10450.38677  
10480.65337  
10456.49063  
10449.41569  
10452.11582  
10477.72793  
10421.31157  
10450.50935  
10410.66883  
10448.03153  
10366.23238  
10371.18978  
10355.15532  
10321.63886  
10374.35907  
10352.61963  
10419.20619  
10400.11268  
10398.57443  
10368.87609  
10445.10442  
10425.5176  
10415.8192  
10408.60868  
10375.80487  
10351.07257  
10333.72882  
10390.04606  
10351.55173  
10382.86135  
10390.79311  
10453.88756  
10407.63051  
10357.1669  
10424.95129  
10374.98533  
10361.27035  
10347.14253  
10350.01267  
10400.60677  
10392.89414  
10397.95622  
10367.77248  
10334.70431  
10353.82059  
10327.86444  
10404.22556  
10463.36414  
10471.60014  
10462.76128  
10414.38932  
10445.35307  
10378.36133  
10367.41334  
10363.31078  
10345.5788  
10394.04302  
10423.68585  
10427.62993  
10440.86356  
10461.37958  
10506.5366  
10516.33859  
10507.90583  
10474.64435  
10494.42025  
10424.89974  
10429.69024  
10416.31948  
10461.05155  
10521.26851  
10490.0193  
10486.33471  
10441.1998  
10428.26839  
10382.43945  
10403.36779  
10420.85275  
10405.25037  
10463.28011  
10443.69429  
10454.996  
10496.87035  
10490.41885  
10445.17206  
10467.37493  
10454.71796  
10421.85933  
10467.97133  
10445.47905  
10471.84975  
10466.12923  
10443.05469  
10461.63065  
10423.41513  
10463.65737  
10436.73889  
10490.81722  
10455.94589  
10430.85891  
10467.59289  
10438.10089  
10480.08382  
10448.65851  
10456.1018  
10369.65069  
10420.65488  
10396.03983  
10383.872  
10359.5538  
10409.62161  
10391.65795  
10398.732  
10374.10068  
10378.49365  
10415.86405  
10400.73163  
10360.64  
10375.83889  
10373.77532  
10376.50751  
10359.31399  
10391.1912  
10373.4259  
10367.35663  
10410.31273  
10430.51142  
10423.77118  
10479.47817  
10493.06241  
10478.61942  
10445.23698  
10453.04827  
10479.30797  
10447.77453  
10483.16353  
10483.87609  
10447.97642  
10468.91697  
10376.27693  
10419.02181  
10370.33852  
10416.02969  
10401.37547  
10413.15313  
10424.87695  
10435.1725  
10393.19587  
10428.47398  
10421.73889  
10401.986  
10406.7523  
10445.20503  
10439.9335  
10472.23158  
10487.40837  
10491.50967  
10470.16848  
10456.90048  
10466.62577  
10458.42608  
10440.68392  
10470.83429  
10429.55036  
10454.55118  
10466.07278  
10426.1978  
10445.87156  
10477.39632  
10420.27874  
10408.38918  
10438.67641  
10374.60982  
10395.83982  
10414.42692  
10430.19906  
10368.30164  
10366.26469  
10354.34987  
10353.26079  
10379.19162  
10349.75711  
10374.1912  
10343.57868  
10334.83577  
10361.59947  
10337.35479  
10369.04134  
10436.2015  
10448.90809  
10459.38179  
10486.47626  
10540.44201  
10506.02118  
10485.5795  
10468.01932  
10474.05871  
10470.78878  
10448.10663  
10390.74207  
10402.68122  
10378.71682  
10374.7061  
10399.14267  
10369.80357  
10404.77941  
10425.71303  
10425.5246  
10425.67064  
10376.56773  
10378.89274  
10427.07522  
10402.84833  
10462.02074  
10405.15748  
10469.3175  
10468.44915  
10463.13593  
10455.45145  
10446.27314  
10474.58912  
10486.77302  
10448.14304  
10459.62965  
10443.62212  
10475.19666  
10481.32101  
10517.75991  
10499.04676  
10449.31429  
10453.47191  
10470.97719  
10425.44371  
10445.70308  
10454.5159  
10446.33429  
10456.27899  
10437.52295  
10391.98465  
10407.44645  
10406.87507  
10399.1034  
10428.88581  
10441.09533  
10437.94478  
10447.45468  
10399.59242  
10439.61933  
10395.43817  
10390.19029  
10439.71903  
10381.57745  
10437.1626  
10470.49465  
10447.7949  
10449.30632  
10432.16006  
10405.87312  
10396.03904  
10401.60349  
10412.17494  
10443.70385  
10441.55904  
10458.77355  
10443.49416  
10410.84547  
10418.34931  
10473.35456  
10420.5486  
10450.84508  
10412.65025  
10370.77414  
10355.16846  
10319.00337  
10373.23417  
10336.3089  
10351.60654  
10365.66948  
10411.22447  
10448.07494  
10423.55713  
10425.20264  
10393.58075  
10378.11212  
10394.49307  
10442.38225  
10401.37684  
10414.08471  
10423.91139  
10455.04027  
10435.56399  
10482.88404  
10476.32485  
10483.80434  
10454.09868  
10448.57617  
10456.56615  
10478.52214  
