12155.69316  
11999.20888  
11929.82704  
11922.23326  
11997.23579  
11961.80424  
11977.96223  
11958.47509  
11947.81423  
11981.51138  
11906.27139  
11978.59074  
11920.706  
11898.68865  
11894.15203  
11898.02699  
11851.01902  
11863.13474  
11888.43112  
11826.11378  
11879.63189  
11893.72434  
11886.74125  
11888.93918  
11895.10301  
11897.39569  
11874.70171  
11940.63195  
11909.80281  
11901.40408  
11911.52641  
11880.98684  
11935.26337  
11918.36889  
11923.70007  
11938.95307  
11942.61154  
11966.67531  
11922.01331  
11901.90031  
11924.21484  
11898.23789  
11942.2285  
11910.24551  
11948.08419  
12016.46148  
11937.75126  
11965.31842  
11955.90497  
11904.40217  
11954.02827  
11906.96768  
11915.41456  
11947.02031  
11947.95798  
11955.95332  
11934.03638  
11935.3844  
11900.00152  
11903.10117  
11920.00672  
11909.54831  
11932.01522  
11929.55629  
11931.49629  
11972.82199  
11953.56608  
11964.61206  
11962.86505  
11949.93728  
11957.86044  
11967.44237  
11937.69837  
11936.65271  
11935.63962  
11909.00126  
11899.77242  
11910.73055  
11894.41191  
11867.24711  
11944.02556  
11938.85758  
11917.08311  
11967.77759  
11959.64651  
11957.3846  
11983.35014  
11960.81862  
11952.8816  
11954.80085  
11959.48889  
11981.74863  
11947.05397  
11925.69451  
11965.70918  
11917.67852  
11866.68729  
11893.18294  
11884.34345  
11873.27142  
11906.07324  
11899.58643  
11877.76126  
11934.57085  
11921.39313  
11918.30926  
11947.34945  
11943.77441  
11938.53276  
11979.05977  
11925.67904  
11907.26555  
11931.91266  
11914.71182  
11902.25085  
11957.27055  
11927.28302  
11911.05345  
11922.63465  
11909.82004  
11904.62384  
11925.1051  
11902.53345  
11917.44862  
11934.8666  
11996.53667  
12022.64603  
11948.52892  
11986.05911  
11953.80672  
11945.3616  
11926.96699  
11918.77152  
11918.18432  
11941.66562  
11943.85447  
11954.01016  
11961.31087  
11952.16853  
11923.30499  
11932.23913  
11906.48953  
11965.68033  
11948.55566  
11959.35603  
11962.46453  
11928.7931  
11916.35789  
11931.29484  
11910.54917  
11944.38533  
11961.62546  
11924.35068  
11910.78324  
11949.40706  
11907.93453  
11894.4013  
11951.19428  
11935.59551  
11945.98999  
11925.47634  
11917.2126  
11958.59781  
11935.8228  
11895.8949  
11953.51607  
11923.7157  
11941.29027  
11966.02422  
12015.2994  
11979.35508  
11943.02533  
11932.98757  
11907.78107  
11879.51464  
11899.1202  
11893.99492  
11891.13361  
11929.06021  
11930.04469  
11929.94984  
11957.90419  
11950.41408  
11938.35997  
11949.74482  
11925.93643  
11960.37017  
11974.29501  
11950.73408  
11928.92836  
11946.97743  
11874.15357  
11889.04513  
11906.38191  
11899.21633  
11922.98533  
11932.30133  
11924.83117  
11917.81983  
11904.22096  
11889.91931  
11918.57116  
11922.84622  
11882.51911  
11923.63329  
11927.97995  
11922.70043  
11930.44117  
11912.02204  
11916.96434  
11929.76777  
11940.3185  
11961.40322  
12017.6757  
12001.78725  
11984.38681  
11901.75668  
11905.91208  
11878.06975  
11861.59316  
11850.89251  
11852.43005  
11882.57313  
11898.52159  
11876.7156  
11909.72771  
11890.17008  
11911.89569  
11884.2276  
11878.81891  
11898.92159  
11868.54301  
11879.29195  
11884.81298  
11868.72592  
11893.28893  
11886.68612  
11893.80533  
11910.1149  
11893.71895  
11923.83111  
11925.14737  
11897.69536  
11943.81022  
11924.93456  
11901.40122  
11927.08372  
11899.15659  
11886.38646  
11895.33823  
11930.32997  
11926.34832  
11945.49397  
11933.70053  
11939.94387  
11954.03668  
11908.86711  
11952.46467  
11967.31988  
11977.18382  
11965.1134  
12047.08451  
12015.27518  
11988.44863  
12009.45823  
11989.1653  
11963.86178  
11979.76461  
11928.5979  
11971.16443  
11988.46049  
11951.07406  
11949.73935  
11992.47284  
11951.79966  
11933.01861  
11946.59014  
11966.63841  
11968.33042  
11973.87849  
11988.97089  
11988.86581  
11961.72068  
11951.40509  
11970.93932  
11968.78742  
11938.14533  
11960.76844  
11940.51258  
11925.02749  
11947.59637  
11927.2373  
11911.29699  
11889.61508  
11894.62542  
11924.20134  
11941.8813  
11936.45573  
11945.87038  
11910.79961  
11973.62762  
11936.35094  
11941.51132  
11976.39824  
11852.42602  
11901.54982  
11856.66952  
11881.93848  
11892.27473  
11866.61087  
11868.0604  
11881.69493  
11908.71401  
11952.94582  
11964.80743  
11981.54371  
11959.66232  
11959.53781  
11946.64629  
11933.10065  
11905.59576  
11959.22471  
11941.14352  
11931.69719  
11936.38464  
11890.9596  
11896.76815  
11934.8823  
11949.84586  
11953.70344  
11958.81168  
11939.83121  
11913.221  
11965.35145  
11909.45286  
11871.83432  
11933.70056  
11950.55837  
11984.15549  
11948.41207  
11972.37802  
11953.7187  
11975.34689  
11975.3831  
11937.51243  
11951.58957  
11928.7413  
11941.56772  
11962.2957  
11931.33836  
11924.2744  
11935.9616  
11910.73017  
11913.31642  
11946.08392  
11925.08232  
11934.1757  
11925.15048  
11928.31249  
11947.78354  
11930.65004  
11884.88313  
11947.76793  
11935.96952  
11937.93266  
11921.28148  
11859.86536  
11906.90211  
11857.04176  
11868.67924  
11877.74464  
11854.61576  
11873.16725  
11916.89478  
11921.87003  
11950.63677  
11981.15246  
11952.88042  
11929.40122  
11968.82039  
11964.81786  
11961.74309  
11981.14329  
12017.30299  
11990.42544  
11974.94764  
11962.85839  
11945.52961  
11925.46654  
11942.31599  
11934.72517  
11921.24638  
11938.43867  
11904.76164  
11899.96742  
11889.98785  
11890.15724  
11895.79681  
11930.66668  
11936.96797  
11927.40355  
11900.91121  
11921.26112  
11903.31608  
11974.83022  
11930.49589  
11933.71228  
11941.59957  
11918.65389  
11915.83003  
11983.06427  
11953.75522  
11947.47982  
11981.20389  
11975.62853  
11969.95296  
11950.59944  
11969.2556  
11977.54632  
11997.48561  
11952.49263  
11964.98572  
11945.95118  
11925.07368  
11891.56365  
11903.58095  
11880.62906  
11876.56836  
11898.79319  
11901.53563  
11947.75725  
11932.3621  
11885.56099  
11909.17091  
11900.27865  
11914.00299  
11856.69064  
11911.12807  
11900.29232  
11895.75139  
11873.00315  
11882.80324  
11860.0015  
11901.87081  
11892.86167  
11896.5993  
11918.11397  
11913.95905  
11947.76283  
11924.3906  
11946.11311  
11910.08332  
11937.48822  
11937.69971  
11928.95303  
11933.49138  
11940.37637  
11932.45401  
11931.23073  
11980.59664  
12023.52362  
11979.42533  
11976.16319  
11939.06911  
11961.79651  
11911.81186  
11857.41865  
11878.41419  
11963.28812  
11928.50302  
11959.60508  
11920.42212  
11957.19437  
11905.02418  
11902.88883  
11881.03816  
11893.15544  
11900.86272  
11896.78725  
12009.35036  
11931.90695  
11986.22383  
11933.83401  
11921.57793  
11922.16616  
11900.81142  
11895.45124  
11920.9423  
11912.11309  
11937.02746  
11935.53674  
11915.91354  
11918.89626  
11927.8368  
11946.54435  
11902.84764  
11897.71716  
11936.75883  
11945.11345  
11946.36616  
11935.91805  
11966.81695  
11944.61967  
11921.96693  
11913.36462  
11942.25779  
11930.0472  
11917.02512  
11940.21337  
11967.10672  
11965.11775  
11947.66129  
11933.28728  
11927.85357  
11892.51009  
11962.83497  
11963.97909  
11917.07277  
11914.21198  
11944.54406  
11914.40737  
11923.40034  
11896.96768  
11919.03957  
11909.64956  
11911.95301  
11914.03818  
11903.72296  
11881.59655  
11888.84822  
11955.50585  
11927.23424  
11935.80708  
11911.11484  
11909.85833  
11892.10915  
11897.59264  
11897.04693  
11881.76526  
11929.94224  
11926.45062  
11941.07691  
11946.56462  
11940.69715  
11916.67376  
11922.06492  
11922.99633  
11872.39643  
11930.01986  
11936.88513  
11931.28753  
11914.53436  
11933.46605  
11908.78646  
11912.0073  
11886.6938  
11935.33105  
11944.15582  
11956.6215  
11943.21039  
11969.12586  
11923.71629  
11935.51747  
11951.39829  
11920.82518  
11959.01798  
11953.91302  
11941.89646  
11941.26135  
11944.29138  
11919.51598  
11921.98031  
11914.69382  
11935.55329  
11956.42199  
11953.2124  
11942.91803  
11913.80368  
11944.01036  
11915.86641  
11926.40867  
11903.5641  
11919.24187  
11922.71326  
11918.54228  
11922.17007  
11933.28122  
11971.26237  
11946.11667  
11923.2182  
11917.64313  
11933.27951  
11901.64362  
11926.5091  
11890.63228  
11903.03898  
11914.0048  
11915.7743  
11902.57815  
11964.10259  
11919.1191  
11943.66397  
11920.80324  
11941.28685  
11977.59247  
11953.14087  
11944.36236  
11948.06089  
11937.13267  
11897.80719  
11904.25918  
11928.25762  
11916.00299  
11899.37759  
11927.99699  
11942.36711  
11920.54641  
11923.32432  
11903.59353  
11960.87366  
11954.31223  
11889.55424  
11884.40747  
11918.59576  
11907.99027  
11908.46798  
11906.94626  
11954.48711  
11964.95691  
11994.06488  
11968.46145  
11969.35771  
11944.89717  
11926.615  
11942.54553  
11955.62121  
11939.95219  
11909.48694  
11968.41195  
11971.35888  
11951.08587  
11931.60065  
11895.75496  
11906.27533  
11957.85872  
11926.55073  
11913.73309  
11938.74042  
11944.93819  
11932.45251  
11934.59398  
11915.34122  
11925.67603  
11940.91516  
11976.65216  
11998.47544  
11984.15059  
11979.98822  
11993.99486  
11963.88659  
11975.44445  
11930.30322  
11954.7975  
11932.48018  
11958.61658  
11955.32638  
11946.05771  
11936.66479  
11913.74836  
11924.6068  
11904.26646  
11924.53779  
11908.86891  
11919.1374  
11933.72379  
11929.69477  
11926.99049  
11922.62841  
11901.33544  
11968.64573  
11940.76102  
11926.23717  
11893.2216  
11954.18151  
12013.89792  
11973.52612  
11986.12687  
11982.89137  
11961.34603  
11948.48921  
11919.92495  
11895.41353  
11872.9094  
11921.46085  
11938.0568  
11932.3315  
11921.83757  
11946.89107  
11944.51294  
11920.53743  
11884.04147  
11931.03322  
11895.31154  
11906.88233  
11890.74137  
11940.38288  
11924.36047  
11907.57384  
11915.23927  
11946.76409  
11955.98879  
11937.45508  
11908.07822  
11979.76453  
11948.15237  
11970.51107  
11950.43757  
11952.83648  
11956.15126  
11950.95243  
11951.82289  
11970.54428  
11921.41743  
11876.79076  
11917.43813  
11927.22411  
11922.82073  
11907.95905  
11910.59641  
11903.20888  
11923.75867  
11921.68971  
11908.50672  
11901.46267  
11918.51918  
11940.99732  
11917.81671  
11921.28689  
11937.40794  
11970.14466  
11968.48293  
11976.68208  
11971.48453  
11913.6044  
11899.74712  
11911.67507  
11894.54986  
11924.34742  
11940.8093  
11985.95591  
11947.00772  
11933.71406  
11925.6537  
11914.29898  
11896.38612  
11907.38829  
11931.30492  
