10398.34015  
10251.42234  
10230.98804  
10233.4707  
10257.31488  
10222.76149  
10209.09696  
10188.46505  
10151.1224  
10192.299  
10174.314  
10154.00986  
10197.8056  
10216.71722  
10184.21234  
10196.17952  
10204.88463  
10179.18747  
10211.01885  
10266.99125  
10265.33808  
10205.45166  
10176.62061  
10206.27592  
10228.79652  
10229.76549  
10186.36707  
10216.01973  
10210.71673  
10214.95986  
10175.52308  
10222.66476  
10260.42541  
10267.20349  
10201.90085  
10268.06187  
10211.22186  
10198.67011  
10197.96091  
10194.37268  
10210.52675  
10206.23847  
10231.6575  
10210.41243  
10227.04398  
10227.82971  
10183.55487  
10235.70245  
10229.01432  
10210.36162  
10179.72919  
10205.353  
10196.66305  
10170.80816  
10248.87165  
10238.00808  
10271.50718  
10209.47491  
10252.80467  
10206.25896  
10182.66472  
10238.53271  
10214.82487  
10164.48984  
10173.28092  
10203.87897  
10225.82964  
10148.1497  
10201.21974  
10208.17135  
10195.77777  
10204.29783  
10189.98913  
10163.67978  
10200.66847  
10193.83368  
10172.06449  
10225.32294  
10229.77197  
10206.92223  
10251.3328  
10246.09441  
10201.75442  
10224.001  
10208.79852  
10170.31642  
10227.50669  
10201.00073  
10223.69203  
10246.2334  
10240.25692  
10223.9323  
10194.96383  
10221.7048  
10214.23646  
10204.70583  
10232.21963  
10241.54439  
10219.92808  
10211.67903  
10240.84467  
10243.28444  
10216.05727  
10204.45819  
10270.13862  
10235.52844  
10222.45803  
10231.95679  
10257.40087  
10227.70162  
10165.44676  
10225.65261  
10248.93086  
10216.00643  
10211.11948  
10238.61261  
10193.88009  
10179.98163  
10245.37363  
10205.01197  
10172.98375  
10231.96061  
10278.4839  
10252.59725  
10218.5966  
10234.83336  
10236.63887  
10181.12986  
10219.93928  
10217.37588  
10271.08076  
10260.88899  
10235.8956  
10196.02325  
10193.75579  
10204.01218  
10185.77489  
10229.7988  
10208.82925  
10186.59343  
10140.9259  
10223.78716  
10278.95501  
10246.82802  
10254.12999  
10244.13521  
10185.71495  
10186.04702  
10193.93787  
10198.06049  
10157.52276  
10177.15867  
10225.13046  
10251.68914  
10219.49861  
10208.15803  
10207.42854  
10180.60031  
10184.06584  
10220.47341  
10245.18497  
10200.65067  
10218.6704  
10262.20689  
10214.88718  
10222.11296  
10243.92924  
10207.80351  
10189.1106  
10221.96067  
10173.70281  
10205.77816  
10189.61316  
10239.74828  
10236.40996  
10199.50095  
10228.70859  
10235.43163  
10137.31671  
10178.50119  
10177.81792  
10156.60647  
10174.31535  
10233.46255  
10216.67218  
10205.4354  
10170.81352  
10229.62859  
10228.19841  
10231.44292  
10193.46243  
10140.9158  
10207.37881  
10220.26061  
10181.32431  
10162.73965  
10240.68097  
10235.63437  
10248.05667  
10255.61614  
10242.02829  
10211.19559  
10196.76789  
10210.14053  
10244.39322  
10179.66462  
10183.92323  
10223.29546  
10245.08298  
10167.85592  
10214.07968  
10153.31513  
10230.15278  
10244.18685  
10220.00796  
10209.69973  
10240.81769  
10236.53889  
10221.42643  
10227.54511  
10202.81989  
10230.59787  
10185.30791  
10210.71549  
10229.97555  
10280.10423  
10245.99049  
10208.13942  
10213.37414  
10237.58782  
10194.22586  
10220.9477  
10234.19973  
10224.54109  
10222.71455  
10212.61488  
10190.80869  
10263.96177  
10272.91243  
10218.64089  
10199.9275  
10264.0105  
10250.7038  
10211.42339  
10225.39183  
10228.85841  
10249.33541  
10197.49836  
10203.41305  
10202.31551  
10219.49347  
10243.47011  
10211.07355  
10201.52635  
10234.45532  
10231.59376  
10185.06982  
10185.80391  
10234.3525  
10233.78989  
10216.1456  
10213.52799  
10249.98391  
10205.03901  
10138.10097  
10167.82649  
10178.97268  
10202.34937  
10212.42199  
10176.84436  
10171.93889  
10172.35045  
10242.20587  
10226.91555  
10155.54303  
10189.30136  
10207.47516  
10244.18415  
10225.14482  
10219.87925  
10256.49504  
10262.19816  
10232.39264  
10251.08226  
10233.75091  
10218.69985  
10174.7251  
10218.16353  
10269.85597  
10260.65039  
10214.82921  
10258.63116  
10246.83086  
10259.98216  
10227.10594  
10230.57574  
10212.28056  
10208.1878  
10185.27187  
10195.74013  
10199.92057  
10203.20448  
10232.22755  
10213.53637  
10251.52057  
10206.94229  
10197.96834  
10209.51677  
10224.38475  
10214.47581  
10184.74341  
10191.4259  
10205.5961  
10174.02144  
10188.98926  
10230.01359  
10208.33008  
10214.24327  
10209.9945  
10204.48053  
10208.22029  
10166.16093  
10181.07121  
10205.15208  
10181.07772  
10166.54255  
10196.66811  
10188.8141  
10248.11109  
10212.26213  
10197.1266  
10222.57864  
10211.20793  
10257.85949  
10277.01562  
10231.73309  
10217.96311  
10255.33467  
10218.75565  
10218.53374  
10197.55383  
10242.50615  
10260.95869  
10223.07038  
10198.58533  
10247.87534  
10236.42077  
10160.49586  
10197.54011  
10226.24693  
10210.77622  
10193.04186  
10224.3215  
10178.12092  
10254.66129  
10228.36006  
10211.39321  
10236.7245  
10287.38909  
10245.76185  
10240.65505  
10206.5086  
10257.64163  
10252.0711  
10182.70813  
10233.7769  
10219.6892  
10233.60235  
10201.47985  
10232.89408  
10206.86824  
10241.33559  
10238.30361  
10205.59603  
10201.49843  
10205.09343  
10170.4106  
10169.15562  
10149.95563  
10231.00168  
10227.11013  
10219.90277  
10186.03648  
10221.63265  
10171.79645  
10201.08542  
10216.9017  
10222.87002  
10179.88152  
10231.61621  
10214.78917  
10241.2355  
10250.64447  
10212.62476  
10179.29471  
10257.47126  
10232.37665  
10193.20495  
10240.33887  
10230.35127  
10235.74843  
10223.37906  
10242.54934  
10215.85699  
10225.7097  
10249.4327  
10217.08682  
10208.4036  
10190.7445  
10198.23036  
10225.92354  
10197.54707  
10172.39732  
10181.66934  
10191.53194  
10165.27989  
10227.75152  
10250.29001  
10244.17502  
10253.81732  
10265.05189  
10209.0445  
10243.92308  
10250.37957  
10212.3365  
10207.28791  
10210.59196  
10227.17936  
10208.3873  
10221.75288  
10202.39805  
10246.47043  
10278.97631  
10256.56932  
10226.75238  
10240.44509  
10213.25645  
10198.32564  
10223.5095  
10190.5035  
10219.10016  
10208.54434  
10176.39185  
10206.10548  
10214.97419  
10201.28323  
10196.47155  
10191.96362  
10176.71573  
10226.43899  
10223.1607  
10233.13103  
10186.69236  
10213.82006  
10215.10934  
10179.9946  
10177.22458  
10246.35283  
10185.65905  
10244.84391  
10227.18865  
10191.74435  
10206.00916  
10259.62262  
10246.16289  
10219.05531  
10225.4276  
10194.32753  
10217.25416  
10190.47148  
10166.55299  
10203.20018  
10194.14994  
10241.83204  
10246.70472  
10199.5034  
10196.82267  
10204.52086  
10232.93613  
10258.03403  
10280.07339  
10241.0857  
10255.67038  
10221.70086  
10268.49491  
10257.55072  
10242.39736  
10241.47445  
10205.47638  
10218.05661  
10217.56736  
10168.17333  
10168.00474  
10189.93631  
10217.76145  
10217.38081  
10221.21422  
10169.78493  
10210.83563  
10198.73857  
10246.91818  
10284.0513  
10228.01681  
10226.46305  
10206.1042  
10218.1815  
10242.99035  
10172.77435  
10211.25728  
10214.94258  
10251.3641  
10265.3397  
10194.16736  
10245.54681  
10215.38243  
10172.01316  
10244.76506  
10230.93524  
10244.55973  
10227.29227  
10227.19098  
10216.38254  
10264.78981  
10242.87053  
10215.74554  
10231.52502  
10192.61381  
10217.78509  
10253.8425  
10227.43626  
10209.26888  
10194.57531  
10200.27931  
10182.44886  
10162.13941  
10175.02362  
10199.70508  
10201.1854  
10182.88524  
10182.57112  
10194.52486  
10202.78787  
10164.79765  
10204.52601  
10215.29141  
10211.33231  
10222.27089  
10185.32824  
10191.63537  
10173.58558  
10174.96195  
10166.33994  
10214.10036  
10227.68015  
10240.71466  
10233.32816  
10268.69087  
10223.66371  
10235.45181  
10214.08897  
10262.99708  
10254.63306  
10267.85118  
10230.44349  
10206.52139  
10183.56213  
10210.62649  
10173.50173  
10218.92788  
10180.04479  
10238.14835  
10240.25682  
10229.07469  
10221.97003  
10246.78674  
10253.67378  
10210.59979  
10258.39361  
10257.31757  
10264.54871  
10232.72173  
10241.13102  
10226.89808  
10219.92252  
10201.13471  
10175.76159  
10193.41298  
10186.98121  
10152.07087  
10172.21565  
10178.0511  
10183.45584  
10205.93899  
10231.01875  
10202.41974  
10195.04149  
10170.85559  
10183.08501  
10180.25244  
10203.85007  
10239.5996  
10216.18336  
10231.49  
10238.22544  
10227.40806  
10205.46133  
10229.86069  
10243.07989  
10227.27678  
10236.73329  
10282.5687  
10261.67411  
10255.74802  
10261.62571  
10258.82905  
10236.54281  
10248.03743  
10228.27498  
10210.39831  
10250.796  
10245.20198  
10208.78462  
10250.18526  
10205.29702  
10209.58336  
10196.006  
10212.94997  
10193.77464  
10233.49528  
10245.51493  
10226.7948  
10228.76667  
10173.39139  
10198.70386  
10224.01642  
10260.96308  
10259.5191  
10234.95747  
10259.53419  
10247.86626  
10220.35968  
10243.92638  
10220.54794  
10218.46777  
10219.17184  
10216.907  
10201.18489  
10189.61002  
10188.05041  
10155.50557  
10152.28013  
10147.84288  
10159.68857  
10171.5194  
10205.07747  
10199.58174  
10208.09655  
10224.58478  
10198.42111  
10162.28287  
10159.77907  
10166.05058  
10163.9385  
10175.48932  
10196.17671  
10216.55159  
10249.50135  
10275.76321  
10222.12755  
10245.79344  
10206.0933  
10216.88225  
10225.3753  
10248.97288  
10197.73456  
10223.85988  
10224.2806  
10215.69314  
10222.81784  
10234.02338  
10230.73888  
10166.27459  
10198.75166  
10200.06092  
10176.83069  
10162.29544  
10178.26201  
10178.09054  
10192.30384  
10181.8095  
10213.73536  
10239.70316  
10232.40262  
10213.74729  
10215.03674  
10222.12571  
10218.97705  
10183.17525  
10205.59426  
10192.30584  
10206.01172  
10248.34599  
10229.29218  
10226.30681  
10218.23534  
10216.50569  
10217.93421  
10217.69492  
10283.9649  
10240.1245  
10227.50657  
10234.96104  
10231.8366  
10239.69847  
10248.44948  
10216.13639  
10230.53414  
10237.42005  
10229.00882  
10195.09916  
10192.86942  
10228.03623  
10222.77616  
10184.81435  
10198.82426  
10199.62974  
10226.99716  
10267.28293  
10263.14435  
10257.25482  
10238.88702  
10217.49555  
10216.87309  
10202.1427  
10202.12365  
10205.63901  
10217.43062  
10201.56026  
10171.24582  
10176.35707  
10168.67209  
10185.6127  
10123.26665  
10150.64712  
10150.52587  
10181.18065  
10220.90632  
10235.02518  
10248.407  
10275.06535  
10256.54475  
10238.36456  
10283.39241  
10256.55284  
10227.64944  
10228.67912  
10177.77552  
