10432.85314  
10359.111  
10278.946  
10340.589  
10279.96944  
10295.5168  
10236.01125  
10287.93672  
10284.85562  
10315.17616  
10259.52563  
10251.53937  
10261.96207  
10266.95288  
10256.1839  
10231.40871  
10297.3665  
10267.08512  
10222.97974  
10237.41697  
10214.73455  
10242.76558  
10233.49066  
10232.58108  
10283.35989  
10236.42782  
10226.71946  
10255.20825  
10257.26991  
10286.97002  
10227.63823  
10262.53134  
10286.60691  
10272.30986  
10291.26556  
10273.58241  
10331.77805  
10285.14595  
10306.81416  
10274.95088  
10270.57395  
10292.9157  
10279.69516  
10311.13838  
10257.4755  
10261.18111  
10286.78305  
10248.01835  
10254.45528  
10242.96837  
10266.74132  
10287.94798  
10275.38042  
10321.61464  
10268.59792  
10269.47164  
10324.49434  
10294.29661  
10298.35591  
10337.03733  
10283.49649  
10307.13394  
10250.35076  
10316.56017  
10262.47565  
10271.80868  
10309.89327  
10264.83698  
10252.57588  
10290.12438  
10273.29816  
10279.45057  
10287.33232  
10262.2284  
10273.43386  
10263.99592  
10258.92108  
10268.97437  
10255.44103  
10319.75231  
10252.22095  
10308.11488  
10256.69034  
10273.12524  
10238.54841  
10298.42911  
10272.48036  
10284.57544  
10292.33245  
10226.70561  
10294.4539  
10285.13694  
10284.72627  
10254.26356  
10289.43746  
10264.65596  
10262.55489  
10276.61601  
10244.67587  
10295.72829  
10269.77743  
10308.92134  
10296.75419  
10293.24077  
10261.19973  
10290.67987  
10245.74168  
10221.89906  
10270.1628  
10265.32513  
10295.25994  
10282.08381  
10243.61881  
10273.86384  
10238.77597  
10256.76971  
10254.91078  
10324.06985  
10296.81108  
10278.52748  
10289.51274  
10270.30127  
10254.57262  
10244.14513  
10226.74581  
10287.55979  
10257.83782  
10230.08558  
10294.56414  
10230.47203  
10259.39196  
10237.63119  
10262.12462  
10225.65348  
10208.15277  
10238.74414  
10211.59251  
10272.87536  
10272.91213  
10258.41877  
10287.11426  
10257.4296  
10259.57384  
10257.90132  
10267.2981  
10291.88867  
10282.0819  
10277.05358  
10290.55615  
10310.14311  
10317.74294  
10306.16606  
10326.75186  
10287.74718  
10304.04521  
10260.62203  
10308.87928  
10310.05897  
10315.39624  
10328.89684  
10261.81312  
10284.6594  
10285.15339  
10260.02022  
10192.00633  
10266.73697  
10256.60012  
10314.73868  
10263.77419  
10281.63754  
10271.63574  
10271.22312  
10225.78806  
10282.18772  
10233.97494  
10248.42915  
10286.14986  
10307.16442  
10308.1165  
10272.31357  
10286.67423  
10289.47607  
10260.13608  
10297.62837  
10272.37063  
10314.13008  
10281.38654  
10322.31436  
10312.83085  
10266.3633  
10282.10263  
10286.21347  
10284.3738  
10283.67756  
10250.84923  
10298.05433  
10274.0083  
10329.33809  
10285.95486  
10278.88552  
10314.21187  
10283.19334  
10314.32082  
10270.87706  
10284.78358  
10274.90161  
10309.72057  
10316.04907  
10276.46602  
10288.78584  
10211.35427  
10247.09692  
10241.74594  
10242.58008  
10269.73828  
10279.33354  
10261.70068  
10223.89071  
10283.62547  
10266.51995  
10310.1068  
10255.0793  
10296.09424  
10289.28054  
10273.13767  
10268.19067  
10271.86606  
10243.03833  
10251.40865  
10300.19331  
10233.7182  
10241.4757  
10218.00277  
10246.1329  
10263.69425  
10259.51119  
10265.36563  
10237.07881  
10217.54685  
10283.82959  
10237.20033  
10263.9814  
10247.36594  
10273.48868  
10295.98626  
10293.47456  
10323.09193  
10311.94806  
10301.1513  
10238.96948  
10266.78627  
10254.50977  
10309.58572  
10277.33645  
10321.39764  
10316.00171  
10284.27677  
10251.05995  
10270.46318  
10247.48806  
10249.94596  
10238.29585  
10249.39699  
10292.571  
10272.16628  
10291.74407  
10274.49006  
10330.65088  
10329.84186  
10287.7358  
10330.53271  
10293.26427  
10286.16369  
10293.40661  
10235.88852  
10258.7704  
10223.23777  
10253.59022  
10276.57797  
10276.01687  
10261.77135  
10305.15887  
10291.77408  
10251.15097  
10280.54683  
10290.65032  
10282.17298  
10297.96063  
10273.79224  
10287.8936  
10279.18905  
10318.77317  
10289.21433  
10256.74356  
10268.70583  
10285.46316  
10270.23402  
10239.04492  
10260.80666  
10261.17527  
10277.62587  
10277.36927  
10310.58778  
10249.47607  
10236.35869  
10265.15412  
10242.38084  
10300.07919  
10297.94782  
10337.6719  
10319.35454  
10307.14473  
10299.06871  
10322.00575  
10273.17967  
10256.56656  
10262.12265  
10273.06539  
10257.86009  
10270.2706  
10281.99945  
10273.82013  
10253.39569  
10291.36845  
10289.86603  
10286.60895  
10270.04532  
10302.68051  
10302.52934  
10332.46049  
10344.5554  
10256.89486  
10252.71802  
10243.50954  
10272.06337  
10257.69143  
10275.03846  
10262.45186  
10281.72239  
10273.41209  
10269.47064  
10285.72059  
10273.20139  
10296.23025  
10270.63647  
10284.21436  
10297.29304  
10247.39264  
10287.32526  
10267.98267  
10287.23497  
10293.02497  
10269.90186  
10213.12655  
10256.45011  
10275.64522  
10258.67083  
10298.52015  
10254.18211  
10255.24319  
10237.82009  
10253.30353  
10232.94103  
10254.8936  
10298.8396  
10275.51955  
10273.32391  
10225.41568  
10269.29415  
10264.70532  
10289.16051  
10300.54845  
10266.0633  
10303.69345  
10278.52408  
10288.16988  
10308.0949  
10302.50573  
10307.16153  
10286.81332  
10286.64535  
10287.68732  
10272.624  
10238.07231  
10250.38887  
10276.55822  
10270.67753  
10277.10622  
10254.47678  
10289.47468  
10269.79428  
10261.94911  
10316.39054  
10265.05242  
10273.68049  
10250.02108  
10238.11388  
10277.10522  
10264.33363  
10275.24456  
10308.86264  
10293.50206  
10310.13998  
10233.82841  
10270.47081  
10279.87815  
10267.47328  
10295.63119  
10295.24927  
10296.31643  
10294.67358  
10306.72239  
10305.95108  
10313.58032  
10361.75826  
10306.48045  
10319.84229  
10260.84504  
10302.503  
10273.67576  
10241.19731  
10270.07559  
10274.44695  
10268.59959  
10261.35611  
10247.91877  
10288.42021  
10265.14828  
10305.59626  
10312.55318  
10301.37646  
10323.77575  
10274.02142  
10310.80551  
10248.72667  
10252.34182  
10244.77987  
10251.98793  
10269.81625  
10214.4994  
10245.32608  
10280.14753  
10249.49046  
10310.72581  
10271.71178  
10226.68089  
10263.2267  
10268.36674  
10311.98553  
10236.00038  
10270.90605  
10261.6756  
10223.99208  
10234.95017  
10251.78123  
10248.41508  
10318.43981  
10283.20286  
10329.68801  
10279.65931  
10316.5742  
10308.12296  
10258.49137  
10298.12378  
10287.80249  
10260.64953  
10296.94789  
10251.1752  
10270.3651  
10258.37642  
10241.86887  
10247.09743  
10237.92973  
10310.53789  
10291.3485  
10272.40942  
10262.78391  
10279.57349  
10326.32389  
10280.9314  
10311.20552  
10273.19565  
10278.79472  
10293.30637  
10262.60811  
10303.12942  
10262.47898  
10273.00879  
10336.40201  
10301.29084  
10311.25937  
10268.56618  
10241.19161  
10316.29818  
10260.28564  
10294.81396  
10304.37615  
10284.40627  
10273.57109  
10263.25672  
10264.10056  
10266.68175  
10289.73693  
10293.19906  
10281.03986  
10284.81301  
10279.81032  
10238.92758  
10296.98726  
10248.2729  
10270.07457  
10265.13887  
10265.06871  
10286.535  
10257.92538  
10300.92512  
10290.32413  
10273.57111  
10297.95663  
10300.15576  
10270.33873  
10297.39393  
10282.12433  
10318.3863  
10294.02801  
10256.4523  
10263.58831  
10243.98995  
10290.28662  
10296.72197  
10289.97734  
10293.95745  
10254.13674  
10250.35201  
10315.0623  
10268.8402  
10250.49086  
10280.79326  
10255.41544  
10259.97732  
10227.56064  
10262.42849  
10274.04514  
10292.26966  
10272.14995  
10284.03693  
10238.49148  
10299.9262  
10301.2314  
10298.4084  
10273.88121  
10306.52601  
10290.13647  
10334.42352  
10280.06334  
10264.53593  
10253.18619  
10246.93435  
10270.34852  
10230.68091  
10292.71666  
10237.98145  
10275.13146  
10248.13361  
10291.58745  
10294.78245  
10288.53296  
10311.2077  
10240.63426  
10278.94489  
10266.3305  
10270.09262  
10236.67496  
10285.42869  
10276.82626  
10271.22323  
10347.32957  
10266.78979  
10327.323  
10292.74916  
10310.95488  
10282.32193  
10225.33416  
10280.31032  
10264.75346  
10252.31456  
10242.09719  
10264.35656  
10275.22514  
10288.35906  
10305.71564  
10245.72059  
10248.28085  
10269.19949  
10279.9381  
10293.43979  
10239.48509  
10264.74461  
10265.59382  
10268.66395  
10281.02211  
10221.32633  
10244.21054  
10302.86461  
10253.10312  
10291.23784  
10266.66737  
10241.87003  
10285.39267  
10238.49561  
10269.31372  
10304.53054  
10258.19957  
10310.80651  
10283.52108  
10276.91342  
10272.72286  
10227.86537  
10286.9737  
10277.2708  
10242.88743  
10286.83279  
10258.48637  
10266.19551  
10267.42385  
10254.1244  
10300.67507  
10281.98608  
10287.96624  
10285.46502  
10268.83942  
10301.74654  
10261.06714  
10250.09908  
10266.85325  
10272.37828  
10268.40638  
10267.0568  
10288.41082  
10303.19347  
10286.88918  
10315.41428  
10291.74849  
10250.80955  
10227.04685  
10252.40712  
10272.56747  
10210.37775  
10267.67094  
10265.76869  
10267.85585  
10281.36202  
10289.19968  
10282.946  
10319.06749  
10252.40454  
10293.83507  
10286.21384  
10290.69358  
10314.34142  
10246.93588  
10292.02295  
10254.50781  
10276.94389  
10322.01221  
10304.92405  
10342.71942  
10326.99434  
10331.88699  
10374.58494  
10326.01494  
10302.08556  
10274.07273  
10305.03758  
10272.36834  
10282.35112  
10242.68026  
10233.47181  
10290.69676  
10288.66766  
10323.7654  
10257.35249  
10289.62735  
10293.5817  
10247.80828  
10265.7427  
10231.49261  
10233.45361  
10284.57602  
10237.21884  
10299.69764  
10261.26429  
10296.30142  
10278.90527  
10290.3386  
10300.91526  
10289.88259  
10285.63778  
10235.09251  
10271.97223  
10260.60478  
10246.16284  
10262.65658  
10259.85303  
10239.98742  
10230.01494  
10283.67689  
10262.72326  
10276.34155  
10305.68049  
10254.49314  
10295.60986  
10270.94673  
10304.03917  
10282.67003  
10294.59976  
10251.42629  
10291.27448  
