10479.00686  
10426.0329  
10369.79766  
10380.52273  
10403.65571  
10364.18929  
10377.30119  
10378.33851  
10378.05474  
10407.76465  
10412.64711  
10406.12457  
10372.7653  
10416.67792  
10443.7608  
10436.86863  
10409.93153  
10407.32639  
10359.67828  
10361.15378  
10336.72021  
10373.36732  
10329.13373  
10357.08697  
10359.48543  
10385.3119  
10394.82783  
10379.99753  
10386.49978  
10367.20936  
10356.06654  
10345.86852  
10378.97409  
10412.75  
10413.37354  
10386.97217  
10400.60498  
10414.69257  
10380.76321  
10384.90945  
10361.78602  
10413.69637  
10387.64697  
10381.17923  
10353.90468  
10360.82623  
10329.39258  
10347.87885  
10345.45942  
10295.49162  
10343.05756  
10379.02116  
10332.36203  
10311.55062  
10398.0829  
10345.71848  
10351.2615  
10390.49485  
10338.71248  
10372.21227  
10359.65115  
10316.94111  
10365.48923  
10383.59147  
10365.52157  
10388.301  
10351.16523  
10388.08111  
10385.54725  
10391.42388  
10377.76579  
10367.08092  
10420.41016  
10395.46387  
10382.30235  
10373.96937  
10388.81003  
10393.40888  
10396.90007  
10390.91273  
10380.17261  
10416.08507  
10435.05808  
10465.57595  
10405.41444  
10424.63905  
10363.94512  
10412.99623  
10379.80458  
10407.10503  
10418.29926  
10374.73153  
10367.83222  
10389.92407  
10403.12332  
10418.26085  
10478.80618  
10414.31472  
10435.0558  
10395.54541  
10421.57859  
10370.73882  
10403.13251  
10384.24037  
10388.06117  
10411.00613  
10395.84654  
10429.0609  
10453.52547  
10410.92288  
10447.09863  
10436.98085  
10355.58746  
10415.72808  
10383.71981  
10390.97249  
10372.37495  
10387.9219  
10323.48918  
10348.68631  
10343.55924  
10358.7624  
10393.77433  
10408.12807  
10423.03033  
10414.78687  
10444.69949  
10409.95245  
10445.74601  
10390.48012  
10376.26535  
10402.64741  
10363.86206  
10423.26644  
10400.0734  
10397.64559  
10364.90422  
10380.4499  
10421.21425  
10374.96804  
10428.21178  
10427.42765  
10475.42711  
10373.99984  
10351.49447  
10339.21373  
10302.25817  
10285.84294  
10313.82235  
10330.89323  
10322.45828  
10317.14543  
10331.1154  
10372.18457  
10386.58341  
10411.10626  
10381.76359  
10390.56584  
10381.32639  
10366.90622  
10397.8929  
10381.29034  
10373.20939  
10380.72729  
10409.00336  
10362.57956  
10368.86035  
10360.42966  
10395.20074  
10423.83388  
10440.16222  
10468.64833  
10435.82254  
10444.18009  
10451.28684  
10424.45619  
10418.80447  
10404.86165  
10437.21406  
10413.93454  
10422.67597  
10450.93077  
10412.14811  
10409.78046  
10386.64065  
10419.39152  
10373.53811  
10344.97279  
10366.93609  
10378.96468  
10406.96151  
10392.42057  
10412.17955  
10414.40264  
10379.11705  
10383.64011  
10378.71715  
10404.5447  
10367.7079  
10362.94604  
10340.02192  
10343.49167  
10336.61054  
10287.78234  
10309.83632  
10315.16252  
10324.93834  
10331.42036  
10334.64071  
10365.50844  
10398.48112  
10345.35064  
10350.35642  
10347.68986  
10308.99864  
10258.00564  
10284.70627  
10324.91357  
10324.75347  
10352.14342  
10394.84733  
10379.5296  
10389.15427  
10382.48475  
10403.07517  
10386.69854  
10368.99707  
10414.12573  
10371.17619  
10368.3208  
10425.55786  
10407.75043  
10428.33233  
10422.25776  
10443.83442  
10399.16121  
10371.17255  
10413.32487  
10363.09098  
10407.25201  
10377.78632  
10357.40213  
10369.08027  
10374.67502  
10347.89445  
10375.50174  
10396.89624  
10381.77751  
10439.82042  
10422.99159  
10443.36746  
10406.00616  
10387.42787  
10426.16515  
10405.60069  
10415.77083  
10416.45616  
10394.07728  
10394.56543  
10415.15877  
10400.23231  
10401.7494  
10431.2781  
10397.64095  
10380.91425  
10379.7439  
10388.59451  
10389.5584  
10418.17782  
10418.50399  
10411.61496  
10384.16208  
10341.59611  
10379.55143  
10386.3125  
10358.1696  
10365.42288  
10384.55078  
10398.94678  
10381.92  
10314.29126  
10395.96872  
10364.25922  
10345.45516  
10327.04164  
10371.52903  
10388.2423  
10348.92662  
10354.22073  
10360.02501  
10336.56619  
10321.79525  
10295.75073  
10348.38862  
10380.47583  
10359.27013  
10368.79199  
10412.40774  
10372.08849  
10364.80062  
10403.37367  
10402.61073  
10416.3243  
10397.50195  
10414.80518  
10406.25732  
10368.09201  
10429.99506  
10425.11982  
10432.27791  
10476.84161  
10445.65454  
10430.43631  
10443.71959  
10412.70486  
10432.45595  
10395.5223  
10426.50434  
10427.32937  
10403.94217  
10426.23069  
10419.20163  
10355.96975  
10376.13118  
10355.85742  
10373.76617  
10408.81557  
10400.28982  
10426.37039  
10432.60775  
10403.24099  
10385.22434  
10363.49531  
10348.47738  
10311.83393  
10360.22431  
10370.51354  
10366.38612  
10356.96707  
10384.60843  
10354.50564  
10362.40066  
10352.88129  
10334.89087  
10357.70633  
10311.08119  
10295.95334  
10254.86998  
10304.31375  
10292.34484  
10281.71666  
10300.40929  
10363.99487  
10392.59318  
10387.87853  
10388.05857  
10423.6524  
10410.28795  
10364.66721  
10357.54294  
10363.16146  
10391.35712  
10390.51318  
10408.50776  
10443.61155  
10395.59421  
10362.02539  
10416.08011  
10420.94154  
10389.33049  
10387.16653  
10426.05168  
10422.64008  
10402.94615  
10370.19252  
10435.24327  
10401.37942  
10355.76275  
10382.21788  
10395.17057  
10401.42263  
10401.28082  
10425.48408  
10450.4869  
10426.27349  
10386.84787  
10406.85541  
10416.8476  
10365.21251  
10365.13761  
10386.64887  
10389.97681  
10351.29972  
10360.4219  
10404.30745  
10363.12378  
10307.52422  
10327.10986  
10346.11361  
10354.23625  
10374.29655  
10405.78014  
10395.27946  
10402.95079  
10410.29343  
10395.07704  
10404.47122  
10396.45985  
10380.34671  
10373.94838  
10393.54986  
10375.7551  
10396.91013  
10386.75174  
10422.77428  
10406.23359  
10392.91243  
10383.31567  
10402.71425  
10359.76845  
10366.04232  
10367.23397  
10403.48975  
10414.9464  
10400.7213  
10353.61098  
10389.0498  
10384.95803  
10386.6352  
10391.20779  
10407.46322  
10426.48269  
10384.61334  
10376.95009  
10392.39711  
10356.3951  
10339.14402  
10395.33423  
10381.4605  
10371.87953  
10400.65826  
10403.93479  
10398.63449  
10397.97993  
10384.82772  
10433.51503  
10399.68422  
10389.43324  
10406.6661  
10421.0042  
10377.33713  
10373.48858  
10371.29519  
10385.6438  
10383.51175  
10383.14982  
10382.23636  
10358.93368  
10350.11692  
10369.39857  
10377.86955  
10395.3176  
10372.51204  
10413.00174  
10402.62286  
10422.22119  
10404.46642  
10425.1349  
10431.60045  
10435.41865  
10402.32848  
10392.75212  
10424.97198  
10374.06174  
10375.47472  
10400.34334  
10380.75136  
10333.38387  
10374.24097  
10377.62622  
10375.08925  
10371.44431  
10384.23288  
10361.38542  
10370.44892  
10369.85289  
10403.17394  
10434.84144  
10427.02664  
10436.06331  
10445.90758  
10421.83396  
10399.02645  
10355.89402  
10387.74862  
10391.80452  
10377.09551  
10406.66938  
10425.78714  
10422.81215  
10385.69773  
10433.11678  
10431.01628  
10384.54411  
10419.83949  
10432.25697  
10420.96992  
10364.23736  
10390.78958  
10448.78041  
10402.27176  
10355.94455  
10336.35392  
10360.17144  
10377.28244  
10352.23975  
10346.08548  
10359.92087  
10350.13615  
10357.32487  
10369.48041  
10347.91697  
10385.57878  
10402.95996  
10380.86835  
10294.89388  
10344.04915  
10349.59454  
10354.62101  
10378.50933  
10341.98839  
10430.15017  
10399.80878  
10387.75863  
10376.87017  
10394.60683  
10422.65039  
10446.06565  
10401.45266  
10413.03933  
10413.46129  
10389.94713  
10413.34456  
10375.03507  
10383.05504  
10373.71707  
10366.4254  
10287.67429  
10317.37123  
10284.73535  
10278.92554  
10294.66073  
10316.01771  
10380.28817  
10378.27151  
10402.04275  
10425.69005  
10396.50784  
10392.31144  
10454.3514  
10410.48413  
10396.07918  
10339.58558  
10354.49335  
10326.76248  
10331.53537  
10317.47754  
10327.02995  
10374.54929  
10364.06961  
10306.50507  
10332.52821  
10327.57631  
10330.14071  
10335.30187  
10347.16406  
10361.83105  
10386.59044  
10423.3893  
10401.59416  
10408.82845  
10412.04886  
10421.0832  
10414.47439  
10403.64149  
10417.63165  
10401.46498  
10391.64944  
10400.77105  
10412.07189  
10431.5947  
10384.13447  
10419.47613  
10386.65907  
10390.15432  
10372.36689  
10386.56467  
10395.90739  
10392.21726  
10374.40742  
10390.31489  
10416.66406  
10402.58738  
10365.60647  
10384.18267  
10382.33228  
10371.50326  
10389.37302  
10431.6043  
10432.95692  
10409.23044  
10418.02119  
10426.64513  
10438.39391  
10420.5555  
10436.67136  
10450.7777  
10433.07723  
10424.82123  
10408.71997  
10412.96951  
10395.69062  
10381.30444  
10360.02669  
10336.04782  
10332.95475  
10343.46012  
10327.82465  
10307.82837  
10313.6161  
10357.78111  
10346.12937  
10319.35959  
10364.20546  
10329.17527  
10353.28746  
10361.53543  
10369.26207  
10367.67844  
10361.98166  
10380.04451  
10392.77498  
10368.78  
10360.96099  
10362.02477  
10387.96438  
10395.79424  
10407.60251  
10430.66976  
10443.28624  
10424.27677  
10456.10897  
10398.4181  
10404.39632  
10421.56719  
10405.41292  
10444.69431  
10420.56589  
10410.93829  
10389.3686  
10401.29755  
10392.846  
10381.94811  
10376.44184  
10370.04891  
10387.1043  
10380.36046  
10346.54758  
10366.23041  
10414.75754  
10401.42708  
10437.26096  
10400.39819  
10419.67689  
10394.874  
10399.69971  
10382.5293  
10400.8249  
10410.98655  
10352.94602  
10356.04772  
10371.30664  
10349.83773  
10340.73926  
10382.49284  
10388.67999  
10415.1929  
10373.70258  
10371.94518  
10380.81581  
10409.47597  
10420.46455  
10400.26492  
10427.91116  
10410.86122  
10420.05425  
10418.98033  
10394.81396  
10390.18009  
10398.84633  
10371.2133  
10342.08472  
10408.04527  
10405.22325  
10401.33697  
10386.47092  
10388.69661  
10364.40308  
10372.56947  
10398.03434  
10388.71479  
10393.01058  
10391.60661  
10413.18094  
10369.91281  
10365.57807  
10385.80081  
10391.5156  
10413.24409  
10410.77705  
10450.65392  
10404.06144  
10377.824  
10382.67719  
10382.82823  
10355.02412  
10373.44482  
10346.28182  
10381.19667  
10360.83689  
10398.6722  
10409.41461  
10366.89689  
10379.58439  
10381.69784  
10377.26245  
10338.77035  
10319.64727  
10366.62476  
