10954.57623  
10847.29018  
10843.91164  
10790.51666  
10819.50939  
10818.72993  
10819.76549  
10806.99675  
10783.80004  
10786.79322  
10764.65157  
10761.32361  
10788.32141  
10784.68094  
10800.35241  
10759.19601  
10760.21874  
10771.62631  
10800.52197  
10800.16689  
10826.21521  
10807.39877  
10806.25599  
10803.71009  
10788.51544  
10739.86283  
10787.32568  
10787.00188  
10801.58904  
10823.77596  
10838.49905  
10825.87238  
10841.52539  
10857.42867  
10854.61481  
10830.82222  
10848.91587  
10855.83036  
10807.36739  
10817.43543  
10854.29871  
10846.61827  
10864.46758  
10856.29126  
10816.69128  
10815.17349  
10804.46171  
10858.14877  
10822.78495  
10820.46244  
10799.42552  
10825.39595  
10772.62143  
10797.13536  
10811.11413  
10795.52797  
10838.75274  
10837.45264  
10877.3191  
10824.47304  
10764.2722  
10781.80958  
10756.72053  
10772.94313  
10749.05867  
10754.3483  
10763.34209  
10780.60311  
10769.82302  
10726.37455  
10749.52535  
10779.70081  
10737.74727  
10758.27017  
10742.89606  
10740.76513  
10820.57451  
10813.12069  
10849.68798  
10859.64258  
10818.05725  
10724.18502  
10697.93664  
10741.6105  
10748.64339  
10807.54951  
10780.70266  
10725.66059  
10741.32487  
10751.93039  
10756.89561  
10737.90264  
10769.25028  
10835.13395  
10847.64156  
10796.24853  
10833.05007  
10774.85389  
10813.89836  
10765.93996  
10759.81528  
10781.64396  
10800.62225  
10836.35754  
10804.74762  
10867.54825  
10859.686  
10837.5533  
10837.07858  
10816.39389  
10793.04625  
10797.89283  
10795.96438  
10835.65364  
10856.41054  
10794.3245  
10775.74647  
10762.09932  
10751.37673  
10789.4513  
10779.86286  
10783.35623  
10797.28798  
10826.00924  
10833.53615  
10806.1147  
10804.84659  
10837.87222  
10827.73134  
10849.92887  
10859.32432  
10843.69888  
10835.87169  
10818.19896  
10846.19248  
10858.43711  
10837.01185  
10863.98503  
10798.66626  
10845.60516  
10869.75821  
10813.0775  
10870.69839  
10822.03108  
10827.08414  
10798.60143  
10783.70398  
10797.32737  
10858.98548  
10795.52318  
10828.11143  
10807.53989  
10792.95394  
10808.9434  
10810.76713  
10810.45661  
10838.12799  
10809.71742  
10828.38539  
10808.12111  
10792.43266  
10840.37289  
10894.1844  
10846.71754  
10861.92628  
10816.09962  
10821.73032  
10866.7321  
10840.10671  
10801.41125  
10807.04533  
10773.49659  
10809.00882  
10818.40354  
10796.75016  
10811.50267  
10792.20264  
10818.39595  
10812.26353  
10813.62802  
10834.17252  
10859.5512  
10820.33397  
10834.47494  
10859.76074  
10799.84588  
10847.6578  
10853.61525  
10796.01214  
10827.17279  
10830.74926  
10837.40831  
10815.79798  
10839.87096  
10857.15618  
10804.00431  
10793.50716  
10813.91609  
10807.01488  
10825.91517  
10775.12429  
10798.63662  
10795.31193  
10795.29518  
10798.30836  
10830.3578  
10859.54008  
10831.80705  
10835.3608  
10833.24647  
10796.70826  
10756.93033  
10731.05647  
10669.58674  
10701.26484  
10731.54548  
10772.09994  
10857.83518  
10774.54892  
10786.28803  
10736.02027  
10789.10806  
10759.33941  
10746.00143  
10811.55275  
10765.93639  
10780.40189  
10839.40115  
10843.40918  
10814.69125  
10812.76651  
10799.82479  
10761.94868  
10802.42266  
10794.64641  
10828.3241  
10780.91119  
10798.11647  
10808.87517  
10791.55166  
10789.21014  
10837.82234  
10819.38128  
10792.64459  
10793.96655  
10771.84973  
10776.80683  
10839.94078  
10825.38265  
10827.53444  
10843.61169  
10817.41351  
10803.702  
10793.30786  
10754.50357  
10777.3016  
10815.40039  
10809.08301  
10785.31476  
10810.89759  
10780.81714  
10769.09258  
10776.03262  
10766.49112  
10787.14116  
10804.666  
10791.78217  
10818.22774  
10806.92811  
10804.53389  
10780.34234  
10734.4265  
10785.58175  
10744.08865  
10771.24436  
10841.22576  
10804.53409  
10818.0071  
10782.08215  
10823.74016  
10794.2026  
10787.92619  
10810.38942  
10826.08544  
10787.54752  
10818.02586  
10843.18078  
10843.31504  
10876.89635  
10830.45522  
10807.4657  
10858.43846  
10835.50599  
10809.17747  
10854.76108  
10814.96785  
10881.96923  
10862.49191  
10863.27694  
10879.35419  
10883.53217  
10800.94094  
10764.75478  
10796.33895  
10802.4003  
10753.22595  
10803.09923  
10867.70872  
10878.05071  
10856.07935  
10900.89404  
10825.92664  
10864.1665  
10841.24711  
10858.92603  
10825.8076  
10809.95976  
10865.06114  
10815.59098  
10792.06122  
10796.50598  
10815.66132  
10835.74265  
10773.37327  
10783.49439  
10737.51525  
10747.60051  
10767.11178  
10787.04521  
10788.72556  
10827.84661  
10755.64264  
10746.78078  
10762.55999  
10789.30195  
10774.41602  
10780.93767  
10775.66352  
10777.89092  
10789.9081  
10799.0462  
10750.86541  
10803.35856  
10781.70302  
10794.4326  
10833.53623  
10805.22975  
10806.29351  
10809.21528  
10814.86853  
10798.94079  
10855.62787  
10807.09213  
10829.56464  
10859.04941  
10857.64595  
10834.22599  
10884.06728  
10858.69471  
10853.69746  
10818.5834  
10854.77363  
10814.61535  
10845.31273  
10848.0245  
10849.63376  
10839.89427  
10909.90949  
10828.90301  
10853.60852  
10850.35117  
10820.92061  
10851.14121  
10824.63236  
10836.99098  
10792.43055  
10760.03033  
10800.61636  
10774.86621  
10767.0443  
10796.88424  
10755.14232  
10735.78024  
10807.28383  
10742.79851  
10811.29259  
10824.20667  
10835.51195  
10788.45062  
10768.07725  
10764.4877  
10776.59911  
10824.25105  
10836.25143  
10862.51631  
10858.77933  
10806.35786  
10845.34046  
10830.40073  
10858.16782  
10890.86851  
10864.11908  
10894.31378  
10839.40796  
10814.49042  
10840.41785  
10813.03817  
10809.28494  
10777.2436  
10778.12124  
10806.62456  
10741.80808  
10793.05941  
10759.25538  
10757.25554  
10784.70616  
10778.10981  
10814.56291  
10747.19855  
10759.62586  
10751.60101  
10782.44869  
10819.34448  
10830.2392  
10802.31923  
10788.91068  
10776.84461  
10749.24531  
10807.33811  
10781.17513  
10775.42253  
10807.2765  
10807.38385  
10824.81393  
10823.01372  
10825.91954  
10822.76788  
10775.36305  
10838.79314  
10794.7759  
10793.29358  
10813.63101  
10829.91571  
10804.29454  
10814.30922  
10837.07939  
10880.60105  
10842.9154  
10852.18061  
10844.36302  
10767.87601  
10798.79753  
10813.20146  
10823.55281  
10847.09451  
10845.4905  
10825.94265  
10844.35655  
10825.59435  
10812.24993  
10796.10433  
10730.24197  
10742.15268  
10785.88033  
10789.13596  
10798.75904  
10764.64638  
10763.26192  
10785.76491  
10831.76848  
10826.7551  
10843.47916  
10849.23347  
10802.84094  
10861.69794  
10844.38799  
10897.12134  
10893.52699  
10851.07413  
10882.09083  
10796.37923  
10794.06674  
10782.86598  
10770.53836  
10804.46995  
10743.14756  
10765.56415  
10771.82827  
10753.04588  
10785.52664  
10800.65766  
10773.20684  
10818.55077  
10810.40855  
10802.69754  
10823.53819  
10796.5738  
10823.71707  
10758.87015  
10786.03922  
10768.22868  
10790.05017  
10798.07416  
10801.47  
10798.56829  
10789.48325  
10760.23397  
10806.20382  
10866.75117  
10837.20866  
10784.12402  
10843.69165  
10786.9195  
10783.93238  
10828.41234  
10783.9078  
10805.74959  
10839.4196  
10808.06374  
10766.27452  
10766.80695  
10748.77506  
10816.61308  
10850.6406  
10820.63004  
10842.31198  
10793.51344  
10807.39565  
10910.37844  
10832.79773  
10770.6581  
10803.18375  
10784.94167  
10765.3288  
10767.52801  
10774.37133  
10858.5956  
10792.21222  
10816.45331  
10798.09642  
10788.83776  
10801.85738  
10867.17107  
10851.7318  
10851.71056  
10843.82992  
10871.24109  
10884.68986  
10910.74462  
10886.19403  
10849.29756  
10847.61609  
10833.8427  
10762.82649  
10831.2452  
10817.52651  
10833.27969  
10823.00293  
10854.59371  
10828.04516  
10840.8756  
10824.2077  
10801.28233  
10809.3492  
10802.74937  
10854.68734  
10854.70896  
10793.70909  
10796.78781  
10782.08697  
10776.0813  
10835.51979  
10803.9764  
10824.72056  
10828.45617  
10837.77874  
10828.23134  
10781.04501  
10803.2304  
10776.17619  
10828.60219  
10774.44212  
10738.18751  
10798.50069  
10785.74134  
10821.58965  
10790.10148  
10830.16051  
10877.42744  
10860.60624  
10881.91367  
10832.42013  
10846.05839  
10885.05491  
10827.88356  
10770.06267  
10768.53091  
10733.00379  
10786.57366  
10746.11309  
10713.20238  
10759.44678  
10758.86784  
10732.60611  
10761.15296  
10726.63376  
10764.85121  
10778.67976  
10798.915  
10787.63328  
10804.57196  
10812.47148  
10777.47575  
10840.25278  
10854.56243  
10860.66173  
10848.55695  
10811.17139  
10810.03043  
10821.55531  
10782.88924  
10824.11009  
10844.00579  
10801.4298  
10795.13312  
10765.07025  
10850.94432  
10813.43593  
10791.16712  
10815.43352  
10826.23792  
10838.17542  
10854.76869  
10890.25791  
10837.35652  
10870.36322  
10903.60002  
10824.52205  
10850.33282  
10829.75022  
10848.38391  
10845.50423  
10842.27548  
10769.16817  
10739.13689  
10693.09123  
10722.29225  
10764.34235  
10784.40715  
10756.28505  
10835.80769  
10817.72674  
10779.95299  
10769.47782  
10778.70837  
10769.13366  
10758.85974  
10720.07021  
10725.44885  
10739.48808  
10782.4768  
10830.9578  
10893.25867  
10884.05737  
10889.89421  
10909.9951  
10840.6292  
10866.64269  
10886.13118  
10845.15594  
10894.20715  
10856.91688  
10807.93284  
10850.16198  
10824.11658  
10860.77428  
10818.79499  
10822.50748  
10791.07374  
10721.95554  
10771.15816  
10780.92144  
10787.27182  
10787.93135  
10773.50695  
10782.64106  
10775.96927  
10786.03504  
