10677.1819  
10574.08953  
10521.63099  
10525.83713  
10545.10528  
10539.82498  
10528.43507  
10488.6345  
10476.07678  
10453.02141  
10413.37181  
10418.26972  
10441.13244  
10439.53795  
10456.61708  
10399.22094  
10381.36265  
10423.74871  
10413.82968  
10443.36835  
10489.25662  
10511.28207  
10515.37479  
10511.72852  
10481.71432  
10485.71271  
10488.32155  
10524.55147  
10500.90651  
10492.44212  
10494.55152  
10509.20524  
10483.4555  
10496.5834  
10541.50984  
10513.22754  
10527.18565  
10541.53059  
10531.72128  
10510.61597  
10559.8007  
10547.76863  
10543.08325  
10555.69687  
10545.13337  
10545.90139  
10531.14173  
10522.23284  
10526.29983  
10515.94711  
10543.76132  
10548.06757  
10535.43077  
10547.13279  
10548.03376  
10553.12624  
10551.27151  
10571.02726  
10539.64472  
10503.45698  
10492.86423  
10469.49417  
10438.3451  
10480.20724  
10471.63028  
10468.50465  
10487.63236  
10497.40258  
10514.19837  
10503.6406  
10514.71503  
10492.92206  
10477.49118  
10495.8997  
10477.31411  
10432.07018  
10494.0995  
10472.38374  
10454.70706  
10521.92697  
10532.28962  
10500.27851  
10495.66543  
10465.34781  
10457.10674  
10429.34768  
10504.23815  
10493.54139  
10526.27217  
10516.91953  
10527.02679  
10513.3873  
10527.2169  
10502.29136  
10508.90279  
10524.46651  
10509.82401  
10540.40094  
10494.61077  
10512.62059  
10519.27394  
10536.14033  
10526.68505  
10517.29302  
10516.82944  
10529.77085  
10528.72614  
10545.47324  
10509.9895  
10550.66776  
10533.30553  
10530.99707  
10531.96973  
10535.82828  
10540.55522  
10509.89641  
10506.64245  
10487.18565  
10490.65562  
10525.40936  
10518.12249  
10505.39677  
10505.99174  
10463.71801  
10427.27251  
10412.78634  
10480.15277  
10485.92198  
10483.2709  
10552.49472  
10519.03513  
10468.66704  
10488.72545  
10502.1941  
10471.1207  
10492.79878  
10540.37526  
10496.40145  
10462.45838  
10502.74805  
10467.85681  
10458.42451  
10516.10074  
10518.96426  
10486.94589  
10474.19695  
10506.83702  
10499.23997  
10480.38244  
10541.04614  
10526.41219  
10498.34222  
10540.71131  
10525.02542  
10488.00995  
10466.62764  
10564.41314  
10496.403  
10482.61273  
10460.06239  
10461.26774  
10455.64569  
10455.08472  
10507.5346  
10482.97305  
10468.04173  
10488.38648  
10494.31722  
10504.74446  
10505.74023  
10508.67137  
10512.53183  
10501.60745  
10481.98324  
10490.10713  
10456.24567  
10475.9081  
10469.89654  
10495.82699  
10510.88057  
10544.14791  
10515.71999  
10500.92446  
10554.19368  
10489.17771  
10462.02014  
10501.93053  
10490.31453  
10454.82126  
10458.25512  
10472.35674  
10454.93618  
10483.16058  
10542.43198  
10507.61312  
10494.54212  
10490.58243  
10563.78637  
10532.81377  
10540.94484  
10548.01254  
10493.35586  
10470.29109  
10445.51708  
10518.87669  
10514.09979  
10469.26681  
10500.76745  
10498.0004  
10456.23855  
10458.65142  
10523.1544  
10516.13432  
10476.9985  
10573.08187  
10497.89535  
10516.80788  
10534.69312  
10536.59103  
10499.07398  
10488.23533  
10542.34085  
10495.9318  
10457.96854  
10490.33427  
10506.97305  
10491.85621  
10432.39385  
10543.57522  
10517.62218  
10498.59296  
10576.26066  
10555.72453  
10513.70006  
10497.42792  
10536.79112  
10487.10132  
10474.99699  
10528.04086  
10537.50367  
10524.51502  
10515.68758  
10565.42641  
10531.28138  
10479.03962  
10509.84196  
10510.2704  
10514.24021  
10477.17319  
10539.42019  
10518.18549  
10478.13477  
10556.68871  
10517.68399  
10508.05015  
10471.56271  
10509.29228  
10479.26544  
10460.16805  
10516.05812  
10543.19117  
10498.8746  
10479.78183  
10534.3655  
10479.56678  
10427.96936  
10476.91409  
10471.26491  
10412.59327  
10476.06517  
10507.13326  
10492.06271  
10480.98232  
10541.22062  
10524.4796  
10457.46199  
10514.59742  
10532.65519  
10526.93763  
10509.09605  
10563.05213  
10523.82332  
10505.74377  
10529.18439  
10525.35515  
10506.9583  
10503.02067  
10489.08694  
10462.21178  
10436.47664  
10499.67953  
10454.68639  
10472.04627  
10453.33924  
10485.54424  
10456.01375  
10423.00578  
10454.35188  
10471.98672  
10436.50227  
10439.97828  
10453.78157  
10483.13685  
10469.72316  
10461.39928  
10523.41277  
10465.1055  
10483.89498  
10471.84457  
10507.189  
10511.00554  
10488.31651  
10540.64838  
10504.22308  
10490.24353  
10506.30672  
10493.96608  
10478.89664  
10484.70154  
10498.62537  
10512.38376  
10506.45946  
10492.22551  
10524.97413  
10491.96907  
10509.08583  
10473.37798  
10483.24802  
10481.49153  
10507.17248  
10525.66689  
10520.91609  
10526.37239  
10524.5582  
10477.85816  
10499.57937  
10518.49652  
10531.73522  
10515.98688  
10529.87893  
10517.0662  
10479.50449  
10489.77906  
10479.0346  
10497.34723  
10515.95803  
10496.24419  
10528.25713  
10542.91451  
10541.08773  
10527.04046  
10524.37925  
10523.69402  
10583.84948  
10528.99063  
10404.62334  
10422.15997  
10429.48374  
10442.11106  
10465.71944  
10511.17164  
10500.97458  
10521.28252  
10525.74414  
10507.58135  
10475.29307  
10485.94814  
10449.15997  
10431.41322  
10447.5005  
10473.93906  
10453.33422  
10456.79379  
10494.37891  
10512.13756  
10501.44378  
10484.61159  
10529.31451  
10515.00963  
10480.35882  
10513.77827  
10504.80793  
10494.20561  
10481.9128  
10489.19859  
10455.52114  
10424.39041  
10433.99219  
10435.46991  
10457.7103  
10476.21535  
10491.38176  
10510.76494  
10515.10386  
10525.34182  
10529.25631  
10535.97664  
10535.42779  
10525.46772  
10506.00108  
10501.85162  
10520.00686  
10509.19695  
10535.53735  
10534.82559  
10579.21286  
10569.34478  
10505.65179  
10492.3641  
10514.31593  
10506.81092  
10509.95334  
10520.00781  
10531.96933  
10487.54294  
10499.95381  
10503.82578  
10527.15358  
10507.98329  
10520.89965  
10498.59924  
10469.01153  
10497.56963  
10499.60594  
10540.26916  
10491.49306  
10551.05661  
10511.70558  
10492.50282  
10528.56986  
10489.07963  
10479.00211  
10452.39878  
10499.62276  
10482.42634  
10505.08177  
10461.33037  
10455.36062  
10224.37672  
10474.2059  
10455.87996  
10468.05648  
10493.3533  
10451.78458  
10504.35444  
10514.95009  
10494.46397  
10510.6496  
10518.55646  
10533.12777  
10486.82572  
10540.85586  
10541.93375  
10552.24177  
10528.01681  
10541.85484  
10509.99543  
10446.79511  
10484.66712  
10491.53809  
10477.63545  
10495.72757  
10532.03611  
10528.6264  
10499.34151  
10506.6729  
10509.11703  
10500.18312  
10494.85101  
10511.02668  
10530.81817  
10504.17565  
10510.27624  
10479.03257  
10471.7931  
10505.91512  
10503.17473  
10456.41287  
10462.88519  
10467.02404  
10490.52101  
10512.32261  
10482.64047  
10508.64155  
10505.78341  
10526.86822  
10531.37397  
10505.78281  
10494.33195  
10497.70505  
10524.25681  
10490.01454  
10521.50137  
10514.7883  
10487.88516  
10533.34568  
10539.93457  
10523.1194  
10483.29693  
10513.51898  
10511.51444  
10518.97873  
10529.43138  
10554.34272  
10538.09248  
10507.74092  
10522.87128  
10510.76101  
10472.72915  
10503.39173  
10533.75433  
10510.59035  
10518.58924  
10537.71007  
10549.17615  
10554.13405  
10528.13067  
10527.86114  
10496.84689  
10492.61099  
10463.65504  
10467.46469  
10511.04408  
10512.008  
10502.57662  
10462.97337  
10474.98461  
10511.4925  
10506.70349  
10500.45967  
10467.52217  
10430.38329  
10430.28912  
10432.91723  
10458.53112  
10463.89828  
10498.44072  
10488.29336  
10505.13368  
10515.79062  
10549.21923  
10536.73232  
10550.54115  
10531.39049  
10505.29885  
10488.23123  
10496.88804  
10488.3295  
10474.6505  
10513.57667  
10503.88389  
10461.73662  
10463.00882  
10491.19288  
10479.56643  
10466.44919  
10478.08137  
10488.46432  
10466.92132  
10443.2935  
10454.09919  
10494.66182  
10442.63579  
10515.51819  
10502.06556  
10510.20046  
10506.28141  
10505.86582  
10517.17758  
10524.54846  
10505.39121  
10531.00391  
10529.957  
10556.97007  
10530.30714  
10515.33206  
10504.21822  
10487.19529  
10453.50449  
10474.63215  
10470.87331  
10478.19756  
10509.03004  
10499.8148  
10490.67982  
10463.10776  
10479.25298  
10501.85056  
10494.17111  
10513.47999  
10495.76386  
10493.50071  
10471.58222  
10499.44861  
10497.15641  
10459.64039  
10494.95339  
10500.57839  
10457.19457  
10488.51795  
10462.12294  
10399.93296  
10395.77489  
10447.03856  
10501.94658  
10478.7613  
10515.5829  
10552.48377  
10515.88645  
10523.67246  
10538.71548  
10517.41338  
10525.23514  
10535.23229  
10507.62212  
10521.76008  
10495.19581  
10510.31604  
10531.31224  
10514.9455  
10512.20426  
10469.7657  
10519.3305  
10526.9735  
10478.0009  
10530.01277  
10531.64121  
10517.25554  
10485.4512  
10533.54819  
10523.13392  
10485.97413  
10562.20389  
10559.33921  
10543.96899  
10549.36529  
10566.60016  
10536.71791  
10503.77663  
10545.9488  
10529.50251  
10482.76945  
10468.06593  
10479.79088  
10456.90709  
10467.45809  
10516.84916  
10499.10988  
10469.38281  
10492.3249  
10483.84357  
10463.78603  
10498.11618  
10520.52481  
10495.10792  
10476.90789  
10530.25977  
10528.23089  
10469.66578  
10466.37635  
10499.55577  
10472.85623  
10491.32921  
10500.23965  
10506.08422  
10472.78389  
10482.15754  
10473.94209  
10480.84668  
10516.69072  
10512.29497  
10495.2788  
10559.54474  
10519.83412  
10501.90005  
10501.79336  
10522.57876  
10481.41148  
10512.54104  
10468.0696  
10445.17876  
10464.57868  
10484.18024  
10490.31073  
10475.11157  
10523.35621  
10498.25491  
10435.5241  
10508.42343  
10484.87117  
10461.48282  
10503.17557  
10502.71994  
10495.19009  
10472.13392  
10514.97912  
10520.13413  
10530.07015  
10501.18964  
10440.20521  
10442.17378  
10489.81957  
10518.17298  
10495.93275  
10517.98825  
10526.79125  
10475.01322  
10479.7504  
10554.22105  
10536.35103  
10495.64926  
10513.50311  
10483.91921  
10416.47749  
10437.32514  
10489.66074  
10460.91406  
10492.09752  
10544.54912  
10493.947  
10462.59837  
10478.87262  
10480.07725  
10468.75121  
10498.78238  
10511.85597  
10505.31379  
10490.95986  
10527.64385  
10503.79117  
10447.56216  
10488.35491  
10510.47202  
10494.94346  
10543.63376  
10536.00773  
10520.78246  
10542.42871  
10509.44724  
10464.37848  
10501.51291  
10542.19201  
10499.06453  
10518.49704  
10519.62532  
