7081.106059  
6956.612055  
7150.332713  
7061.235885  
7114.676179  
7151.408249  
7120.9437  
7076.717047  
7190.061978  
7115.424441  
7170.781148  
7128.580737  
7074.713038  
7123.043571  
7110.944733  
7161.543355  
7058.959143  
7105.423828  
7086.674464  
7077.505042  
7139.494322  
7054.364757  
7110.493471  
7141.656716  
7115.979413  
7106.678495  
7070.970124  
7103.049407  
7074.717819  
7082.373456  
7080.783669  
7154.791129  
7099.904308  
7080.102323  
7070.681766  
7130.372786  
7115.388047  
7056.764944  
7117.215559  
7053.568019  
7105.010878  
7094.986067  
7097.352948  
7056.102607  
7126.594136  
7146.420319  
7091.498388  
7158.868232  
7109.6715  
7138.441985  
7122.624955  
7186.008721  
7119.274164  
7155.163756  
7149.961959  
7109.362134  
7169.537791  
7064.5062  
7122.091831  
7161.407772  
7045.096975  
7089.425986  
7149.460994  
7119.35866  
7169.764308  
7138.407295  
7153.174407  
7032.82674  
7119.093137  
7171.58688  
7135.23308  
7152.775459  
7076.229946  
7096.156818  
7140.063919  
7087.362361  
7110.316622  
7057.468591  
7103.404615  
7091.825604  
7102.189828  
7085.527571  
7111.776685  
7073.913904  
7197.349746  
7107.070778  
7188.496412  
7095.707349  
7153.524755  
7118.826285  
7093.903979  
7117.109466  
7198.979345  
7091.763206  
7126.335188  
7101.856434  
7159.289074  
7103.450888  
7091.700933  
7102.903286  
7045.686898  
7060.392748  
7041.057015  
7089.468954  
7137.210245  
7084.577852  
7048.13413  
7152.638081  
7086.062761  
7041.70275  
7085.839094  
7107.794388  
7087.20342  
7118.503713  
7042.368323  
7183.865711  
7145.798476  
7141.232785  
7112.465014  
7096.921648  
7133.607308  
7072.327739  
7049.026696  
7176.881722  
7122.506677  
7120.012184  
7095.78376  
7075.379463  
7127.624432  
7052.489099  
7043.460744  
7074.253304  
7012.677223  
7132.442031  
7068.961119  
7069.27354  
7076.380712  
7112.585256  
7137.175577  
7099.567701  
7150.002123  
7117.823946  
7069.973724  
7195.193484  
7171.130326  
7113.878759  
7149.941622  
7135.081498  
7108.467558  
7120.104447  
7085.088561  
7126.213754  
7052.562625  
7096.735511  
7099.531057  
7074.097497  
7079.904615  
7097.305573  
7119.997877  
7078.850586  
7110.590321  
7091.876908  
7049.130916  
7091.586392  
7186.082349  
7169.891942  
7120.080124  
7078.474939  
7142.07532  
7154.565861  
7076.410122  
7126.829226  
7050.870299  
7094.87919  
7089.59945  
7041.139228  
7113.063408  
7078.965025  
7100.601313  
7141.999886  
7063.393691  
7075.675055  
7086.077058  
7124.858433  
7133.606922  
7070.747059  
7090.124875  
7110.123433  
7078.796909  
7167.007063  
7074.82984  
7154.415709  
7065.139013  
7072.38765  
7201.013104  
7094.665618  
7168.555698  
7169.799589  
7110.39519  
7136.486294  
7177.38346  
7098.087822  
7180.403457  
7136.55052  
7078.695971  
7130.493085  
7142.857422  
7041.499262  
7039.037439  
7095.253566  
7131.39628  
7055.432436  
7165.860908  
7067.937932  
7074.32842  
7104.290232  
7136.155455  
7146.091047  
7075.437284  
7101.45719  
7177.13388  
7107.941554  
7150.594125  
7105.573912  
7047.989281  
7097.727221  
6807.102562  
7035.304744  
7134.992188  
7084.129213  
7129.011866  
7140.816985  
7142.358342  
7058.388218  
7111.213981  
7128.038245  
7106.672613  
7112.725631  
7060.278173  
7133.080192  
7059.368187  
7083.342331  
7045.665391  
7077.359432  
7042.877192  
7075.887309  
7031.527889  
7015.066667  
7102.201388  
7087.528252  
7120.052223  
7111.574673  
7078.744595  
7034.754417  
6991.610454  
7174.624353  
7237.151174  
7145.560422  
7133.273744  
7204.321005  
7100.053359  
7155.780614  
7132.659543  
7115.700502  
7112.60372  
7107.26433  
7173.696289  
7106.989099  
7108.937364  
7164.994459  
7097.849269  
7001.343443  
7128.968012  
7093.482956  
7066.974167  
7091.731922  
7074.555119  
7131.011969  
7115.667094  
7126.390171  
7089.864655  
7147.267237  
7129.745378  
7082.386412  
7099.824696  
7131.661201  
7071.45501  
7093.023426  
7114.453341  
7045.958246  
7124.741097  
7110.16513  
7105.967478  
7151.084791  
7132.111601  
7094.714424  
7052.857354  
7116.374989  
7123.675724  
7099.489099  
7199.805812  
7163.698696  
7142.875386  
7110.317088  
7154.068087  
7106.749046  
7111.490984  
7130.269463  
7159.748194  
7152.01014  
7104.040312  
7057.943053  
7128.77421  
7140.436898  
7158.844511  
7022.657068  
7103.346419  
7124.550883  
7108.886208  
7070.548794  
7124.435536  
7059.676724  
7110.99187  
7149.96473  
7167.940452  
7113.938306  
7107.099439  
7043.149471  
7115.799975  
7111.092932  
7149.56845  
7149.24397  
7140.819166  
7139.444608  
7200.877532  
7151.73919  
7200.038256  
7133.596225  
7150.079033  
7146.385481  
7047.86084  
7082.610011  
7139.637309  
7183.195812  
7131.413745  
7011.986487  
7072.659134  
7069.838583  
7153.492142  
7078.086358  
7119.536916  
7141.455328  
7090.609137  
7009.493096  
7053.337175  
7192.066849  
7040.380803  
7096.439771  
7084.219465  
7116.016272  
7105.748194  
7106.873206  
7103.069029  
7076.620515  
7090.39955  
7119.515182  
7111.059627  
7091.807152  
7047.966275  
6497.908453  
7197.72135  
7162.98601  
7040.748422  
7018.61327  
7013.718069  
7123.122014  
7119.55605  
7092.465287  
7068.479594  
7132.180198  
7052.534679  
7196.276242  
7079.726699  
7104.696891  
7015.064067  
7038.331554  
7050.523551  
7053.286178  
7027.751703  
7076.963901  
7207.482002  
7046.219874  
7130.09702  
7203.652968  
7136.354742  
7129.309673  
7124.827353  
7158.388218  
7168.356695  
7140.783237  
7177.149948  
7179.798113  
7189.980662  
7126.565475  
7175.766556  
7184.228084  
7210.95518  
7198.714685  
7165.269917  
7178.296875  
7123.541379  
7108.260265  
7144.71004  
7159.395621  
7046.191327  
7177.618698  
7087.063692  
7125.527707  
7201.158283  
7124.710381  
7112.241483  
7069.479208  
7081.835551  
7109.166413  
7070.705124  
7121.701161  
7033.961244  
7122.476744  
7124.581963  
7096.798045  
7150.174294  
7134.8182  
7051.212402  
7085.296353  
7161.404569  
7172.586517  
7145.56426  
7128.460211  
7219.854379  
7114.491029  
7121.743312  
7034.257688  
7060.859579  
7042.548567  
7115.227335  
7034.737736  
7048.6338  
7094.37131  
7122.338992  
7049.337925  
7073.552871  
7092.31334  
7090.445403  
7082.749852  
7165.484965  
7093.852255  
7125.507313  
7130.594375  
7112.514558  
7124.014444  
7103.15206  
7132.437296  
7048.251726  
7060.605401  
7108.517828  
7096.305664  
7064.261333  
7079.945085  
7078.498717  
7135.032874  
7058.98182  
7056.219454  
7057.10171  
7119.932674  
7069.100393  
7110.03996  
7155.830135  
7046.936648  
7082.823878  
7080.217421  
7135.953409  
7083.899403  
7153.249455  
7077.659713  
7101.38606  
7115.914528  
7137.179097  
7134.087539  
7156.573662  
7117.915005  
7145.119515  
7119.712698  
7183.01734  
7211.79189  
7247.140182  
7132.951195  
7104.736453  
7124.603334  
7105.538813  
7154.402355  
7133.517431  
6821.444381  
7154.586971  
7094.61235  
7090.04147  
7124.123342  
7084.292492  
7155.287132  
6996.69521  
7076.759402  
7066.910679  
7045.754519  
7162.480673  
7153.36939  
7092.37827  
7056.967047  
7098.464299  
7061.27857  
7149.604458  
7095.776935  
7121.201762  
7073.835779  
7126.4277  
7162.781159  
7088.631109  
7155.21129  
7132.636617  
7058.481105  
7016.355298  
7144.628804  
7112.209325  
7170.646019  
7226.241563  
7109.915811  
7055.644622  
6798.334427  
7220.900334  
7177.080476  
7093.748694  
7120.976653  
7035.18658  
7062.379599  
7107.299316  
7123.712539  
7125.898778  
7218.681902  
7092.953466  
7151.258834  
7206.692723  
7088.800724  
7051.243834  
7093.457951  
7060.64377  
7112.672931  
7125.75578  
7146.682118  
7060.731468  
7111.647506  
7101.237929  
7173.946914  
7062.929358  
7051.885492  
7064.341275  
7066.830237  
7085.75863  
7059.733251  
7162.198492  
7112.116756  
7072.810592  
7094.037813  
7097.347452  
7059.170728  
7165.368789  
7077.396564  
7001.178677  
7060.892544  
7104.602437  
7082.075945  
7032.672159  
7113.497525  
7106.8941  
7112.004463  
7103.568053  
7138.21096  
7101.371298  
7123.602891  
7190.911019  
7108.566883  
7100.046205  
7144.152809  
7086.311932  
7078.497229  
7127.729469  
7103.263127  
7047.085143  
7098.612623  
7148.22964  
7080.992346  
7127.302394  
7124.474757  
7080.237373  
7090.249023  
7148.105923  
7120.157351  
7111.02564  
7186.955078  
7103.978005  
7081.743891  
7119.6725  
7128.391579  
7102.168661  
7093.665334  
7182.323163  
7132.430244  
7182.153536  
7116.087902  
7102.437318  
7112.648983  
7083.669218  
7074.654967  
7123.994765  
7099.210869  
7108.072391  
7118.689771  
7097.890239  
7072.287541  
7114.196641  
7084.896325  
7095.973133  
7163.343977  
7065.092387  
7078.135095  
7061.166663  
7090.473826  
7217.516704  
7155.335109  
7178.669695  
7216.497649  
7082.751272  
7083.003656  
7070.487271  
7013.418684  
6985.440543  
7073.672806  
7076.484704  
7117.287802  
7107.847929  
7050.730741  
7114.014058  
7060.185842  
6998.913347  
7050.071141  
7125.133335  
7086.585097  
7142.008323  
7175.401254  
7159.937829  
7090.82624  
7127.261344  
7113.451024  
7043.433128  
7196.463697  
7024.984784  
7173.880485  
7061.285769  
7121.575809  
7125.914812  
7053.478232  
7152.40357  
7243.850768  
7072.852085  
