10785.56061  
10670.26874  
10513.92212  
10504.49988  
10507.19806  
10513.80906  
10536.31726  
10538.13539  
10563.50991  
10572.66516  
10591.29596  
10605.2775  
10569.35463  
10545.01299  
10559.89228  
10530.76321  
10561.33039  
10526.32377  
10474.09862  
10445.05645  
10451.05304  
10522.50296  
10554.46925  
10555.42671  
10544.68614  
10540.03976  
10518.46128  
10580.13153  
10533.33646  
10532.1407  
10503.00118  
10468.54585  
10484.07523  
10514.30892  
10553.00287  
10564.23769  
10574.49473  
10506.56448  
10523.0457  
10526.96233  
10495.56817  
10488.42921  
10500.4514  
10541.95359  
10541.0547  
10590.76333  
10586.34246  
10548.07637  
10543.17146  
10514.46861  
10483.71825  
10493.07217  
10494.41913  
10494.93353  
10552.35046  
10560.59173  
10492.59028  
10526.11294  
10513.02071  
10527.01772  
10512.34448  
10489.75152  
10487.05565  
10535.61855  
10528.0579  
10530.84026  
10526.07521  
10546.70378  
10523.82605  
10493.62596  
10524.4271  
10598.48358  
10625.43352  
10603.39727  
10621.74733  
10553.453  
10496.62359  
10493.82994  
10562.08109  
10535.05137  
10577.73783  
10556.68533  
10534.3016  
10534.00068  
10589.98651  
10561.23121  
10534.42804  
10463.63504  
10491.28181  
10550.71258  
10505.50543  
10510.94288  
10498.49845  
10541.60894  
10503.3856  
10548.87212  
10572.21477  
10561.47394  
10562.14962  
10524.49476  
10563.31647  
10546.37095  
10565.42485  
10502.53542  
10510.18916  
10493.85082  
10544.27934  
10541.77522  
10542.52632  
10528.68434  
10543.69099  
10569.23451  
10561.2897  
10545.72219  
10507.40453  
10520.89566  
10550.1696  
10541.91989  
10525.96091  
10490.80728  
10517.70309  
10577.61996  
10549.79523  
10542.65622  
10499.84381  
10475.93903  
10528.67023  
10595.99137  
10553.78564  
10541.61824  
10488.61206  
10467.6645  
10516.70027  
10591.28263  
10588.73385  
10567.72641  
10575.80884  
10498.80942  
10524.17273  
10528.46515  
10523.40121  
10546.78347  
10485.05489  
10496.10296  
10501.57458  
10540.75198  
10560.20309  
10562.98089  
10523.33891  
10559.30675  
10558.04119  
10626.05428  
10626.21828  
10585.89453  
10547.02561  
10501.44793  
10522.25322  
10606.86286  
10527.30266  
10512.39441  
10483.182  
10464.52725  
10517.92271  
10563.5969  
10535.20894  
10537.28692  
10501.02892  
10467.49251  
10486.34276  
10564.10032  
10534.16014  
10532.30213  
10548.44303  
10496.33983  
10571.66075  
10589.43066  
10608.54869  
10594.49704  
10532.01547  
10513.92338  
10550.43076  
10571.09302  
10524.39745  
10527.10885  
10550.6195  
10575.57244  
10560.9563  
10479.37247  
10502.55022  
10552.33216  
10548.05641  
10566.4448  
10535.38522  
10507.35905  
10554.0122  
10578.16443  
10542.12557  
10524.26552  
10562.96604  
10551.4615  
10506.85407  
10526.76187  
10605.24408  
10534.04278  
10511.91267  
10557.34194  
10553.33544  
10550.62021  
10545.71001  
10557.20539  
10529.42105  
10545.95737  
10544.70897  
10555.58318  
10534.00964  
10602.26093  
10575.092  
10519.88546  
10526.80514  
10575.53454  
10516.99527  
10531.28206  
10576.75229  
10588.05428  
10557.88348  
10644.60294  
10528.0978  
10525.81658  
10491.35967  
10498.21709  
10541.06656  
10613.9224  
10572.33451  
10558.52248  
10555.05876  
10580.8719  
10555.8347  
10480.8201  
10477.08583  
10520.74862  
10496.47658  
10452.25098  
10502.43801  
10532.00701  
10512.76118  
10467.30128  
10485.33865  
10563.4003  
10550.97269  
10568.92876  
10556.46199  
10559.36655  
10549.43389  
10554.25411  
10513.4311  
10496.32072  
10548.77203  
10565.66575  
10549.08687  
10506.25285  
10515.20474  
10577.58043  
10537.15149  
10510.45819  
10495.81555  
10543.30718  
10588.06182  
10528.73856  
10513.74211  
10550.96129  
10532.69937  
10532.35855  
10580.32564  
10546.27014  
10541.81588  
10556.37998  
10621.26801  
10590.20078  
10509.25504  
10558.82431  
10577.68795  
10551.55449  
10565.40689  
10543.26153  
10538.49431  
10530.27387  
10555.75202  
10560.21218  
10522.51936  
10555.87033  
10519.75364  
10506.17736  
10515.21108  
10466.47391  
10473.43066  
10497.16476  
10501.46108  
10505.72559  
10561.96052  
10605.08429  
10590.18195  
10584.08902  
10604.60251  
10515.83154  
10519.14752  
10537.95333  
10520.27982  
10583.54086  
10585.81937  
10509.51332  
10568.36928  
10534.46436  
10586.70379  
10544.49515  
10528.69666  
10582.33848  
10574.71777  
10555.15259  
10581.17702  
10555.85059  
10527.91926  
10603.9583  
10564.19648  
10510.32693  
10569.74464  
10560.33983  
10489.901  
10511.61097  
10550.70647  
10527.99833  
10499.83695  
10524.16358  
10496.91805  
10478.34962  
10545.58806  
10531.60742  
10488.99237  
10493.43747  
10518.59856  
10514.91681  
10499.37072  
10553.20604  
10546.55432  
10539.56599  
10622.48309  
10575.40813  
10515.93993  
10525.66854  
10529.23593  
10590.57265  
10548.82975  
10547.89036  
10551.78189  
10492.92386  
10550.75152  
10530.78429  
10515.1576  
10584.1665  
10530.76446  
10542.60038  
10546.15044  
10600.91977  
10594.05539  
10601.11948  
10612.26663  
10553.59676  
10522.92453  
10550.49952  
10532.17998  
10498.21008  
10541.85011  
10531.57881  
10562.5248  
10574.75572  
10548.22786  
10540.68569  
10498.83553  
10551.2669  
10549.45816  
10504.38359  
10545.40118  
10545.03686  
10535.81817  
10480.24623  
10548.42288  
10526.79725  
10468.09532  
10535.96244  
10463.80819  
10540.26318  
10567.39408  
10505.28224  
10619.65194  
10566.95219  
10522.52539  
10615.53282  
10538.80709  
10549.77127  
10523.51496  
10503.58512  
10529.36978  
10479.44514  
10534.06075  
10490.09364  
10482.49054  
10541.5816  
10477.84105  
10517.16047  
10576.08947  
10565.00047  
10597.19046  
10542.64675  
10617.39529  
10567.85877  
10557.14481  
10547.60455  
10538.50062  
10558.30824  
10553.2021  
10607.60528  
10579.67277  
10569.73284  
10571.13449  
10532.28398  
10527.43587  
10493.78965  
10514.37156  
10534.29021  
10580.44778  
10584.76282  
10588.61578  
10590.60135  
10562.65907  
10582.50357  
10552.53478  
10547.66115  
10559.65451  
10555.90467  
10533.64067  
10563.05633  
10552.70857  
10550.00245  
10547.25899  
10528.01834  
10542.13828  
10499.57789  
10519.09559  
10520.97166  
10538.38281  
10488.7609  
10515.65371  
10546.29354  
10541.42243  
10576.0302  
10547.85564  
10573.96794  
10551.164  
10552.37492  
10555.44082  
10569.69953  
10551.41164  
10563.73837  
10605.10747  
10584.33743  
10582.4718  
10548.00078  
10590.35782  
10554.73233  
10545.77902  
10541.01327  
10517.01335  
10586.14645  
10572.23016  
10521.34372  
10551.55917  
10522.19979  
10567.89283  
10527.02014  
10522.20206  
10553.39571  
10571.75341  
10575.71328  
10573.35528  
10521.25921  
10567.48331  
10569.67417  
10521.6093  
10517.01082  
10521.38917  
10527.54075  
10547.30597  
10514.86071  
10494.11654  
10465.50777  
10517.85055  
10528.4534  
10498.52209  
10549.59586  
10525.87449  
10546.09411  
10529.04432  
10499.38504  
10502.44378  
10528.4492  
10462.46579  
10492.46895  
10518.39428  
10470.63117  
10523.84739  
10549.90665  
10510.08701  
10552.15033  
10567.67857  
10510.26634  
10569.12116  
10556.74526  
10519.82061  
10530.46866  
10500.77409  
10526.83868  
10551.73518  
10488.74806  
10532.9816  
10532.35221  
10507.60581  
10526.1503  
10517.13845  
10524.21596  
10562.05182  
10514.92415  
10555.89996  
10569.7828  
10530.36465  
10547.45416  
10560.80976  
10539.28037  
10578.37371  
10576.80628  
10584.25033  
10553.95275  
10516.21357  
10550.55304  
10516.95977  
10534.68993  
10583.08412  
10542.12283  
10576.23707  
10546.25518  
10526.84443  
10560.60209  
10543.17719  
10562.7351  
10532.56904  
10555.48334  
10553.68107  
10540.29309  
10547.8448  
10529.7954  
10556.62374  
10545.05106  
10534.48983  
10557.4003  
10606.86919  
10570.72895  
10533.78654  
10522.98296  
10526.88325  
10507.38194  
10523.65472  
10532.48416  
10519.34815  
10547.26997  
10564.63918  
10554.52293  
10569.60452  
10535.78322  
10584.6527  
10544.09022  
10576.99943  
10522.82084  
10518.69604  
10568.84975  
10549.48245  
10561.37968  
10516.27458  
10521.16051  
10553.21695  
10550.76803  
10512.64435  
10508.32124  
10566.3458  
10495.33043  
10515.16141  
10502.50631  
10522.2414  
10528.48434  
10526.52458  
10558.05025  
10533.46962  
10577.4463  
10582.42747  
10547.7473  
10553.24772  
10525.60601  
10561.91561  
10528.42828  
10553.09443  
10550.57551  
10533.46002  
10513.83133  
10517.28954  
10553.95216  
10546.17389  
10573.82958  
10550.87976  
10601.07695  
10557.4295  
10563.92468  
10544.30652  
10534.64152  
10516.08071  
10551.25124  
10562.88725  
10556.32851  
10556.33508  
10539.46125  
10493.76789  
10509.19778  
10565.67697  
10464.33901  
10523.11333  
10490.51979  
10523.02421  
10548.3715  
10530.2475  
10542.95819  
10573.13923  
10499.71258  
10522.26043  
10492.85519  
10562.74564  
10590.00276  
10572.45201  
10535.66741  
10577.65558  
10571.80303  
10550.95051  
10578.98645  
10549.13486  
10604.42206  
10522.08439  
10549.70125  
10532.49487  
10494.67329  
10555.28556  
10562.86542  
10533.51355  
10578.53102  
10530.83053  
10554.64534  
10547.49363  
10536.84772  
10538.25805  
10528.86055  
10546.19155  
10542.84755  
10562.77666  
10545.79847  
10572.27923  
10482.60076  
10533.37553  
10549.25812  
10507.4001  
10566.83668  
10543.00062  
10567.73833  
10586.25685  
10517.3528  
10506.68823  
10496.55587  
10567.61046  
10544.9756  
10518.96177  
10561.2629  
10555.48668  
10557.05849  
10558.74585  
10524.20407  
10597.22997  
10535.53652  
10533.43725  
10502.95531  
10535.55756  
10556.39284  
10516.12151  
10540.84967  
10530.43936  
10504.89438  
10535.04019  
10545.98586  
10555.76704  
10560.14343  
10543.66461  
