11025.37802  
10871.95074  
10828.09749  
10812.53115  
10778.92295  
10751.91128  
10771.83134  
10762.79664  
10735.43626  
10724.76279  
10724.73954  
10674.31724  
10701.53782  
10692.53263  
10640.84242  
10640.69877  
10616.38307  
10626.06655  
10563.77141  
10582.93502  
10688.65084  
10670.6517  
10703.92616  
10716.61216  
10706.85244  
10724.67583  
10685.11176  
10709.00279  
10716.87059  
10707.62593  
10712.68914  
10730.79864  
10724.65077  
10736.19693  
10755.14782  
10758.00519  
10717.47606  
10726.45253  
10737.07288  
10659.90106  
10711.07903  
10694.256  
10687.88293  
10740.11342  
10758.72113  
10782.86464  
10720.89744  
10699.46377  
10682.26758  
10707.61469  
10663.72108  
10661.93636  
10685.59406  
10720.86283  
10638.11745  
10736.9491  
10689.35733  
10763.21246  
10715.69467  
10699.09349  
10705.19267  
10701.94255  
10712.15837  
10726.18645  
10685.65966  
10746.21506  
10764.96503  
10744.943  
10706.96463  
10773.23809  
10776.49867  
10750.49738  
10748.18116  
10766.55283  
10746.75314  
10710.00324  
10741.11497  
10746.83013  
10738.24995  
10696.43817  
10674.95989  
10694.77484  
10756.49898  
10729.54604  
10714.19169  
10690.81131  
10712.02758  
10722.03785  
10729.15001  
10743.9915  
10750.24035  
10732.56424  
10740.43224  
10717.3543  
10744.81581  
10749.95975  
10730.50769  
10721.67199  
10711.94569  
10696.49424  
10706.83446  
10686.63448  
10698.3055  
10690.58203  
10703.56664  
10716.51422  
10714.80216  
10663.88079  
10674.86916  
10681.72847  
10705.13272  
10738.65861  
10703.88855  
10745.251  
10704.67397  
10694.56519  
10742.88374  
10723.55807  
10703.14887  
10738.4057  
10719.9028  
10739.84442  
10757.34099  
10750.1194  
10787.58753  
10760.50224  
10764.93231  
10761.6421  
10729.4208  
10706.53435  
10714.98099  
10701.83013  
10749.24609  
10786.13901  
10796.15608  
10740.27634  
10714.80781  
10717.10092  
10716.83322  
10727.23407  
10727.01055  
10696.48904  
10687.14915  
10748.07384  
10727.41285  
10725.26834  
10723.71084  
10722.48145  
10657.67976  
10672.94846  
10743.47623  
10770.08825  
10768.71996  
10771.01672  
10723.7556  
10698.62984  
10785.14101  
10673.21794  
10731.48964  
10754.86276  
10735.59542  
10694.73716  
10749.34851  
10734.52058  
10742.08575  
10739.07784  
10735.46577  
10738.21792  
10720.75548  
10721.87876  
10741.9149  
10728.74757  
10778.53623  
10745.94619  
10758.23209  
10758.64734  
10776.33677  
10748.94893  
10748.93576  
10733.12452  
10684.27503  
10708.65892  
10723.9869  
10720.21692  
10668.32717  
10694.84206  
10756.751  
10720.14727  
10680.03054  
10703.48649  
10688.1125  
10633.8593  
10629.55724  
10708.97561  
10692.79738  
10611.92573  
10668.50438  
10659.27999  
10663.53404  
10678.29726  
10635.08086  
10757.19267  
10746.01436  
10680.59482  
10692.23607  
10760.64598  
10730.78087  
10755.28337  
10737.63817  
10682.80597  
10734.17359  
10695.0056  
10731.06891  
10732.05793  
10714.88796  
10762.89932  
10774.72825  
10707.61945  
10700.23597  
10727.36776  
10719.059  
10697.47375  
10695.88322  
10708.99397  
10696.14475  
10713.23414  
10715.36919  
10735.2782  
10771.67304  
10808.64389  
10737.96775  
10795.56922  
10746.11471  
10693.31245  
10694.57396  
10692.62071  
10687.33113  
10656.77553  
10737.75555  
10694.06019  
10702.94965  
10752.93221  
10721.03644  
10740.41409  
10772.34151  
10783.10435  
10761.11492  
10739.01732  
10736.43431  
10733.11152  
10757.95577  
10692.66401  
10692.26629  
10743.32015  
10747.03763  
10676.47397  
10729.8997  
10706.49376  
10709.08239  
10659.42928  
10658.93478  
10698.80655  
10692.10976  
10715.28673  
10751.71163  
10726.64467  
10731.14625  
10788.70036  
10751.81188  
10730.22142  
10753.4798  
10747.21863  
10762.79547  
10753.8569  
10784.6794  
10794.1956  
10785.98306  
10739.37688  
10752.63853  
10724.08613  
10735.14527  
10735.05614  
10674.41318  
10674.53494  
10646.96175  
10697.67695  
10707.81431  
10685.95536  
10672.71699  
10617.53246  
10688.02927  
10678.86828  
10686.18829  
10724.95584  
10791.34139  
10760.7933  
10784.99621  
10777.10625  
10752.47154  
10743.51741  
10755.17442  
10767.50071  
10769.60661  
10747.65311  
10704.86721  
10762.3356  
10700.63567  
10756.33627  
10771.69231  
10691.71623  
10709.47304  
10699.09489  
10699.92771  
10676.73123  
10660.93781  
10678.45898  
10635.78856  
10648.81576  
10652.83884  
10665.92104  
10668.97954  
10680.16964  
10660.25222  
10641.96982  
10696.60692  
10665.4501  
10751.02696  
10741.77277  
10731.36835  
10724.23526  
10698.69183  
10765.04476  
10764.15827  
10734.41637  
10729.52622  
10709.38005  
10691.39496  
10722.24552  
10741.67397  
10802.0676  
10797.55917  
10813.72194  
10789.12848  
10763.33363  
10795.44429  
10760.33565  
10809.61669  
10801.27799  
10799.4984  
10778.60761  
10784.7122  
10811.40425  
10789.83422  
10805.98261  
10714.59254  
10769.38303  
10790.7222  
10723.62586  
10675.78863  
10695.29799  
10648.9733  
10663.51289  
10619.39017  
10644.77689  
10652.37707  
10684.27618  
10715.22289  
10643.81343  
10548.67354  
10625.39825  
10650.05576  
10775.32534  
10784.46115  
10760.17878  
10737.91447  
10739.21034  
10695.27522  
10700.81922  
10736.58101  
10667.40899  
10664.99571  
10698.6456  
10765.61369  
10720.26539  
10697.80566  
10680.51401  
10688.67454  
10661.35352  
10690.23883  
10684.88836  
10697.03501  
10708.31922  
10687.98318  
10759.6573  
10764.92238  
10703.31641  
10768.99083  
10770.95229  
10763.57648  
10741.40689  
10767.96668  
10749.61514  
10738.92342  
10769.9683  
10758.57186  
10776.10194  
10771.62262  
10768.71992  
10747.5992  
10772.28656  
10728.57277  
10704.59568  
10740.61202  
10716.56443  
10772.28792  
10755.61883  
10731.66566  
10711.77453  
10728.50345  
10691.08713  
10715.17207  
10751.23773  
10739.40496  
10741.62359  
10735.56884  
10756.79611  
10737.90808  
10714.73071  
10696.50927  
10688.01019  
10744.44977  
10714.55412  
10747.95324  
10703.65515  
10687.57055  
10732.9461  
10665.9526  
10649.15177  
10694.77658  
10700.78204  
10680.81591  
10724.81795  
10775.33246  
10751.49383  
10757.23295  
10702.05912  
10690.94162  
10651.61311  
10613.26898  
10591.45853  
10539.63436  
10568.45494  
10583.91885  
10602.86557  
10587.03192  
10680.08679  
10689.15918  
10689.87562  
10686.37219  
10699.2329  
10707.45665  
10777.11709  
10771.5811  
10742.24543  
10734.83994  
10816.67135  
10791.74893  
10804.89432  
10770.513  
10785.14436  
10801.47468  
10716.87633  
10794.63929  
10768.23328  
10782.72792  
10760.56522  
10794.18817  
10770.9985  
10746.1361  
10700.74247  
10719.74693  
10733.67843  
10718.68593  
10760.60204  
10725.32048  
10738.12293  
10697.35768  
10670.884  
10696.88115  
10678.43483  
10680.44455  
10700.48547  
10738.94164  
10742.3457  
10723.87612  
10689.75179  
10681.24807  
10699.13296  
10738.0923  
10721.5535  
10757.07324  
10781.82212  
10770.34859  
10771.87471  
10793.85514  
10752.09144  
10685.55066  
10681.4158  
10762.35011  
10767.90382  
10784.72923  
10771.05605  
10694.07558  
10719.76019  
10737.31893  
10753.31445  
10763.50136  
10785.3861  
10726.51162  
10776.943  
10817.22604  
10780.19669  
10750.40901  
10736.66787  
10740.04352  
10732.52194  
10704.8225  
10726.69681  
10751.35097  
10695.25074  
10672.21646  
10737.76079  
10724.86473  
10736.45065  
10681.7772  
10664.16135  
10668.78616  
10739.00143  
10752.12941  
10748.425  
10717.79716  
10738.01384  
10716.60373  
10738.12081  
10769.75379  
10740.4854  
10752.92195  
10744.82005  
10751.19434  
10771.93033  
10785.8755  
10738.21225  
10732.57122  
10747.92712  
10742.72347  
10760.63534  
10730.61569  
10762.87533  
10723.5378  
10701.6874  
10701.16454  
10716.80088  
10706.50476  
10706.06903  
10705.78156  
10692.67597  
10690.83082  
10756.66139  
10714.94348  
10727.4164  
10735.79611  
10735.62236  
10710.61438  
10712.96775  
10699.29621  
10714.11828  
10726.18347  
10691.4945  
10712.40265  
10714.68478  
10735.08591  
10736.26622  
10713.92366  
10754.87376  
10696.33089  
10710.80855  
10700.17702  
10720.49388  
10668.46589  
10687.57779  
10709.10756  
10693.42076  
10650.73087  
10752.21842  
10747.17252  
10712.07086  
10707.12812  
10700.7511  
10712.82953  
10718.1058  
10747.12436  
10772.61769  
10743.23688  
10724.28918  
10746.5871  
10782.28073  
10733.23247  
10738.6997  
10749.46508  
10719.20339  
10713.68328  
10745.85137  
10671.15158  
10637.5283  
10639.5594  
10667.05762  
10644.69998  
10662.62362  
10730.71034  
10713.31124  
10703.92671  
10700.80085  
10690.73333  
10702.74569  
10669.95779  
10685.67931  
10693.46525  
10711.75781  
10718.19893  
10730.80254  
10720.23021  
10723.48123  
10718.82858  
10751.75291  
10754.43124  
10735.96992  
10712.4067  
10705.31026  
10755.67006  
10740.13793  
10731.22942  
10748.33903  
10717.51708  
10716.56464  
10762.90625  
10743.84063  
10726.04514  
10752.61409  
10728.63796  
10775.30207  
10757.23752  
10731.25181  
10700.85423  
10726.24838  
10711.40077  
10660.55459  
10726.3205  
10697.29959  
10687.17928  
10750.89089  
10708.20551  
10767.05171  
10755.91814  
10720.83858  
10738.66032  
10722.73873  
10687.89994  
10751.61864  
10732.54933  
10703.59992  
10724.72973  
10714.33265  
10752.68495  
10726.28785  
10724.84637  
10701.54168  
10671.95686  
10768.17838  
10715.51031  
10702.71346  
10733.11995  
10741.68967  
10768.18719  
10759.86762  
10772.8558  
10752.44729  
10752.94815  
10764.16428  
10741.09013  
10700.75791  
10710.87419  
10721.95667  
10721.53385  
10685.37152  
10725.09878  
10720.72671  
10743.10413  
10715.55793  
10768.78056  
10722.13791  
10719.32224  
10705.95729  
10763.04707  
10747.60337  
10799.99731  
10810.79707  
10738.28442  
10719.17376  
10667.28337  
10688.55338  
10716.66354  
10689.47642  
10710.20477  
10670.24943  
10733.77034  
10732.72632  
10752.73619  
10740.78787  
10757.28859  
10793.51181  
10740.74576  
10742.60192  
10664.32234  
10737.23561  
10654.88391  
10637.46118  
10634.23966  
10674.66621  
10697.74171  
10693.5862  
10733.67338  
10695.41864  
10694.17702  
10662.80797  
10684.70374  
10683.63319  
10721.62498  
10729.55278  
10762.35649  
10783.85411  
10778.75136  
10755.89375  
10833.16971  
