11483.10953  
11308.54211  
11248.4575  
11285.81223  
11292.91816  
11302.80393  
11275.87912  
11336.85209  
11301.7452  
11236.66135  
11227.45816  
11224.27717  
11276.39984  
11271.76916  
11274.10568  
11355.96715  
11266.11232  
11219.14059  
11231.37465  
11235.85834  
11300.84781  
11255.58514  
11289.70127  
11280.64568  
11222.6516  
11217.46285  
11168.5543  
11240.03371  
11305.225  
11347.67842  
11319.16439  
11353.58375  
11287.45926  
11231.36971  
11248.64096  
11289.97154  
11290.43572  
11324.94369  
11313.35602  
11269.78141  
11304.88818  
11285.21305  
11344.92486  
11286.35051  
11281.91793  
11226.26311  
11231.87281  
11187.18275  
11273.50959  
11300.82545  
11316.70801  
11267.54725  
11269.13529  
11274.68973  
11296.74736  
11273.60035  
11331.06143  
11268.33617  
11256.53932  
11242.81893  
11183.97035  
11254.92537  
11226.41781  
11236.10068  
11197.29018  
11194.27412  
11228.87305  
11157.36783  
11232.8368  
11203.66254  
11267.59861  
11213.28293  
11278.81549  
11259.9309  
11257.40066  
11321.815  
11254.73363  
11309.11193  
11279.34037  
11287.29156  
11301.2351  
11279.67436  
11320.72924  
11292.26352  
11285.47787  
11315.88355  
11265.38883  
11319.42553  
11277.99121  
11338.66934  
11303.57908  
11363.77695  
11362.7915  
11325.66109  
11321.43687  
11339.59824  
11308.84268  
11335.4316  
11336.47404  
11286.47486  
11275.79375  
11309.10309  
11239.14941  
11276.39781  
11258.65941  
11315.76562  
11291.16904  
11350.28062  
11353.0043  
11348.95682  
11377.87838  
11321.49549  
11332.02717  
11310.03738  
11310.13066  
11307.28881  
11277.7534  
11266.54045  
11250.37221  
11247.10912  
11180.21168  
11215.62248  
11249.24529  
11234.92451  
11255.16648  
11242.86779  
11195.65793  
11170.97123  
11243.67465  
11271.291  
11288.30461  
11250.66957  
11244.64187  
11253.34775  
11266.37502  
11257.82  
11325.67104  
11308.88896  
11284.50516  
11287.69205  
11263.89602  
11329.95404  
11271.86627  
11249.39781  
11249.57367  
11301.24865  
11287.67652  
11297.92895  
11343.15887  
11315.95148  
11265.32914  
11246.74742  
11291.19006  
11201.48844  
11221.81723  
11212.73686  
11294.79516  
11301.74729  
11261.55615  
11232.34377  
11343.26504  
11261.97367  
11316.01109  
11230.17512  
11324.91893  
11312.15965  
11330.56545  
11372.57797  
11274.33564  
11334.34658  
11312.22502  
11308.35145  
11360.81945  
11299.10076  
11249.70559  
11253.2185  
11264.77441  
11285.18303  
11248.86539  
11312.84904  
11275.16467  
11190.57313  
11241.72414  
11212.29941  
11271.61645  
11270.28875  
11246.80447  
11187.36545  
11139.94551  
11177.79904  
11185.39109  
11245.61943  
11275.91057  
11272.39857  
11244.60215  
11240.84145  
11225.15527  
11211.1367  
11189.01631  
11219.63113  
11247.4973  
11216.98648  
11292.84764  
11281.09184  
11313.15221  
11362.44691  
11270.09119  
11312.50586  
11271.02746  
11272.68926  
11297.52496  
11288.00033  
11309.86873  
11282.94816  
11276.34449  
11219.57244  
11230.17049  
11306.75338  
11402.79023  
11317.69643  
11334.48  
11285.34365  
11302.75596  
11366.98121  
11290.88416  
11356.86322  
11302.32066  
11325.1182  
11337.12012  
11280.7199  
11305.86617  
11256.33502  
11260.58559  
11267.82545  
11244.18514  
11264.47611  
11236.45057  
11296.65803  
11264.83826  
11255.31326  
11204.09568  
11255.19721  
11275.84766  
11279.49748  
11321.87049  
11213.22914  
11178.92271  
11208.90896  
11257.93777  
11288.38246  
11334.64328  
11342.96625  
11266.05459  
11282.44959  
11238.22264  
11258.18508  
11302.1416  
11297.28113  
11259.17266  
11259.31838  
11286.55213  
11307.34742  
11290.67033  
11303.27432  
11251.05637  
11259.42352  
11252.64154  
11219.35988  
11271.12818  
11238.08932  
11233.38631  
11299.12439  
11330.12801  
11373.40779  
11295.64445  
11372.11477  
11349.26826  
11302.33387  
11327.07275  
11244.01121  
11274.40662  
11300.22451  
11275.99602  
11290.52896  
11360.85922  
11262.20533  
11296.72023  
11272.11674  
11254.99646  
11210.3502  
11217.334  
11293.78598  
11299.80785  
11318.37145  
11333.99785  
11287.61611  
11292.80684  
11323.35145  
11314.2052  
11324.32002  
11279.03166  
11319.15121  
11266.64699  
11236.00041  
11222.93473  
11258.42701  
11305.60553  
11277.47723  
11330.88502  
11289.5015  
11290.94754  
11283.08318  
11300.0158  
11236.46941  
11216.83223  
11275.55822  
11317.23674  
11309.9784  
11270.61385  
11296.6573  
11255.90168  
11278.18822  
11279.03943  
11334.34918  
11332.80387  
11346.86129  
11313.42793  
11377.25145  
11324.28357  
11340.27873  
11226.09941  
11233.22168  
11176.38236  
11237.92695  
11225.10402  
11183.64693  
11248.35672  
11287.08953  
11160.29295  
11209.95869  
11283.09094  
11285.34461  
11282.25324  
11260.2007  
11271.30754  
11261.27033  
11284.75842  
11278.66246  
11278.33807  
11299.37451  
11273.60215  
11243.84707  
11248.56012  
11354.94404  
11391.4318  
11295.33055  
11341.51395  
11250.04885  
11273.14227  
11271.02014  
11228.24834  
11296.53789  
11221.08264  
11253.0541  
11281.6391  
11257.95648  
11306.35398  
11289.6067  
11280.58187  
11353.22754  
11290.1166  
11250.02598  
11251.98961  
11254.8109  
11226.38133  
11310.22717  
11313.4951  
11247.19555  
11236.94941  
11220.58367  
11304.15621  
11247.71684  
11215.52025  
11317.75619  
11240.12451  
11353.42322  
11276.83861  
11264.88451  
11266.71516  
11256.09004  
11323.88699  
11324.72549  
11321.00371  
11293.51543  
11224.08492  
11260.87197  
11235.29301  
11309.68102  
11246.6118  
11259.90881  
11219.73678  
11228.88109  
11279.94168  
11309.17121  
11206.25125  
11258.62582  
11279.83373  
11340.92883  
11286.68518  
11368.46102  
11260.64311  
11270.27861  
11260.37682  
11210.51783  
11211.6767  
11300.41621  
11303.47443  
11385.74375  
11350.71271  
11354.79787  
11386.73611  
11356.70965  
11301.44396  
11311.67379  
11275.08656  
11281.37393  
11300.99691  
11226.5434  
11290.62197  
11206.68609  
11307.6965  
11246.44805  
11288.34912  
11319.43133  
11295.93457  
11297.09221  
11283.13061  
11320.22947  
11304.46363  
11284.6509  
11279.9401  
11206.5649  
11197.90148  
11262.30021  
11281.7115  
11215.79779  
11233.13686  
11206.32941  
11203.50145  
11270.94748  
11230.66834  
11313.32342  
11243.67074  
11244.62809  
11269.76342  
11261.67568  
11251.74102  
11279.07818  
11277.21117  
11270.14062  
11263.60762  
11315.74783  
11324.52893  
11246.34877  
11280.42299  
11257.91838  
11278.30979  
11346.8593  
11331.02846  
11317.23158  
11381.57816  
11290.21646  
11292.94773  
11288.65025  
11335.17588  
11306.63082  
11314.95801  
11324.16307  
11304.3882  
11289.71045  
11387.65771  
11296.72619  
11289.04814  
11235.73061  
11219.58787  
11259.87297  
11206.41658  
11250.64707  
11358.90373  
11332.96031  
11254.13156  
11156.67729  
11196.79943  
11255.32395  
11192.41836  
11278.96469  
11344.51227  
11331.00666  
11386.47812  
11371.45209  
11399.22676  
11334.10459  
11231.93186  
11178.36801  
11194.60455  
11175.49252  
11166.74436  
11198.40498  
11210.54885  
11265.04551  
11285.2467  
11234.07973  
11216.76779  
11202.52484  
11184.86283  
11188.64064  
11219.86037  
11286.82373  
11246.12852  
11238.87961  
11296.39398  
11204.50846  
11237.98971  
11245.00791  
11239.46947  
11250.63084  
11257.72928  
11267.02617  
11269.50547  
11309.0649  
11277.59977  
11285.80078  
11279.92164  
11308.14766  
11238.51006  
11288.11654  
11275.41436  
11328.16287  
11268.68809  
11250.21615  
11287.69041  
11340.05432  
11227.16328  
11262.12758  
11285.92066  
11278.30738  
11305.02826  
11241.50846  
11313.6043  
11274.13623  
11270.56924  
11335.09633  
11237.48426  
11261.71191  
11181.62521  
11227.91959  
11313.36443  
11246.86207  
11238.98592  
11240.54949  
11265.66869  
11346.08959  
11282.09193  
11328.21902  
11344.7277  
11304.52129  
11308.12223  
11314.55688  
11276.11285  
11299.26656  
11278.49553  
11259.73957  
11286.7448  
11266.00541  
11382.46172  
11359.97307  
11338.41066  
11328.33361  
11353.00973  
11341.49781  
11396.56545  
11387.97158  
11321.58865  
11355.63113  
11356.96701  
11300.18418  
11347.2768  
11307.43307  
11297.77004  
11352.36428  
11287.25553  
11289.33166  
11275.2832  
11318.03869  
11320.374  
11304.74049  
11286.77365  
11320.37855  
11391.42086  
11449.199  
11365.90816  
11358.09775  
11244.15311  
11164.43225  
11234.20125  
11210.7292  
11306.18473  
11248.82654  
11227.89176  
11294.60854  
11262.04789  
11236.47842  
11275.06584  
11291.36469  
11266.84936  
11313.15209  
11287.12197  
11258.41773  
11294.93598  
11211.36801  
11201.09568  
11303.5948  
11272.84365  
11279.9443  
11292.91604  
11259.42594  
11319.92025  
11260.38887  
11303.72689  
11340.28021  
11296.55812  
11308.35656  
11277.991  
11320.15447  
11222.07135  
11261.04363  
11344.89162  
11349.04961  
11285.91021  
11161.75898  
11074.01326  
11095.30021  
11049.0102  
11028.40072  
11060.84871  
11074.6999  
11112.98781  
11175.06299  
11150.93977  
11185.33531  
11177.13727  
11173.31389  
11231.72041  
11316.18199  
11272.14008  
11304.77447  
11310.56275  
11306.14998  
11276.14236  
11303.78611  
11272.84406  
11269.17367  
11287.53586  
11265.79482  
11293.62977  
11302.10605  
11308.98566  
11343.86363  
11338.8999  
11356.08854  
11305.80303  
11285.93725  
11254.04221  
11258.57094  
11303.40229  
11300.2632  
11312.26797  
11332.95826  
11326.56316  
11266.22221  
11331.43756  
11344.66719  
11310.37611  
11337.97455  
11377.59494  
11323.98156  
11314.66053  
11374.81598  
11304.80377  
11350.46938  
11361.61273  
11283.14785  
11343.55646  
11284.25879  
11300.54146  
11275.70119  
11274.17264  
11296.60346  
11274.95041  
11197.18615  
11278.02271  
11227.19268  
11273.72297  
11277.17365  
11278.92104  
11306.86055  
11227.18889  
11213.69967  
11268.7273  
11234.04295  
11170.55148  
11194.97922  
11193.29795  
11193.65498  
11222.24504  
11203.83279  
11280.74789  
11324.92305  
11284.74402  
11296.22389  
11281.95949  
11318.71473  
11340.55602  
11336.4274  
