10623.43066  
10520.01071  
10466.76844  
10451.38465  
10490.59801  
10480.15205  
10420.96677  
10405.23938  
10375.75263  
10435.72727  
10364.10144  
10393.28421  
10350.87103  
10393.80327  
10395.58218  
10401.4375  
10419.56318  
10427.21931  
10389.47384  
10419.45194  
10413.48145  
10425.82324  
10435.69703  
10440.26518  
10397.81715  
10360.63252  
10354.54466  
10380.80951  
10414.8122  
10394.26746  
10393.99935  
10394.5113  
10401.24035  
10364.6021  
10408.69741  
10430.34508  
10413.20378  
10412.28409  
10395.39483  
10394.82392  
10409.19173  
10381.35257  
10398.07348  
10416.51518  
10460.21135  
10418.76992  
10406.17099  
10413.00988  
10419.41001  
10414.26059  
10390.52302  
10406.68599  
10384.63844  
10388.54013  
10409.30253  
10399.24183  
10392.31345  
10405.30232  
10392.52273  
10384.20144  
10436.7447  
10430.04889  
10435.30507  
10487.80711  
10481.44431  
10482.32327  
10501.29036  
10479.89122  
10458.57114  
10434.02157  
10438.20813  
10435.12352  
10426.28104  
10393.2951  
10408.77799  
10400.67306  
10413.35804  
10427.79297  
10390.55705  
10435.80123  
10407.33455  
10423.14003  
10490.65264  
10448.86855  
10446.42785  
10442.21035  
10396.82807  
10421.04063  
10448.66486  
10419.54329  
10442.15933  
10383.47263  
10354.91072  
10328.7286  
10333.56874  
10350.36846  
10357.09777  
10417.80265  
10411.79983  
10422.14672  
10431.64927  
10416.82158  
10406.87965  
10411.86997  
10430.24097  
10411.53069  
10431.02258  
10461.38406  
10456.11813  
10417.97239  
10417.83413  
10428.87672  
10438.41448  
10446.06573  
10405.6276  
10433.53954  
10427.23636  
10437.97926  
10420.54797  
10448.91323  
10438.06679  
10455.71618  
10451.87888  
10462.39163  
10431.90163  
10416.81827  
10420.40208  
10443.6205  
10418.77619  
10456.24097  
10457.98233  
10438.97165  
10410.49814  
10379.23618  
10360.72153  
10331.03149  
10400.35787  
10409.93679  
10381.51243  
10423.00695  
10405.29838  
10388.6717  
10397.86657  
10415.06223  
10431.13184  
10441.60283  
10471.98417  
10479.86222  
10468.61352  
10447.84659  
10436.51054  
10453.99713  
10451.73  
10419.08558  
10405.71665  
10414.1081  
10413.5657  
10466.3605  
10468.01725  
10440.45082  
10430.89335  
10466.74278  
10451.8043  
10471.49435  
10438.86325  
10447.70798  
10408.68827  
10400.31238  
10374.78732  
10383.27788  
10393.10923  
10415.28791  
10458.84801  
10464.55735  
10457.0844  
10438.67809  
10444.72816  
10431.25115  
10440.18942  
10458.60198  
10383.80078  
10360.85588  
10378.3819  
10403.64601  
10396.14175  
10406.36751  
10417.6622  
10428.0467  
10405.25115  
10423.37894  
10468.8779  
10434.44303  
10418.31223  
10430.42904  
10448.00793  
10429.38045  
10435.42125  
10496.7998  
10482.63429  
10494.19647  
10465.58671  
10440.28504  
10469.56425  
10449.24029  
10419.39799  
10388.02045  
10377.85307  
10380.58603  
10386.82025  
10350.4517  
10347.47183  
10373.56907  
10393.86852  
10365.57881  
10373.38385  
10378.01672  
10401.28714  
10376.55504  
10356.38997  
10378.50941  
10405.32304  
10422.48713  
10430.19943  
10405.9196  
10410.95919  
10427.45017  
10432.74035  
10431.96191  
10403.27273  
10363.91951  
10366.33428  
10416.1379  
10415.24287  
10447.31966  
10424.06055  
10428.85828  
10417.03226  
10422.08576  
10434.60138  
10406.44883  
10404.70484  
10453.99805  
10479.84268  
10473.77755  
10484.84363  
10505.90808  
10474.6311  
10456.52873  
10424.76267  
10436.23414  
10392.73331  
10457.1598  
10473.76571  
10464.47277  
10444.96851  
10460.3681  
10461.00897  
10401.45099  
10387.4657  
10392.52723  
10395.86186  
10425.06679  
10455.40687  
10430.96674  
10440.15545  
10445.72893  
10459.31422  
10478.69564  
10415.97076  
10446.38645  
10400.10059  
10376.85908  
10366.07733  
10342.32975  
10359.06283  
10347.97417  
10373.11159  
10386.33209  
10354.05229  
10347.56348  
10359.95472  
10403.32061  
10417.05143  
10409.84653  
10384.73254  
10415.19087  
10399.71419  
10447.51521  
10482.10585  
10467.44946  
10485.97946  
10476.81206  
10476.04877  
10457.87826  
10394.24334  
10371.48213  
10403.49964  
10396.42102  
10347.45197  
10375.71721  
10359.62169  
10379.18176  
10381.35485  
10398.145  
10431.83576  
10391.58268  
10375.07034  
10407.567  
10419.44339  
10474.05874  
10447.71689  
10427.54193  
10417.26628  
10375.04187  
10396.88258  
10403.17309  
10439.9515  
10436.35772  
10425.60236  
10440.22491  
10438.43602  
10465.53749  
10413.40223  
10421.26773  
10430.61322  
10422.5736  
10436.32694  
10431.91167  
10442.9586  
10425.00761  
10415.96949  
10426.5422  
10451.60044  
10470.51876  
10452.19019  
10454.67525  
10426.09517  
10442.54921  
10419.55413  
10409.61148  
10405.11053  
10413.92708  
10403.99275  
10414.45635  
10421.85787  
10415.71635  
10393.91412  
10391.42673  
10404.00334  
10409.4006  
10384.73455  
10372.97437  
10370.44854  
10389.38166  
10436.21112  
10363.84795  
10381.84011  
10388.43282  
10406.31863  
10431.30424  
10391.16803  
10416.83005  
10410.98204  
10459.15163  
10469.3695  
10471.67714  
10465.20162  
10470.98873  
10424.46026  
10388.19123  
10391.47852  
10408.71686  
10391.83324  
10427.36367  
10426.29924  
10420.61257  
10445.61633  
10435.19087  
10438.4417  
10440.32993  
10435.7442  
10431.53027  
10450.51929  
10480.46931  
10447.49811  
10464.89113  
10479.64421  
10436.462  
10396.2186  
10387.17664  
10422.09026  
10420.58635  
10428.12556  
10392.68102  
10403.01184  
10402.60502  
10356.51607  
10366.37536  
10356.90968  
10390.43339  
10445.1572  
10444.39864  
10466.91104  
10477.27657  
10473.75577  
10482.29563  
10456.93786  
10457.19212  
10444.062  
10420.99896  
10448.21171  
10466.38527  
10427.70526  
10422.40649  
10441.68291  
10451.77737  
10412.84973  
10432.92261  
10425.88938  
10455.49003  
10471.9074  
10457.36698  
10426.74565  
10368.56058  
10344.16939  
10391.49725  
10392.1717  
10421.38841  
10426.30487  
10410.71934  
10440.82747  
10435.4051  
10457.87968  
10438.44232  
10425.87325  
10429.28018  
10415.83934  
10395.3956  
10429.9697  
10417.33135  
10407.03717  
10406.91125  
10425.15252  
10410.84467  
10435.81821  
10389.89607  
10413.06419  
10385.81762  
10395.4428  
10390.27122  
10350.1656  
10354.97195  
10418.56827  
10372.28078  
10422.06445  
10411.18931  
10365.01287  
10391.07821  
10404.67433  
10403.97751  
10412.81573  
10420.90977  
10400.55578  
10376.40134  
10367.96295  
10358.5485  
10416.89344  
10386.81108  
10433.53714  
10432.37172  
10399.7571  
10416.23139  
10359.71937  
10334.09715  
10348.13607  
10386.29983  
10461.71221  
10447.48884  
10447.77388  
10435.9565  
10436.99926  
10452.91433  
10455.95514  
10423.7458  
10466.32259  
10407.56389  
10467.44084  
10466.83993  
10478.88382  
10474.43303  
10459.78877  
10438.06209  
10425.46964  
10431.17421  
10439.90723  
10452.51542  
10448.56256  
10417.58354  
10433.30185  
10447.3592  
10455.45579  
10461.89459  
10443.83993  
10480.14755  
10462.2774  
10451.81913  
10422.1661  
10454.31581  
10435.2236  
10445.70487  
10462.54362  
10483.20265  
10445.93493  
10493.66285  
10429.17661  
10418.66122  
10445.51267  
10438.60878  
10431.54152  
10413.83144  
10439.02246  
10428.76678  
10428.85103  
10397.15365  
10374.1556  
10358.84872  
10347.44744  
10375.98438  
10349.40598  
10349.0802  
10396.86879  
10388.09375  
10422.28516  
10414.00237  
10394.01882  
10436.74003  
10436.80448  
10431.96005  
10440.16388  
10449.44658  
10382.50944  
10400.47337  
10364.07073  
10412.23837  
10384.38104  
10343.17738  
10375.51098  
10384.21194  
10335.57377  
10381.50772  
10398.36284  
10423.02438  
10453.80797  
10437.99562  
10430.18229  
10439.61562  
10486.08076  
10445.85094  
10436.68611  
10414.10434  
10418.60645  
10395.4544  
10324.44833  
10321.72582  
10392.86109  
10374.31987  
10382.85837  
10415.87811  
10403.13228  
10430.48473  
10444.2017  
10426.03075  
10421.89048  
10450.75666  
10452.24893  
10450.30031  
10423.98535  
10427.67815  
10451.41829  
10428.80913  
10445.11071  
10442.41735  
10445.83496  
10438.15631  
10423.875  
10430.21484  
10462.99441  
10437.17895  
10418.264  
10417.23139  
10434.2882  
10415.20203  
10391.80525  
10351.44392  
10354.71547  
10365.37908  
10407.23757  
10397.15649  
10409.36115  
10399.33179  
10433.56315  
10437.45422  
10474.8935  
10450.17874  
10457.98988  
10460.5045  
10461.41892  
10399.03501  
10377.55756  
10402.29075  
10457.24426  
10439.71899  
10398.81291  
10373.99728  
10395.91646  
10403.48488  
10409.19617  
10383.81383  
10441.99876  
10450.37319  
10454.15658  
10482.12518  
10507.67173  
10465.75657  
10479.01394  
10457.08671  
10492.09224  
10470.60639  
10461.07259  
10437.08363  
10445.56525  
10474.05069  
10443.39643  
10457.89199  
10429.96313  
10431.8655  
10460.65625  
10504.09289  
10480.12908  
10471.08138  
10456.34106  
10437.36438  
10417.68933  
10380.18857  
10347.98784  
10380.42176  
10388.8534  
10376.48263  
10420.294  
10425.77329  
10414.98002  
10378.93268  
10320.53507  
10332.49787  
10310.34878  
10350.03664  
10344.39151  
10335.91448  
10325.0045  
10323.8236  
10348.7761  
10349.52634  
10314.03601  
10337.58697  
10329.77811  
10346.97751  
10341.20372  
10318.39897  
10383.73846  
10386.11393  
10374.79717  
10407.80398  
10411.5361  
10385.84416  
10397.13207  
10429.54344  
10417.09337  
10447.93164  
10439.06191  
10401.76518  
10406.36615  
10433.61991  
10422.53016  
10432.06463  
10466.75781  
10426.47094  
10474.2176  
10425.68655  
10461.92969  
10457.24089  
10475.42173  
10485.11272  
10477.05877  
10440.85331  
10451.78199  
10454.70665  
10445.54415  
10458.43806  
10426.35325  
10458.9507  
10476.20712  
10444.60911  
10415.68368  
10401.26423  
10444.55637  
10409.58594  
10432.30324  
10414.29906  
10401.52592  
10413.6363  
10397.33283  
10427.76264  
10456.4955  
10446.44348  
10432.50766  
10405.98056  
10415.75157  
10386.18697  
10394.70437  
10377.75669  
10374.79519  
10401.29948  
