10449.04812  
10368.21114  
10268.86928  
10334.92133  
10335.10826  
10371.31  
10305.97011  
10317.13109  
10285.70508  
10262.8187  
10320.75543  
10272.28382  
10239.16504  
10322.00204  
10279.4901  
10310.62829  
10359.157  
10304.3733  
10347.86646  
10354.00534  
10267.77294  
10312.10881  
10272.34511  
10329.10099  
10283.67735  
10262.50531  
10318.4878  
10286.17989  
10294.53765  
10294.17292  
10257.27196  
10304.78488  
10328.90505  
10299.62825  
10301.69347  
10309.39805  
10338.02087  
10300.77441  
10314.73181  
10295.28068  
10310.0687  
10344.12809  
10308.70431  
10309.2145  
10330.68425  
10298.48476  
10328.26665  
10308.75897  
10320.42394  
10370.18473  
10330.18012  
10351.16617  
10317.71146  
10313.25606  
10330.75886  
10261.55171  
10303.84341  
10330.55778  
10275.19059  
10290.88502  
10298.54663  
10287.7428  
10325.06132  
10288.3532  
10280.26803  
10318.89324  
10304.82715  
10272.84916  
10328.51953  
10290.2815  
10268.95406  
10326.76324  
10328.59813  
10286.56148  
10317.66009  
10298.85522  
10306.26492  
10338.03929  
10311.285  
10316.90039  
10354.79703  
10381.68119  
10347.02471  
10330.35361  
10325.88438  
10309.88293  
10331.56711  
10372.12875  
10317.2056  
10328.28057  
10342.23656  
10338.28463  
10311.13517  
10338.79052  
10344.06463  
10304.80503  
10322.25788  
10320.39103  
10288.20119  
10322.81166  
10291.07083  
10315.76433  
10322.8939  
10275.85463  
10254.66395  
10362.2795  
10293.70476  
10261.70985  
10261.84641  
10244.62003  
10230.98596  
10263.1342  
10273.74836  
10321.25243  
10326.942  
10294.96042  
10295.86569  
10337.09532  
10326.48896  
10290.55628  
10356.96407  
10296.78475  
10300.78893  
10339.74023  
10304.5451  
10333.466  
10392.95508  
10317.61764  
10334.64496  
10308.82179  
10307.24362  
10362.26163  
10289.06865  
10299.52494  
10321.44059  
10310.15457  
10294.63472  
10332.39008  
10332.14707  
10270.29045  
10282.15523  
10309.82256  
10279.28039  
10324.37277  
10358.98726  
10331.91858  
10346.16434  
10369.32799  
10343.55085  
10302.73912  
10341.85545  
10346.82222  
10315.89024  
10269.83987  
10339.65888  
10318.52573  
10299.94708  
10313.53366  
10324.06368  
10283.4888  
10304.24859  
10301.05494  
10277.46664  
10281.0759  
10279.83587  
10300.74952  
10283.96598  
10278.75768  
10301.1872  
10324.00066  
10262.36923  
10280.7227  
10282.43466  
10332.83825  
10352.50938  
10300.11087  
10298.24028  
10336.11258  
10284.7495  
10289.47093  
10328.12718  
10336.02952  
10326.10036  
10332.033  
10360.74378  
10349.17308  
10310.374  
10337.2574  
10303.59523  
10303.86964  
10307.17387  
10307.84053  
10329.22379  
10298.94597  
10294.67297  
10314.18954  
10293.31068  
10322.34302  
10310.8891  
10290.66622  
10261.79592  
10280.41942  
10291.87087  
10326.76513  
10294.47522  
10314.82706  
10365.83412  
10317.20896  
10338.87595  
10366.95083  
10387.93239  
10355.20278  
10330.23522  
10322.08401  
10350.90296  
10287.10994  
10253.90995  
10304.57824  
10283.26229  
10237.37425  
10324.07143  
10316.46107  
10251.97538  
10334.70556  
10281.39773  
10284.69054  
10317.71391  
10298.65539  
10343.82622  
10319.7262  
10263.279  
10351.55169  
10295.83787  
10249.93291  
10334.16356  
10314.66772  
10301.9124  
10294.34588  
10291.3539  
10278.82472  
10259.97088  
10341.58117  
10329.69436  
10289.17049  
10341.09059  
10323.93007  
10311.60597  
10332.54286  
10333.49668  
10233.93439  
10255.47145  
10294.63299  
10264.64841  
10263.92122  
10306.3614  
10364.99896  
10344.00132  
10291.40929  
10274.9735  
10329.12268  
10312.03382  
10290.04633  
10302.59804  
10349.75849  
10331.82256  
10291.1213  
10317.2044  
10342.92696  
10341.30523  
10295.03686  
10260.28652  
10333.07302  
10301.22933  
10294.13379  
10338.88915  
10327.79038  
10306.05934  
10292.73726  
10330.70154  
10322.3728  
10292.22082  
10300.54821  
10337.62745  
10300.01833  
10289.52146  
10280.66979  
10320.11651  
10270.37137  
10263.53597  
10290.88654  
10282.44393  
10264.55519  
10319.26828  
10325.69713  
10269.56518  
10309.93959  
10290.77246  
10274.0164  
10339.89167  
10334.95408  
10302.65854  
10298.15348  
10357.47484  
10323.01503  
10304.07953  
10309.43793  
10310.55448  
10273.1143  
10298.35985  
10351.49232  
10320.64866  
10375.2852  
10321.2929  
10302.9196  
10305.62991  
10342.97995  
10306.31171  
10286.08664  
10356.58696  
10332.60599  
10314.65825  
10351.95365  
10313.69325  
10312.36135  
10329.71148  
10273.4447  
10257.10547  
10307.68991  
10282.84509  
10302.58616  
10323.20138  
10310.97179  
10365.98581  
10338.22647  
10278.85306  
10336.6183  
10355.06239  
10339.19375  
10392.12813  
10315.20081  
10303.88154  
10336.62539  
10279.25579  
10278.71784  
10308.93214  
10252.94331  
10258.3026  
10312.83455  
10295.23042  
10299.04735  
10344.0895  
10287.8703  
10299.7552  
10331.83214  
10282.97611  
10281.63318  
10313.95755  
10298.68682  
10299.18114  
10289.18182  
10344.35978  
10277.56881  
10280.36964  
10309.71419  
10303.76776  
10310.47738  
10340.13002  
10315.24816  
10308.11832  
10329.25665  
10301.99391  
10291.07347  
10354.0657  
10315.61355  
10294.38604  
10333.53643  
10328.51478  
10283.2621  
10313.44347  
10345.07108  
10309.23358  
10321.68062  
10348.82619  
10328.69945  
10291.51151  
10322.21214  
10332.5494  
10332.05573  
10308.0588  
10284.32331  
10356.17639  
10289.0489  
10301.83739  
10342.89571  
10337.9725  
10284.26458  
10269.61644  
10300.98469  
10313.71655  
10291.05884  
10267.13136  
10351.16272  
10363.70258  
10329.63833  
10317.11405  
10325.60599  
10350.47731  
10297.14321  
10291.34309  
10377.86158  
10337.71298  
10303.24405  
10301.80112  
10361.35938  
10319.54172  
10283.13077  
10293.12938  
10329.88933  
10338.77457  
10294.67185  
10309.39764  
10336.54524  
10305.07043  
10314.25034  
10330.89439  
10298.71675  
10278.5851  
10372.83975  
10311.40134  
10282.67033  
10282.0469  
10352.60417  
10272.20045  
10299.17932  
10325.42376  
10321.09557  
10284.99653  
10290.18471  
10349.78688  
10300.36907  
10280.91177  
10322.21017  
10305.58937  
10274.37738  
10307.77171  
10361.28504  
10307.08294  
10367.0575  
10331.60642  
10308.93609  
10389.14058  
10374.47981  
10311.13951  
10291.68686  
10355.34648  
10302.42108  
10267.91615  
10340.49394  
10341.76803  
10287.3472  
10321.45939  
10337.96039  
10272.77564  
10280.3428  
10285.21114  
10328.49026  
10303.25711  
10321.71419  
10315.04463  
10331.72347  
10279.2512  
10271.04767  
10338.00797  
10316.36006  
10323.5342  
10342.31046  
10334.70306  
10306.9281  
10343.24689  
10332.33339  
10293.66826  
10312.15916  
10339.21182  
10288.12527  
10304.83846  
10316.1143  
10333.55319  
10314.43807  
10325.07753  
10350.40936  
10315.86855  
10287.25041  
10366.20871  
10303.14987  
10277.69899  
10287.44802  
10280.31327  
10344.07619  
10312.60658  
10268.50618  
10289.30024  
10338.22222  
10289.13681  
10278.31938  
10317.79215  
10288.96339  
10285.49421  
10276.82404  
10358.28784  
10333.25057  
10271.21062  
10271.21182  
10314.53384  
10282.86162  
10251.50634  
10363.89294  
10292.07447  
10287.61764  
10338.57535  
10333.27189  
10323.6362  
10332.82308  
10352.16429  
10307.97758  
10278.74298  
10317.54102  
10319.22797  
10331.52991  
10300.06879  
10359.28684  
10293.49473  
10291.36294  
10369.19329  
10349.35651  
10302.39042  
10334.26351  
10356.82415  
10322.64287  
10314.34241  
10352.17092  
10319.49196  
10316.11542  
10349.22032  
10302.05317  
10258.13935  
10295.47845  
10294.41763  
10292.99087  
10295.48356  
10319.33566  
10319.36433  
10327.15455  
10364.46841  
10315.83953  
10304.59055  
10315.52269  
10338.28643  
10342.48794  
10308.45526  
10322.84981  
10333.61467  
10331.46541  
10277.27784  
10272.34943  
10285.40153  
10269.24305  
10273.934  
10326.59861  
10347.34377  
10347.46375  
10383.24964  
10329.38018  
10304.42192  
10350.22936  
10315.57411  
10296.79615  
10339.12532  
10270.44518  
10344.05292  
10296.67174  
10304.63656  
10342.30585  
10301.86789  
10329.74839  
10355.74191  
10284.59282  
10291.42258  
10321.53527  
10319.49509  
10274.74239  
10342.77387  
10331.28541  
10311.02596  
10351.84123  
10322.8879  
10359.46553  
10371.11864  
10285.91518  
10279.61801  
10338.39901  
10309.51276  
10288.94275  
10359.38633  
10304.48288  
10263.03822  
10298.40957  
10322.28264  
10297.91347  
10281.4799  
10325.77984  
10265.84761  
10276.87421  
10317.58464  
10310.39212  
10295.39376  
10274.06915  
10319.17753  
10321.56368  
10283.27242  
10338.63483  
10312.72413  
10281.04519  
10270.45392  
10331.58099  
10331.68745  
10289.24496  
10277.08698  
10307.53618  
10293.11237  
10278.17649  
10281.28838  
10295.09695  
10285.40323  
10277.60458  
10334.43282  
10259.40932  
10295.33239  
10345.34786  
10307.67442  
10336.89405  
10378.27033  
10330.18566  
10330.93807  
10332.09609  
10307.04052  
10286.11428  
10343.90984  
10328.22758  
10361.15271  
10363.94209  
10284.28345  
10329.83514  
10284.2435  
10326.91293  
10326.52644  
10326.7247  
10315.39789  
10355.47852  
10298.16922  
10330.82912  
10260.23785  
10324.04792  
10314.26774  
10314.30403  
10340.3936  
10289.93035  
10270.5779  
10315.99344  
10300.32311  
10266.10263  
10329.91627  
10295.19876  
10264.78516  
10319.84202  
10310.82483  
10308.37007  
10344.89492  
10307.85806  
10318.89306  
10321.66118  
10302.85197  
10335.81557  
10331.94767  
10306.31645  
10348.02707  
10301.00615  
10306.91701  
10359.77196  
10298.33673  
10297.22961  
10272.9187  
10297.80469  
10330.80448  
10300.58378  
10375.78856  
10319.72652  
10284.71409  
10289.3812  
10260.91967  
10313.02948  
10305.57158  
10307.02058  
10354.08485  
10310.60249  
10317.93294  
10340.58228  
10290.36473  
10306.43187  
