10855.13077  
10780.21417  
10726.41376  
10735.69992  
10732.57259  
10754.12305  
10759.90007  
10726.48465  
10753.00077  
10736.06496  
10717.81208  
10777.81845  
10763.36007  
10746.09017  
10801.94252  
10769.47633  
10762.49075  
10790.45678  
10780.67206  
10791.99433  
10755.37202  
10798.11858  
10741.08405  
10753.2567  
10769.97659  
10753.25323  
10742.11384  
10769.19838  
10773.8085  
10734.97012  
10775.5316  
10819.26716  
10760.15562  
10764.69903  
10758.1748  
10754.57052  
10737.93683  
10773.21205  
10773.37288  
10721.46959  
10739.12884  
10753.93266  
10758.65511  
10784.96431  
10793.24716  
10756.99854  
10777.36642  
10751.47826  
10697.55292  
10750.11061  
10742.86837  
10757.34547  
10783.3202  
10782.46915  
10786.92753  
10767.64195  
10808.99651  
10745.57819  
10735.39197  
10753.63353  
10782.89883  
10752.23477  
10765.73835  
10785.13753  
10748.992  
10723.62049  
10763.58375  
10764.53799  
10767.54381  
10792.252  
10797.91481  
10764.10503  
10794.06882  
10793.69329  
10800.25612  
10777.80992  
10788.39249  
10789.42901  
10740.72017  
10768.94338  
10777.66081  
10778.11075  
10770.17569  
10777.62623  
10773.22612  
10748.57324  
10739.52704  
10721.90946  
10700.59417  
10778.6689  
10754.17573  
10754.31455  
10784.93913  
10751.6848  
10764.25498  
10747.86375  
10743.31724  
10760.78339  
10771.3285  
10769.99035  
10747.94461  
10752.04527  
10773.33245  
10723.81334  
10751.52253  
10774.24293  
10748.64618  
10768.78437  
10756.50233  
10763.27255  
10755.78025  
10754.77469  
10787.22496  
10760.51553  
10802.95887  
10794.01214  
10742.31313  
10721.20094  
10730.88491  
10714.37237  
10743.94296  
10750.60135  
10744.04197  
10793.56745  
10783.68613  
10782.75651  
10753.03616  
10743.39272  
10751.9372  
10718.37226  
10734.58836  
10756.54325  
10762.3078  
10754.86951  
10782.02702  
10746.87267  
10762.17318  
10761.53606  
10749.11126  
10750.74184  
10794.04808  
10781.50949  
10755.39781  
10830.68169  
10796.31634  
10795.0752  
10813.54904  
10793.53667  
10809.62405  
10773.25935  
10779.89111  
10805.59512  
10778.18311  
10807.97803  
10805.31101  
10761.45661  
10731.86619  
10729.33998  
10729.7766  
10716.61282  
10739.26569  
10776.32647  
10745.68459  
10781.05627  
10781.48193  
10753.97273  
10795.48982  
10782.41155  
10780.6635  
10795.25767  
10810.25525  
10811.4721  
10784.17501  
10773.06806  
10741.66546  
10697.99879  
10712.43231  
10722.53862  
10708.24458  
10738.14986  
10756.75663  
10757.0648  
10765.87893  
10756.02088  
10762.27586  
10773.80918  
10750.878  
10772.30194  
10729.06364  
10740.96598  
10744.20431  
10716.63163  
10721.1666  
10735.16915  
10753.46373  
10741.22968  
10761.91088  
10767.61151  
10750.25293  
10765.24867  
10757.37688  
10720.21303  
10780.67664  
10772.13739  
10755.20896  
10780.73312  
10782.46863  
10795.93557  
10767.23156  
10775.59489  
10781.11407  
10779.49633  
10790.40525  
10775.0735  
10766.89579  
10759.49472  
10763.57003  
10766.70278  
10762.79518  
10758.92122  
10718.20273  
10760.72456  
10754.7045  
10745.44241  
10757.91999  
10787.33598  
10742.0117  
10737.84091  
10565.849  
10802.36695  
10732.25921  
10756.74663  
10711.91425  
10725.08259  
10755.67718  
10750.92985  
10759.96154  
10736.8633  
10765.50891  
10737.53655  
10741.28816  
10681.69971  
10739.25895  
10727.14062  
10720.15934  
10786.49791  
10726.23079  
10756.84812  
10748.67632  
10768.30271  
10824.37619  
10806.14204  
10766.79925  
10754.64562  
10743.28995  
10655.3783  
10730.21903  
10746.04585  
10748.74207  
10756.15727  
10777.75053  
10791.54641  
10758.58131  
10750.6925  
10775.23575  
10765.55146  
10731.32622  
10777.22866  
10778.46103  
10743.0123  
10788.87449  
10803.09917  
10730.19092  
10712.92671  
10698.99716  
10756.37874  
10748.36184  
10809.64528  
10796.19573  
10787.98665  
10779.99051  
10796.73482  
10804.34084  
10779.3627  
10812.62914  
10829.12012  
10775.42783  
10770.08577  
10748.82901  
10771.16569  
10709.86888  
10768.90232  
10784.01151  
10755.9581  
10798.18394  
10782.85256  
10759.02072  
10769.03518  
10768.78451  
10745.12419  
10750.73168  
10754.75007  
10759.9884  
10776.03411  
10777.10838  
10755.71961  
10751.8919  
10772.1818  
10769.84838  
10760.44908  
10749.38023  
10796.13674  
10766.68927  
10766.4737  
10757.47847  
10760.37509  
10741.30962  
10795.83038  
10781.33289  
10750.93027  
10837.34545  
10804.69675  
10754.71896  
10776.98882  
10762.79529  
10769.76842  
10754.3351  
10778.65537  
10786.75598  
10799.26156  
10772.4385  
10752.66453  
10730.22031  
10719.56157  
10731.88432  
10769.37181  
10748.84477  
10787.88044  
10805.10486  
10772.00774  
10780.98135  
10801.93927  
10779.33424  
10762.41799  
10767.16243  
10759.80071  
10773.33231  
10769.96675  
10775.11133  
10799.98598  
10784.98465  
10816.10107  
10800.22628  
10753.32945  
10769.02527  
10758.38146  
10738.94213  
10758.17413  
10752.39169  
10756.42941  
10728.6293  
10731.88535  
10757.96731  
10741.01472  
10743.10382  
10729.03448  
10712.92748  
10711.1356  
10706.41392  
10716.16139  
10712.23598  
10739.3341  
10758.34852  
10759.741  
10742.46291  
10790.49774  
10778.53506  
10760.4325  
10772.00281  
10749.30643  
10754.40134  
10748.09054  
10760.50416  
10773.34575  
10758.41762  
10824.19722  
10766.71712  
10759.07675  
10780.68073  
10737.80731  
10735.23284  
10760.03688  
10754.42773  
10765.629  
10732.86965  
10786.71924  
10782.92636  
10750.40074  
10780.24672  
10758.91267  
10717.50474  
10762.15339  
10759.46401  
10733.37019  
10815.263  
10790.47875  
10783.34796  
10765.06887  
10795.21361  
10802.66067  
10774.80234  
10784.69854  
10783.40672  
10796.83889  
10774.20459  
10769.5213  
10778.21877  
10770.13604  
10808.30713  
10784.237  
10749.20608  
10793.87351  
10779.78725  
10786.51732  
10752.96933  
10768.91399  
10752.16809  
10753.8444  
10775.64546  
10786.46501  
10746.81345  
10729.83617  
10773.69348  
10771.45622  
10730.84445  
10763.6725  
10783.99256  
10774.21584  
10783.29267  
10772.90037  
10772.93401  
10751.23763  
10758.6542  
10765.09087  
10767.2586  
10763.26177  
10760.26158  
10745.06464  
10716.57547  
10726.69989  
10750.31664  
10727.41176  
10797.03869  
10779.64418  
10770.9133  
10757.83445  
10759.65199  
10745.59626  
10746.58617  
10781.89495  
10789.94389  
10764.75898  
10775.33315  
10778.29794  
10769.72059  
10748.42146  
10755.05522  
10761.80632  
10763.24979  
10758.02053  
10748.71115  
10749.69266  
10785.65441  
10765.70933  
10753.88377  
10814.06659  
10807.91769  
10756.47391  
10813.39162  
10769.46177  
10755.24077  
10761.92153  
10738.56631  
10739.22775  
10750.7404  
10743.34628  
10767.99507  
10783.33082  
10777.31496  
10789.26279  
10781.76018  
10749.76074  
10787.07059  
10785.67973  
10743.18862  
10819.75402  
10796.16829  
10754.99447  
10781.58145  
10757.69045  
10757.64658  
10735.64518  
10772.41611  
10772.75221  
10742.96003  
10793.43541  
10809.92922  
10770.73537  
10813.36296  
10798.1426  
10744.87547  
10792.25628  
10773.05764  
10757.91815  
10756.24277  
10773.62893  
10768.3238  
10736.99082  
10774.80436  
10759.53048  
10758.25684  
10742.02686  
10743.84312  
10737.55259  
10670.24347  
10756.18169  
10746.83959  
10746.29701  
10783.47312  
10801.02232  
10820.46089  
10794.11847  
10764.0013  
10757.03399  
10741.20698  
10750.47191  
10695.65957  
10678.13214  
10691.11742  
10666.35279  
10692.09452  
10730.05334  
10724.2467  
10727.33233  
10774.51309  
10753.26681  
10749.91964  
10786.94715  
10729.55632  
10742.73421  
10763.7028  
10773.68145  
10743.63586  
10765.73107  
10773.53634  
10776.14972  
10755.76993  
10810.90532  
10794.5678  
10763.87021  
10813.56808  
10803.12484  
10748.91325  
10793.69301  
10806.20617  
10765.93118  
10811.93987  
10787.91171  
10749.85428  
10804.9109  
10800.25605  
10785.06957  
10804.77504  
10801.64604  
10784.97882  
10786.2125  
10793.14004  
10782.00565  
10757.46791  
10812.09129  
10767.28825  
10751.88302  
10785.72968  
10814.10833  
10802.39616  
10779.06552  
10722.28618  
10688.725  
10697.36979  
10710.40553  
10697.27534  
10773.59796  
10770.01435  
10745.28348  
10759.24416  
10733.12733  
10723.84717  
10723.17829  
10704.10519  
10747.40778  
10727.42401  
10741.73114  
10774.81971  
10770.56862  
10746.83603  
10745.21526  
10760.90948  
10697.9258  
10769.54736  
10769.20708  
10720.1353  
10773.07899  
10742.33117  
10742.6875  
10774.17952  
10771.93534  
10734.64169  
10738.69366  
10773.37574  
10731.362  
10788.95143  
10812.80515  
10811.10349  
10785.00439  
10755.80736  
10743.3321  
10701.18297  
10715.31513  
10745.39348  
10748.03946  
10727.24293  
10729.05364  
10774.00384  
10738.78141  
10755.88853  
10757.11919  
10691.75237  
10693.74135  
10704.37907  
10696.33345  
10704.33501  
10767.0146  
10816.96752  
10800.268  
10800.8567  
10792.55371  
10802.93401  
10803.34498  
10770.49665  
10762.17448  
10752.81185  
10770.11265  
10786.58903  
10765.00667  
10770.62558  
10773.52927  
10741.10751  
10757.71596  
10731.63986  
10724.35314  
10729.83464  
10738.2284  
10746.0087  
10749.02095  
10782.55669  
10754.02683  
10732.60698  
10758.89541  
10749.46368  
10729.12637  
10786.00539  
10771.81129  
10800.30099  
10787.57915  
10796.32445  
10782.55443  
10776.39302  
10805.01239  
10753.50874  
10741.89802  
10739.44754  
10731.04818  
10744.1476  
10776.99361  
10748.25888  
10789.975  
10772.2347  
10750.27332  
10767.86449  
10747.8138  
10729.84608  
10736.76314  
10747.5399  
10765.9245  
10722.23217  
10792.57029  
10764.74805  
10719.04594  
10727.41613  
10705.69413  
10723.60631  
10724.37126  
10783.41734  
10792.54276  
10766.5987  
10765.90964  
10755.43638  
10721.72835  
10779.24328  
10766.59122  
10745.82229  
10748.58103  
10751.14474  
10748.41109  
10752.92148  
10737.81678  
10775.02932  
10748.98579  
10816.72854  
10783.60484  
10757.46763  
10796.16848  
10793.2776  
10772.00233  
10770.93913  
10774.11449  
10768.44757  
10756.90837  
10775.21601  
10802.126  
10781.89425  
10819.0559  
10799.74342  
10797.71275  
10799.10647  
10783.11307  
10747.15339  
10759.92883  
10784.43641  
10771.38897  
10758.07475  
10785.46017  
10763.31638  
10767.50593  
10776.62093  
10744.32224  
10767.4634  
10749.26604  
10744.97298  
10753.06782  
10748.77118  
10761.43657  
10776.2992  
10764.27562  
10760.77351  
10763.90532  
10762.35133  
10791.57173  
10750.64988  
10713.55278  
10739.12772  
10717.28725  
10717.64167  
10744.01146  
10773.40844  
10759.57359  
10784.37049  
10783.54339  
10743.97545  
10770.29004  
10766.98428  
10788.67329  
10775.85786  
10804.95929  
10799.68996  
10747.31808  
10759.70329  
10744.15699  
10735.72098  
10732.41311  
10758.12109  
10742.75323  
10731.01507  
10751.50202  
10751.63493  
10776.14918  
10790.01607  
10794.86333  
