10383.38173  
10224.95545  
10236.01159  
10249.2794  
10244.43064  
10229.88313  
10256.95993  
10290.46516  
10267.25478  
10272.30986  
10318.02391  
10280.2079  
10321.09248  
10279.41317  
10248.99636  
10221.9602  
10242.00541  
10265.76467  
10194.86444  
10189.03806  
10189.77829  
10224.8309  
10191.36114  
10218.7386  
10245.82786  
10229.28104  
10236.51919  
10220.32644  
10240.48477  
10216.09985  
10248.59283  
10238.31477  
10234.61645  
10299.78455  
10294.91274  
10336.91018  
10316.42771  
10305.72387  
10339.96696  
10313.83546  
10287.21102  
10203.39868  
10234.18172  
10238.36787  
10209.52159  
10258.44265  
10269.93959  
10279.28608  
10287.02241  
10280.67356  
10271.64564  
10253.21268  
10292.18845  
10258.90979  
10237.5195  
10176.82211  
10184.61977  
10175.35645  
10167.70165  
10223.1942  
10214.70017  
10204.26101  
10206.87595  
10244.62434  
10220.72184  
10231.20212  
10202.21476  
10183.50831  
10207.85959  
10185.63759  
10203.64775  
10200.68428  
10269.62397  
10288.80667  
10277.52853  
10287.96751  
10269.85431  
10205.72659  
10288.90155  
10293.3238  
10275.26383  
10307.78484  
10381.38891  
10354.8746  
10341.50982  
10364.36658  
10404.95819  
10442.20505  
10421.97155  
10341.30756  
10277.24208  
10262.92605  
10225.70025  
10203.15195  
10191.20455  
10216.86864  
10157.57319  
10179.44481  
10235.06971  
10181.67137  
10162.86793  
10178.53233  
10217.89817  
10193.07348  
10211.54152  
10217.24778  
10169.92108  
10200.91786  
10186.53056  
10170.39224  
10144.28001  
10139.04133  
10115.74662  
10112.01713  
10143.96249  
10177.92106  
10111.42111  
10141.59465  
10153.51027  
10185.46479  
10156.06889  
10149.42462  
10139.25449  
10186.48955  
10202.52019  
10239.30648  
10275.02843  
10247.71793  
10287.01845  
10310.64886  
10260.09467  
10279.86009  
10277.13587  
10313.02502  
10357.73129  
10370.07398  
10413.44579  
10425.52486  
10425.41792  
10445.4598  
10496.00264  
10417.6278  
10484.54157  
10439.22271  
10412.21587  
10418.48189  
10394.17507  
10383.48625  
10369.72881  
10394.42185  
10350.55181  
10294.94127  
10235.92652  
10114.34573  
10143.946  
10061.08665  
10127.77948  
10159.11959  
10148.60932  
10161.95183  
10163.7387  
10094.53035  
10126.15496  
10171.14538  
10227.08343  
10229.68336  
10314.65142  
10266.61384  
10248.73047  
10236.34525  
10188.75644  
10186.13226  
10180.73374  
10216.294  
10168.91071  
10208.42758  
10226.69032  
10253.84874  
10283.96994  
10235.97118  
10309.87191  
10289.29674  
10278.42546  
10317.19827  
10280.61439  
10313.91639  
10325.38152  
10342.66435  
10305.45447  
10255.98712  
10256.30772  
10236.00269  
10237.77455  
10277.45437  
10269.28677  
10296.68072  
10221.84739  
10202.96374  
10241.5558  
10222.8348  
10240.43552  
10197.39165  
10227.43592  
10225.91852  
10201.08169  
10246.92544  
10254.57871  
10304.54244  
10247.42665  
10202.6761  
10226.52439  
10186.39944  
10221.92433  
10244.88777  
10229.85262  
10227.18695  
10210.10539  
10178.18476  
10258.83135  
10287.14012  
10256.43428  
10273.7292  
10246.4242  
10223.29975  
10237.29434  
10283.5298  
10345.59869  
10276.92087  
10343.50546  
10281.76887  
10271.72685  
10286.92272  
10281.67349  
10326.77766  
10263.05997  
10300.20671  
10303.3413  
10261.20906  
10280.71669  
10237.75385  
10313.43647  
10312.34219  
10281.89989  
10294.177  
10273.88619  
10288.9209  
10262.27291  
10244.82192  
10235.82601  
10244.90572  
10259.69381  
10286.53439  
10239.93671  
10273.19732  
10237.69244  
10290.86502  
10171.07567  
10285.91478  
10270.78355  
10263.73295  
10242.80007  
10220.73205  
10155.64429  
10134.21118  
10141.27135  
10137.54735  
10200.99683  
10138.86347  
10143.0043  
10113.53761  
10081.17544  
10164.12418  
10172.69233  
10248.31965  
10315.31295  
10331.58219  
10325.35523  
10305.56166  
10353.31142  
10346.13316  
10303.30023  
10294.53856  
10306.43452  
10275.57208  
10325.06448  
10303.81701  
10389.85528  
10469.3503  
10364.54648  
10375.76312  
10412.42135  
10401.30339  
10357.85848  
10364.5081  
10355.86473  
10364.80511  
10283.2931  
10286.0389  
10296.21279  
10211.17758  
10280.84956  
10307.45049  
10230.56179  
10192.26684  
10113.39055  
10105.10425  
10155.7344  
10126.74673  
10132.63102  
10201.23957  
10198.74126  
10220.4128  
10166.36785  
10212.79149  
10184.53516  
10120.45642  
10214.32327  
10136.25903  
10203.7979  
10240.04284  
10201.38083  
10215.38207  
10192.77127  
10222.59459  
10170.83156  
10186.88566  
10217.26782  
10217.38495  
10214.93478  
10205.08063  
10237.21928  
10172.84507  
10200.59942  
10244.06973  
10212.48335  
10300.7837  
10272.30643  
10301.981  
10351.09721  
10311.43658  
10275.38337  
10261.24237  
10253.63421  
10293.68156  
10255.82121  
10306.32285  
10308.35663  
10293.23303  
10270.37814  
10268.29764  
10358.2736  
10310.73641  
10295.48509  
10295.64641  
10245.74594  
10280.18758  
10245.73609  
10240.94412  
10234.16517  
10196.89205  
10228.43309  
10179.39923  
10213.75121  
10264.60697  
10299.11611  
10289.2027  
10259.75697  
10285.68518  
10277.9266  
10202.15519  
10199.04743  
10191.79439  
10253.39648  
10267.72292  
10240.91047  
10297.70014  
10274.75721  
10317.48395  
10402.49667  
10313.78626  
10326.83837  
10264.58604  
10334.64741  
10339.98638  
10353.5905  
10384.69943  
10319.71798  
10339.64986  
10290.69708  
10278.64374  
10311.16641  
10283.71044  
10303.96091  
10291.39999  
10301.32205  
10274.48596  
10265.20967  
10363.96178  
10309.44072  
10281.90596  
10250.2699  
10260.06675  
10252.45664  
10178.68212  
10188.34053  
10167.12376  
10193.71986  
10155.07657  
10122.77616  
10193.04413  
10284.28946  
10195.10383  
10240.24301  
10243.18906  
10250.41565  
10192.21545  
10147.5487  
10099.62627  
10112.48195  
10108.62434  
10122.93114  
10077.10893  
10124.51116  
10164.43613  
10160.01993  
10139.58198  
10132.88342  
10153.4579  
10163.66232  
10172.98255  
10192.82322  
10183.88025  
10274.80424  
10218.73237  
10262.72128  
10251.65501  
10206.72577  
10251.17568  
10282.87489  
10302.87173  
10344.55719  
10322.78835  
10327.01597  
10386.87204  
10344.83274  
10393.52048  
10418.04875  
10413.27188  
10406.89142  
10422.47144  
10451.54537  
10520.14155  
10498.54397  
10399.20642  
10464.0512  
10390.33992  
10397.39121  
10393.27399  
10372.20722  
10377.19225  
10400.14772  
10344.87268  
10144.36003  
10172.51446  
10182.77961  
10121.98438  
10154.65741  
10138.89733  
10139.98622  
10150.1297  
10166.42692  
10207.56258  
10104.22519  
10158.27415  
10210.67251  
10216.32506  
10238.25048  
10258.35734  
10269.69212  
10236.8064  
10275.85977  
10259.34341  
10250.65902  
10277.36695  
10203.32778  
10241.03941  
10227.23986  
10244.34816  
10257.08802  
10197.82641  
10277.98464  
10214.26048  
10174.91871  
10230.61597  
10222.6794  
10256.4275  
10304.64292  
10249.7509  
10256.25805  
10187.15551  
10200.23424  
10188.11307  
10211.80102  
10264.14741  
10264.17736  
10280.60943  
10271.40058  
10263.49541  
10209.18832  
10218.47986  
10229.9996  
10305.1298  
10347.45236  
10248.03985  
10279.28297  
10324.02125  
10273.6235  
10290.9559  
10264.63316  
10312.34787  
10266.8252  
10178.40625  
10231.88455  
10176.72205  
10278.10462  
10255.26774  
10209.75274  
10250.41237  
10168.62452  
10198.64041  
10187.9436  
10180.35806  
10233.39324  
10152.24483  
10193.83971  
10131.66016  
10221.42813  
10186.15316  
10210.05089  
10263.08398  
10181.78745  
10235.10821  
10253.21936  
10296.61845  
10293.2164  
10287.62613  
10189.95312  
10257.17285  
10368.92232  
10309.11307  
10272.29067  
10252.87149  
10165.05508  
10159.67948  
10171.31633  
10191.52098  
10267.82161  
10250.7324  
10224.88836  
10283.68011  
10327.70566  
10325.54627  
10273.72062  
10322.7704  
10259.2756  
10212.23762  
10265.12004  
10226.63389  
10230.1004  
10261.5743  
10259.04796  
10260.606  
10168.37542  
10241.42932  
10257.55669  
10248.93412  
10207.91039  
10247.4895  
10277.26259  
10229.6255  
10279.31437  
10299.73358  
10219.54899  
10262.35536  
10246.12569  
10251.95861  
10281.89889  
10253.59452  
10330.55841  
10324.00884  
10368.75982  
10449.54727  
10361.5805  
10368.44465  
10319.75581  
10308.79658  
10303.10898  
10327.45056  
10348.98195  
10259.14102  
10236.36352  
10269.86138  
10206.17475  
10249.96864  
10226.92256  
10282.51597  
10192.03663  
10229.34673  
10260.95012  
10247.38936  
10253.22469  
10250.14918  
10267.34937  
10262.27824  
10245.63619  
10328.3437  
10277.78634  
10316.78178  
10300.05012  
10222.62925  
10250.18518  
10237.03521  
10257.57781  
10339.50831  
10266.36713  
10286.77051  
10310.01182  
10287.13215  
10373.59745  
10299.27719  
10252.25926  
10285.78133  
10212.87405  
10230.01383  
10273.74623  
10217.73306  
10259.4953  
10222.55205  
10243.85093  
10194.56633  
10191.77819  
10278.54891  
10301.81361  
10302.93652  
10275.12342  
10240.90836  
10214.24989  
10167.30595  
10222.15369  
10235.44294  
10203.04376  
10237.33969  
10193.20315  
10225.2945  
10254.68056  
10230.33214  
10258.23525  
10254.19843  
10292.96442  
10248.10539  
10281.65723  
10249.08805  
10204.07438  
10201.4347  
10199.19003  
10232.94104  
10200.56741  
10163.87759  
10253.61521  
10192.60188  
10204.63677  
10173.29558  
10225.18671  
10272.08699  
10256.62922  
10312.67195  
10298.00752  
10286.88418  
10298.25538  
10295.11838  
10287.56944  
10191.41712  
10226.7382  
10258.72651  
10229.47601  
10250.50884  
10255.10555  
10310.30617  
10310.24776  
10282.23174  
10363.72648  
10304.61616  
10296.53898  
10262.78035  
10316.93908  
10298.52953  
10229.9233  
10257.69333  
10270.6606  
10274.20677  
10284.3759  
10265.13353  
10298.15002  
10283.19911  
10238.44188  
10254.12091  
10229.59436  
10271.94798  
10213.07208  
10263.46368  
10222.32018  
10192.03281  
10195.56828  
10248.74929  
10318.71083  
10301.3651  
10293.32955  
10297.19283  
10259.91053  
10255.85069  
10242.13007  
10187.27267  
10180.93739  
10180.33491  
10107.40847  
10081.25335  
10143.74182  
10110.37101  
10168.92459  
10138.16731  
10154.80733  
10187.09098  
10182.3896  
10190.49393  
10132.69011  
10160.28882  
10214.61381  
10211.54033  
10226.01887  
10230.09531  
10289.46553  
10281.27626  
10297.3522  
10321.80994  
10368.75148  
10332.85222  
10358.12946  
10342.54395  
10305.28376  
10279.21263  
10342.63242  
10341.05147  
10308.99974  
10311.04833  
10339.2424  
10328.58119  
10358.28524  
10386.31939  
10363.84541  
10365.83942  
10329.55638  
10327.28246  
10392.38532  
10448.4925  
10340.87571  
10337.68853  
10433.89292  
10373.28951  
10416.7438  
10390.76499  
10346.0166  
10361.15068  
10224.15475  
10262.68124  
10196.26188  
10202.28798  
10205.41071  
10150.42982  
10148.69383  
10116.13543  
10099.75177  
10087.45592  
10027.98973  
10070.05962  
10074.02265  
10113.0999  
10209.91683  
