11114.67557  
10915.87473  
10947.0418  
10937.72694  
10941.00344  
10950.03685  
10958.36103  
10954.22339  
10930.68157  
10894.7335  
10869.8985  
10823.61481  
10842.4899  
10881.56107  
10955.12476  
10950.56797  
10915.21423  
10967.03374  
10943.58304  
10909.22112  
10905.09307  
10920.68858  
10938.42069  
10902.89109  
10949.56399  
10906.17925  
10901.48099  
10931.111  
10914.68427  
11002.64259  
10979.15126  
10938.7591  
10942.50191  
10914.35819  
10913.72897  
10950.67294  
10906.00709  
10998.10745  
10882.77088  
10907.9267  
10938.50739  
10950.14411  
10965.89916  
10916.82105  
10935.84986  
10882.84228  
10876.67007  
10902.06731  
10865.25518  
10887.09781  
10920.91786  
10955.17073  
10943.49369  
10924.87147  
10959.53199  
10960.93645  
11017.46209  
10968.58603  
10931.40684  
10909.73753  
10889.12485  
10913.51779  
10931.47876  
10971.34782  
10994.88134  
10960.79788  
11002.22112  
10952.42365  
10985.00364  
10964.76573  
10909.95983  
10957.51519  
10958.95778  
10973.97168  
10992.29654  
10968.78748  
11014.88981  
10949.84028  
10976.67324  
10982.26922  
10985.84325  
10974.85234  
10968.98918  
10923.77728  
10905.25819  
10921.56624  
10948.29859  
10952.57834  
10985.88657  
10998.42709  
10956.16553  
10967.9982  
10892.3111  
10909.55862  
10908.49142  
10975.62324  
10967.75921  
10959.77094  
10888.52055  
10908.38344  
10918.31029  
10935.73902  
10923.81115  
10939.83513  
10973.07503  
10968.04555  
11000.57882  
11027.25334  
10971.96412  
10951.39447  
10908.29901  
10904.26264  
10937.04477  
10942.14716  
10941.29773  
10908.75847  
10864.89516  
10932.86068  
10967.3983  
10911.73394  
10913.48116  
10856.7985  
10857.85437  
10856.90457  
10844.92967  
10850.51451  
10891.52767  
10901.50983  
10928.29623  
10948.74742  
10914.74875  
10965.50986  
10918.07495  
10957.26792  
11018.97964  
10990.80134  
10974.90041  
10945.22731  
10883.95888  
10951.93564  
10928.74865  
10989.84429  
10949.05008  
10937.93253  
10884.40033  
10896.71083  
10927.24498  
10933.6796  
10944.15478  
10965.57336  
10947.55371  
10904.4005  
10924.25152  
10832.38872  
10805.25129  
10822.73048  
10850.25159  
10905.63035  
10887.98434  
10912.22309  
10907.53573  
10920.22554  
10937.98535  
10949.26558  
10944.87694  
10905.22184  
10885.49986  
10853.33567  
10877.65149  
10878.72357  
10881.94142  
10879.52315  
10872.16744  
10904.5139  
10949.17799  
10932.31594  
10965.61602  
10978.86097  
10926.62505  
10978.06803  
10952.24578  
10998.66756  
10979.05146  
10970.01113  
10945.41369  
10927.13612  
10858.48549  
10910.53105  
10897.87359  
10971.93998  
10977.63223  
10992.81259  
10980.64558  
10979.22873  
10990.39513  
10936.74423  
10991.27671  
10955.75197  
10907.80667  
10869.3058  
10943.45394  
10964.8284  
10952.0764  
10970.30894  
10921.95026  
10947.24512  
10937.40331  
10941.39612  
10936.86462  
10952.65646  
10952.21483  
10963.50469  
10976.67303  
10892.29525  
10965.6933  
10917.21982  
10903.46079  
10918.30497  
10896.98239  
10900.7055  
10919.07779  
10976.72447  
10932.48139  
10912.02112  
10923.35108  
10847.43921  
10859.69674  
10901.86708  
10915.39922  
10963.74404  
11001.58821  
11013.90195  
11054.5399  
11007.56582  
10954.32156  
10920.76059  
11004.43783  
10949.53684  
10900.01502  
10949.0881  
10938.83914  
10930.62359  
10907.87706  
10940.50913  
10934.6591  
10940.61663  
10910.4098  
10858.06035  
10812.53011  
10793.45852  
10796.91642  
10808.8587  
10935.74005  
10917.85909  
10906.1456  
10939.25237  
10935.4238  
10927.26137  
10898.86454  
10947.14896  
10952.12085  
11008.86459  
10952.93625  
10953.66029  
10951.10371  
10978.52055  
10941.14447  
10906.15189  
10866.10236  
10937.87668  
10896.09977  
10911.85131  
10814.18732  
10817.18374  
10880.36635  
10866.18084  
10857.86007  
10854.28724  
10833.34938  
10872.74632  
10955.56463  
10902.21683  
10878.93894  
10922.73078  
10941.14489  
10951.40915  
10939.91743  
10986.19417  
10928.34123  
10970.7669  
10947.02868  
10946.33929  
10965.5447  
10990.36056  
10968.26094  
10905.12248  
10967.46304  
10960.66245  
10962.0611  
11008.83029  
10967.4517  
10948.04585  
10913.92936  
10935.71513  
10927.22689  
10922.84088  
10927.98182  
10984.56686  
10965.33709  
10992.8079  
10971.24459  
10956.35675  
10942.49044  
10930.38471  
10908.2985  
10837.07206  
10853.2662  
10891.44857  
10888.8416  
10916.14889  
10929.93755  
10916.93003  
10907.54464  
10923.9355  
10957.31475  
10958.51642  
11007.5575  
10964.15666  
10959.17502  
10966.68592  
10926.29298  
10918.34787  
10908.12764  
10939.88816  
10963.12797  
10954.15316  
10958.02715  
10991.70889  
11018.58729  
10984.00931  
10999.70416  
10984.85023  
10974.90733  
10952.21819  
10972.55705  
10940.32405  
10912.11418  
10927.93317  
10941.38211  
10954.00251  
10978.42858  
10945.3491  
10926.74309  
10929.07432  
10947.32862  
10936.92249  
10951.46432  
10929.51771  
10932.06883  
10948.49168  
10928.36049  
10942.65272  
10956.41016  
10938.90877  
10945.62718  
10987.55053  
10942.63912  
11003.87422  
10917.66253  
10872.58917  
10851.2348  
10869.80451  
10856.72197  
10888.17505  
10853.37118  
10926.75786  
10909.48436  
10950.11241  
10941.56677  
10950.49536  
10924.01662  
10907.55072  
10925.9552  
10865.17112  
10888.69026  
10923.92423  
10952.31896  
10961.71735  
10960.02509  
10939.10882  
10915.68742  
10910.54751  
10912.13027  
10917.43688  
10862.51065  
10902.10717  
10913.3553  
10871.54325  
10937.6902  
10921.36623  
10997.33687  
10985.65959  
10993.34763  
10968.2476  
10933.87894  
10933.42883  
10890.20676  
10908.97868  
10894.96517  
10919.74258  
10943.70886  
10910.52407  
10949.72312  
10915.17988  
10916.69683  
10930.94615  
10924.29506  
10987.29497  
10966.67037  
11005.80308  
10945.84147  
10973.19603  
10942.81291  
10931.07779  
10995.71334  
10962.79097  
10914.18657  
10949.35191  
10905.82985  
10938.63843  
10974.65207  
10937.10201  
10936.24408  
10893.24133  
10890.65161  
10856.53296  
10880.88921  
10918.90131  
10914.8312  
10955.02426  
10928.42006  
10954.66931  
10933.57049  
10935.46283  
11012.8854  
10962.55445  
11051.74168  
10940.38053  
11008.21136  
10943.02782  
10984.16327  
10958.67958  
10913.95613  
10928.3303  
10897.29642  
10969.05892  
10901.33529  
10967.29905  
10920.26764  
10928.77958  
10891.9695  
10863.88239  
10882.08643  
10865.35945  
10869.12641  
10905.56282  
10920.81907  
10952.5008  
10963.58783  
10950.88493  
10940.95517  
10917.61303  
10919.02637  
10943.94214  
10971.31504  
10989.64644  
10995.22148  
11016.11086  
10965.05352  
10898.90844  
10904.3608  
10920.12489  
10959.37883  
10939.74788  
10889.54047  
10847.87736  
10854.03816  
10897.63791  
10917.66732  
10946.50852  
10977.46191  
10959.00485  
10942.90285  
10975.50575  
10928.59416  
10951.07545  
10926.78911  
10966.33513  
10926.35953  
10932.46385  
10950.28139  
10940.02647  
10910.60017  
10965.23748  
10926.25906  
10925.11372  
10952.48507  
10916.68136  
10904.82084  
10934.17025  
10930.0416  
10971.97613  
10974.20986  
10999.6642  
10998.98271  
10977.19079  
10994.7247  
10944.09078  
10900.98607  
10931.13253  
10926.97751  
10931.77428  
10936.39458  
10898.39434  
10916.70422  
10876.65892  
10867.60942  
10921.14943  
10877.65108  
10906.29536  
10899.77024  
10875.10421  
10860.02135  
10850.257  
10889.36118  
10887.13275  
10940.15231  
10937.00032  
10902.94561  
10943.14925  
10941.23175  
10981.82115  
10964.64289  
10941.81418  
10973.89701  
10947.06432  
10926.12811  
10893.75183  
10893.50467  
10893.93113  
10904.94479  
10898.57091  
10902.33447  
10889.07148  
10892.29656  
10899.96701  
10911.08283  
10931.10778  
10916.84524  
10913.32015  
10932.3163  
10900.06056  
10862.73906  
10882.5328  
10912.01076  
10925.45882  
10918.41483  
10937.46049  
10967.41627  
10980.40631  
10995.28215  
10978.5293  
10957.31773  
10903.55933  
10937.52479  
10900.55541  
10959.36898  
10948.29857  
10945.78685  
10923.63523  
10855.71402  
10922.452  
10937.48331  
10910.67503  
10889.05284  
10872.43577  
10850.24654  
10875.35682  
10900.08748  
10890.59712  
10948.35676  
10954.0991  
10952.84754  
10960.8328  
10919.94031  
10899.52018  
10873.15717  
10880.38839  
10956.62177  
11001.55684  
10985.88651  
10986.48651  
10961.49241  
10963.59199  
10949.90077  
11006.46262  
10940.27646  
10948.69754  
10992.79806  
10938.3829  
10944.81916  
10930.638  
10937.37632  
10943.33579  
10922.41074  
10881.37455  
10871.76976  
10910.83401  
11005.94091  
11020.43959  
11008.84177  
11032.43048  
10996.34536  
11038.81179  
10981.16133  
10950.65319  
10937.1992  
10973.66804  
10980.67079  
10945.28549  
10987.56582  
10947.57278  
10942.76919  
10969.1018  
10937.94428  
10988.84423  
10925.71995  
10947.21217  
10928.70276  
10926.54512  
10935.55642  
10927.26466  
10941.67018  
10941.76137  
10890.70874  
10883.82299  
10860.86815  
10881.06911  
10909.28209  
10956.76741  
10944.88072  
10957.00735  
10922.4073  
10877.21717  
10930.59859  
10912.93941  
10867.96226  
10784.70407  
10772.49007  
10810.10249  
10751.64455  
10825.41827  
10863.90867  
10886.59471  
10926.01239  
10958.32393  
10972.65448  
10992.04114  
11004.30586  
11018.28401  
10986.28474  
10947.70645  
10970.82069  
10919.85571  
10961.25164  
11012.32673  
10961.14581  
10887.49943  
10925.40158  
10911.62814  
10920.95434  
10931.9948  
10891.21496  
10917.37  
10933.36995  
10944.14827  
10949.70756  
10888.62889  
10890.08819  
10922.99597  
10919.14778  
10929.33875  
10949.8122  
10933.46373  
10997.72933  
10951.19288  
10943.14204  
10933.12058  
10915.04965  
10941.66956  
10906.03358  
10884.13197  
10950.59318  
10946.30694  
10942.55066  
10939.24354  
10946.96722  
10935.23143  
10957.51593  
10931.99629  
10942.04871  
10956.92898  
10942.66722  
