11800.39207  
11547.50416  
11446.20223  
11454.60035  
11356.31803  
11440.83961  
11368.85502  
11432.87475  
11338.70289  
11343.61049  
11379.06957  
11378.21313  
11427.58365  
11344.59947  
11339.80893  
11328.87586  
11244.70055  
11308.07941  
11297.31449  
11383.97939  
11367.55195  
11388.77172  
11351.50891  
11346.55742  
11345.23494  
11328.64668  
11374.48166  
11415.95744  
11427.53604  
11469.06584  
11474.59277  
11340.97709  
11406.39717  
11396.05285  
11348.81187  
11489.67488  
11413.21195  
11321.94734  
11432.76863  
11419.56279  
11388.49854  
11433.71383  
11372.32469  
11351.65666  
11363.58654  
11293.22006  
11329.54236  
11345.6416  
11327.94822  
11352.85654  
11324.67908  
11297.34514  
11333.05053  
11366.65766  
11315.5402  
11444.64602  
11355.25408  
11384.06734  
11325.34262  
11336.64898  
11439.99367  
11340.61564  
11347.13416  
11393.14385  
11383.57047  
11397.42906  
11441.53439  
11337.95848  
11344.22133  
11333.41502  
11319.51453  
11350.96941  
11354.95791  
11401.9752  
11345.8927  
11345.52094  
11380.55701  
11367.04826  
11414.7833  
11417.31629  
11431.38811  
11462.74029  
11364.08889  
11428.12084  
11358.50459  
11338.10574  
11391.28836  
11359.80752  
11441.84582  
11448.71477  
11337.15971  
11325.32842  
11299.87826  
11412.74252  
11394.94156  
11385.54492  
11393.10283  
11328.81025  
11345.94627  
11413.78043  
11421.82768  
11370.74816  
11413.48686  
11307.33236  
11372.1101  
11444.46654  
11451.23305  
11458.61793  
11454.49207  
11438.93213  
11472.44846  
11428.79479  
11403.53416  
11437.04395  
11436.82252  
11444.1002  
11451.57301  
11571.55969  
11434.66484  
11407.14475  
11359.15492  
11326.79859  
11283.63885  
11326.70238  
11332.02418  
11350.41172  
11358.71264  
11302.46328  
11290.67242  
11360.22215  
11293.84797  
11323.60594  
11417.85818  
11363.95957  
11396.53307  
11365.0608  
11405.56156  
11405.54879  
11383.0708  
11366.9333  
11401.07863  
11412.81734  
11384.07752  
11449.94027  
11414.81348  
11487.92539  
11411.60824  
11437.41979  
11461.33719  
11438.18523  
11451.72045  
11364.80676  
11414.43373  
11475.06666  
11360.09143  
11383.92008  
11365.62801  
11456.06812  
11370.88932  
11332.5759  
11345.90713  
11282.9607  
11349.69971  
11355.66475  
11360.46068  
11348.59389  
11342.03506  
11324.64979  
11253.7351  
11265.77982  
11328.75883  
11334.71104  
11346.89445  
11360.35842  
11370.58686  
11442.9  
11436.67687  
11506.00291  
11447.94648  
11401.736  
11365.13502  
11472.05807  
11520.19873  
11466.10336  
11438.66531  
11494.59621  
11372.03213  
11381.21758  
11425.28111  
11402.66627  
11434.99977  
11367.54576  
11336.39938  
11344.58504  
11384.79484  
11338.38697  
11312.32922  
11347.54307  
11367.50656  
11381.78027  
11487.71834  
11392.99523  
11486.72721  
11421.90586  
11455.4933  
11415.6684  
11433.07314  
11407.10977  
11347.26967  
11358.26715  
11346.58623  
11412.03941  
11379.81623  
11324.53445  
11461.54299  
11403.95971  
11419.79939  
11361.07187  
11377.205  
11337.85568  
11347.95695  
11337.38898  
11427.41787  
11392.5008  
11372.84184  
11425.94043  
11361.76602  
11363.15705  
11406.60176  
11397.99209  
11408.64992  
11408.10391  
11414.48887  
11438.65289  
11421.9723  
11404.64816  
11457.20938  
11331.84076  
11335.4432  
11356.89131  
11378.71539  
11431.16254  
11403.77227  
11356.32211  
11394.49004  
11372.19459  
11418.02502  
11426.31023  
11342.29313  
11393.20398  
11354.06895  
11372.8326  
11384.39578  
11388.27229  
11368.33398  
11395.25797  
11457.78242  
11453.26822  
11475.13252  
11491.5325  
11553.60068  
11536.92312  
11463.98914  
11345.75287  
11262.26365  
11267.17  
11205.75143  
11228.56314  
11244.41037  
11234.23848  
11288.24449  
11341.8776  
11306.26484  
11328.70502  
11274.65348  
11270.20637  
11267.18117  
11277.08914  
11372.03535  
11373.90387  
11392.1501  
11388.43707  
11422.39926  
11436.57092  
11436.17934  
11455.53486  
11382.38809  
11391.24779  
11468.63979  
11456.02514  
11521.79713  
11506.9341  
11493.8074  
11489.21436  
11459.94437  
11460.72467  
11395.16844  
11464.10842  
11404.09141  
11408.65541  
11439.70896  
11416.73852  
11476.48482  
11448.31729  
11456.83533  
11412.62537  
11404.39588  
11427.60602  
11388.42764  
11405.70148  
11466.89824  
11387.22906  
11430.23863  
11368.28418  
11412.0615  
11443.66998  
11404.17131  
11441.03396  
11340.84459  
11447.15969  
11356.47764  
11363.35051  
11382.57602  
11320.09646  
11366.60857  
11339.37309  
11426.52639  
11380.16424  
11380.97361  
11365.45518  
11369.92357  
11427.09977  
11437.63572  
11438.3509  
11462.98002  
11411.15656  
11404.93012  
11375.29811  
11423.91719  
11385.39615  
11371.3034  
11433.53687  
11437.60379  
11341.65324  
11322.83877  
11377.67047  
11315.76467  
11336.82789  
11347.45094  
11330.05  
11367.03244  
11349.64703  
11441.71795  
11480.91051  
11413.99266  
11359.84131  
11352.92197  
11392.67209  
11406.72621  
11415.28301  
11377.42791  
11401.74793  
11398.63627  
11399.54693  
11455.40844  
11448.70947  
11476.36113  
11440.21385  
11490.17813  
11553.21658  
11469.06453  
11445.78533  
11381.50002  
11221.18537  
11225.31064  
11269.31242  
11309.509  
11296.71883  
11321.60514  
11281.41236  
11319.79426  
11245.68531  
11252.37506  
11320.90959  
11341.15092  
11273.0918  
11277.86687  
11269.46928  
11307.69529  
11437.1424  
11395.48377  
11477.23135  
11435.57557  
11422.71643  
11334.22725  
11324.72943  
11410.31576  
11358.76502  
11370.66561  
11451.97408  
11383.90086  
11423.74521  
11384.04479  
11402.25545  
11467.22107  
11371.00422  
11391.92387  
11353.07297  
11427.10547  
11407.69662  
11433.40973  
11399.97123  
11495.52656  
11486.45869  
11458.72793  
11424.4148  
11385.90168  
11439.20268  
11537.84287  
11452.99898  
11459.06148  
11483.02553  
11350.95102  
11411.00498  
11476.86395  
11407.58738  
11478.17695  
11404.7509  
11354.14221  
11404.71127  
11380.90211  
11411.8352  
11472.37617  
11363.61627  
11345.37516  
11350.61367  
11333.81783  
11434.94359  
11459.73875  
11431.76342  
11474.8492  
11440.8857  
11459.95457  
11418.58463  
11303.68574  
11286.37549  
11284.60158  
11275.01068  
11320.54037  
11279.97012  
11236.9868  
11236.43373  
11280.09344  
11331.28055  
11293.54416  
11356.44414  
11343.41453  
11338.23584  
11330.08391  
11363.74063  
11417.20969  
11457.64932  
11447.18674  
11427.62869  
11467.31322  
11388.86613  
11403.38375  
11404.99258  
11419.98187  
11404.74617  
11382.23486  
11423.30697  
11456.80557  
11429.72852  
11438.69611  
11456.94229  
11380.615  
11494.03127  
11456.4716  
11474.1223  
11497.515  
11429.86701  
11445.27455  
11410.85803  
11363.43523  
11399.28041  
11406.18145  
11424.81418  
11476.76533  
11388.2993  
11470.10703  
11375.68713  
11421.86949  
11368.43701  
11311.78697  
11364.86066  
11377.69334  
11477.27326  
11363.55234  
11399.63191  
11389.57912  
11498.40193  
11356.72107  
11331.61195  
11319.91523  
11274.99125  
11356.00449  
11350.7068  
11354.44789  
11436.99793  
11318.34141  
11364.13758  
11375.92121  
11349.40746  
11385.39969  
11390.21951  
11373.70939  
11420.97379  
11402.44557  
11446.20631  
11341.41676  
11353.26207  
11436.51941  
11346.77687  
11359.37906  
11403.14225  
11333.51668  
11364.2093  
11381.81668  
11415.4734  
11382.58424  
11463.46406  
11450.7167  
11365.83262  
11381.32697  
11393.1443  
11407.6233  
11355.61385  
11392.25686  
11391.60533  
11412.09293  
11423.07576  
11467.48273  
11425.44404  
11419.79809  
11384.3159  
11432.69348  
11413.01627  
11509.86666  
11383.14467  
11469.06809  
11420.35789  
11440.045  
11488.49721  
11439.41471  
11460.00748  
11447.9766  
11420.43596  
11422.50793  
11394.26648  
11397.73801  
11445.1801  
11413.29156  
11450.24064  
11369.19998  
11417.2452  
11344.63248  
11464.86518  
11452.91889  
11431.27715  
11397.09729  
11434.04057  
11437.41598  
11445.53695  
11397.49887  
11416.03512  
11350.23617  
11341.05873  
11252.61619  
11374.79695  
11392.89582  
11356.18951  
11409.18818  
11380.29541  
11453.87484  
11373.66398  
11326.80432  
11355.71051  
11330.46268  
11368.18828  
11342.55697  
11299.88455  
11288.59064  
11250.95326  
11281.67904  
11260.16258  
11214.30912  
11181.66846  
11220.45705  
11234.28334  
11296.15678  
11414.30389  
11385.14205  
11358.59684  
11387.97582  
11355.62324  
11359.10057  
11400.41928  
11408.70775  
11385.20441  
11444.34904  
11330.83285  
11366.6134  
11347.01383  
11401.02445  
11428.47881  
11433.1542  
11437.47313  
11429.8457  
11415.5866  
11378.14057  
11356.55162  
11412.05051  
11355.02662  
11374.90906  
11410.30225  
11377.44215  
11447.71355  
11403.4758  
11462.76789  
11435.73234  
11389.00271  
11317.8382  
11420.17391  
11403.73186  
11382.82178  
11392.41182  
11389.71166  
11427.48736  
11371.99531  
11310.5843  
11388.16043  
11404.63445  
11490.88902  
11418.82438  
11406.98889  
11453.73256  
11471.35508  
11467.99275  
11418.76166  
11412.16795  
11454.64834  
11402.50281  
11388.20014  
11352.75443  
11381.3485  
11316.99703  
11314.4852  
11313.78578  
11380.61133  
11402.14994  
11419.63867  
11363.54531  
11391.53328  
11373.07828  
11404.06043  
11417.18693  
11435.96963  
11404.10342  
11431.51139  
11349.78781  
11367.75977  
11391.75631  
11385.60889  
11388.21014  
11467.30457  
11391.80193  
11401.29691  
11331.16461  
11309.67717  
11343.45729  
11323.10859  
11387.28885  
11356.10734  
11413.58771  
11336.66619  
11354.11625  
11337.77822  
11392.79906  
11337.72314  
11406.78707  
11427.90016  
11441.19965  
11376.47488  
11342.45455  
11316.79189  
11400.48955  
11398.40143  
11403.27328  
11422.90285  
11392.46453  
11386.41875  
11443.6759  
11394.08238  
11424.51781  
11448.59932  
11469.6477  
11438.17584  
11407.67816  
11390.15916  
11370.54734  
11381.45139  
11385.92414  
11378.17609  
11368.63156  
11337.9632  
11438.02418  
11391.9598  
11377.06471  
11355.66611  
11345.21225  
11353.09301  
11355.44535  
11383.65027  
11431.25318  
11480.91885  
