10994.79864  
10840.11919  
10748.47844  
10744.48484  
10779.60273  
10764.83615  
10767.80939  
10762.50866  
10779.55518  
10778.59939  
10765.39586  
10733.95271  
10796.09577  
10790.92051  
10792.28202  
10840.95641  
10848.5244  
10851.70311  
10865.87127  
10832.58488  
10825.97456  
10836.77269  
10837.47294  
10843.54945  
10860.40079  
10834.57909  
10838.66749  
10832.21688  
10788.94227  
10799.46451  
10833.72227  
10855.11936  
10808.86575  
10776.86914  
10782.41765  
10769.50426  
10790.5052  
10817.45828  
10815.23042  
10792.2448  
10817.50415  
10781.40015  
10810.56785  
10804.74332  
10778.53343  
10801.4735  
10822.11909  
10808.2342  
10775.75287  
10777.24276  
10788.20127  
10762.86973  
10808.09117  
10775.41024  
10787.72797  
10818.35889  
10821.65894  
10796.61456  
10780.38649  
10792.9715  
10806.13747  
10758.56537  
10747.03788  
10750.95468  
10745.42884  
10753.74305  
10770.94739  
10816.30752  
10809.81263  
10798.52766  
10788.76143  
10804.68737  
10806.8603  
10820.48498  
10802.70697  
10783.53277  
10809.09453  
10805.29668  
10875.24454  
10828.19062  
10820.90134  
10794.13129  
10812.8664  
10801.72224  
10794.15418  
10692.46393  
10740.51726  
10777.53737  
10770.82022  
10778.0407  
10748.416  
10793.08916  
10753.47671  
10746.78437  
10763.34106  
10772.77371  
10794.48727  
10805.67085  
10792.71465  
10806.48559  
10824.42983  
10812.73056  
10795.28637  
10792.58168  
10792.60062  
10797.89303  
10773.50022  
10786.57131  
10850.6675  
10818.14722  
10811.79923  
10825.88011  
10790.16089  
10802.67183  
10817.88435  
10818.56537  
10813.58282  
10780.149  
10799.61527  
10830.42404  
10825.47823  
10819.4946  
10838.83049  
10848.54899  
10832.34913  
10805.41044  
10814.55858  
10825.88185  
10806.06149  
10850.63614  
10841.33635  
10813.17922  
10824.25022  
10817.68654  
10793.20261  
10790.75378  
10794.38672  
10838.784  
10856.80264  
10843.62428  
10833.70439  
10799.34429  
10790.37799  
10786.3092  
10783.09678  
10799.25996  
10770.92055  
10814.09774  
10808.69387  
10825.38083  
10805.31322  
10836.65724  
10834.11168  
10750.21833  
10744.71688  
10740.95705  
10770.58278  
10738.93057  
10703.25576  
10731.21659  
10746.43092  
10767.24152  
10756.11267  
10760.82033  
10767.51998  
10791.37103  
10780.17749  
10782.44149  
10774.30589  
10766.4366  
10791.89437  
10806.63485  
10802.98197  
10780.73799  
10832.14059  
10837.967  
10853.46958  
10845.62188  
10847.12268  
10878.89103  
10881.26425  
10897.22432  
10872.41248  
10830.80123  
10825.14151  
10806.89868  
10810.78892  
10782.08757  
10776.61179  
10784.03613  
10786.13603  
10769.07958  
10780.8891  
10779.6862  
10789.00679  
10800.8234  
10796.41706  
10825.65483  
10824.12854  
10808.07812  
10793.37593  
10803.88942  
10779.367  
10789.55133  
10800.72136  
10845.3126  
10793.51759  
10820.8466  
10796.08266  
10809.3024  
10782.8627  
10771.92112  
10846.26838  
10810.90356  
10840.42863  
10814.28155  
10738.42202  
10704.94232  
10715.76068  
10675.37831  
10671.38582  
10692.9051  
10700.63829  
10698.82419  
10685.83511  
10695.32577  
10717.57931  
10743.21955  
10746.39844  
10742.40361  
10765.45436  
10780.40198  
10798.38768  
10826.08863  
10813.78959  
10805.64716  
10814.98375  
10852.63561  
10826.74878  
10867.76996  
10874.07316  
10839.58025  
10865.41203  
10857.91395  
10836.71054  
10847.09878  
10910.31615  
10872.29812  
10870.18616  
10829.51332  
10834.65579  
10836.39778  
10858.1533  
10844.9364  
10808.38328  
10836.68098  
10866.24587  
10833.1697  
10856.39634  
10868.35408  
10892.66432  
10898.46885  
10863.31729  
10862.08738  
10852.58414  
10843.32803  
10849.99095  
10802.4382  
10809.53332  
10788.13387  
10783.1323  
10801.43798  
10817.97818  
10812.59788  
10808.09322  
10834.8255  
10830.02525  
10862.70684  
10852.92167  
10816.58842  
10846.04689  
10808.05943  
10830.75282  
10811.45304  
10812.44278  
10819.90198  
10814.32486  
10852.38974  
10790.48948  
10788.77989  
10822.43185  
10809.46985  
10780.40004  
10760.6344  
10808.43052  
10830.07417  
10825.11677  
10813.35256  
10826.02193  
10815.83752  
10783.8599  
10761.54129  
10756.23494  
10747.49798  
10782.66808  
10806.04567  
10782.50117  
10778.71241  
10778.46278  
10733.97232  
10732.67953  
10719.05507  
10724.95466  
10721.5544  
10736.28354  
10750.23125  
10796.18953  
10798.46022  
10821.90796  
10836.03892  
10816.90097  
10858.42548  
10877.46006  
10863.15923  
10879.11312  
10873.88561  
10860.52166  
10866.83299  
10832.89008  
10816.61099  
10818.14458  
10824.43332  
10827.84935  
10863.87719  
10872.4704  
10838.1088  
10859.87132  
10838.01457  
10855.8628  
10843.14736  
10833.37811  
10810.26662  
10832.44325  
10809.57881  
10816.64834  
10845.00005  
10839.36972  
10833.3864  
10864.84122  
10814.70466  
10790.99345  
10811.20266  
10797.49452  
10800.92575  
10854.71047  
10828.69107  
10848.34418  
10839.24987  
10820.30369  
10799.62588  
10766.68223  
10765.36158  
10752.02212  
10781.0762  
10763.88517  
10803.11684  
10805.01343  
10795.95212  
10773.11674  
10762.19949  
10756.75607  
10758.58275  
10772.28583  
10761.08478  
10771.29924  
10789.09429  
10781.17727  
10780.32022  
10793.96901  
10819.21143  
10795.43918  
10798.53592  
10780.91774  
10805.96403  
10820.09729  
10824.92565  
10829.74573  
10817.77044  
10811.90952  
10822.72187  
10856.15359  
10865.27325  
10862.76039  
10848.81628  
10860.10065  
10863.20064  
10824.00062  
10812.50898  
10792.6535  
10796.47776  
10829.19352  
10793.87583  
10815.81173  
10809.63086  
10799.86104  
10788.96923  
10780.84998  
10779.80883  
10781.49915  
10767.02264  
10736.59866  
10763.87924  
10747.30582  
10744.89248  
10799.96707  
10754.37639  
10800.26109  
10830.07271  
10785.45004  
10806.04591  
10819.81698  
10803.66618  
10830.25784  
10821.7731  
10817.54435  
10838.03959  
10856.00671  
10803.93588  
10804.19624  
10833.66043  
10796.8689  
10788.98782  
10766.76799  
10802.17924  
10785.70389  
10814.64736  
10801.28501  
10830.75824  
10804.8921  
10801.4427  
10809.89083  
10789.78948  
10802.04274  
10827.13006  
10825.01241  
10787.58699  
10839.97451  
10800.87675  
10796.54089  
10835.9521  
10781.79958  
10791.98654  
10785.08057  
10778.0141  
10785.51242  
10797.10662  
10791.59931  
10807.37319  
10829.34596  
10830.33307  
10827.01734  
10833.12141  
10791.34826  
10762.65769  
10763.9796  
10744.48738  
10802.32219  
10810.62833  
10786.11621  
10806.00261  
10806.10342  
10803.56389  
10806.9266  
10804.69083  
10815.81072  
10808.52955  
10797.77499  
10804.20282  
10829.83064  
10836.74665  
10816.80426  
10847.95855  
10809.44685  
10816.21904  
10831.23878  
10805.5693  
10802.96287  
10802.74795  
10796.28492  
10771.11383  
10772.82046  
10828.86893  
10816.67223  
10844.95143  
10828.38312  
10802.23687  
10781.1279  
10811.60304  
10787.7783  
10813.41092  
10763.67985  
10769.67869  
10744.61253  
10730.26593  
10745.93177  
10748.55085  
10752.65087  
10755.72418  
10803.42954  
10828.07688  
10809.32856  
10812.23069  
10815.0551  
10797.11351  
10799.01034  
10788.51804  
10792.75522  
10820.99787  
10838.13859  
10818.72978  
10827.87252  
10772.45671  
10822.45341  
10817.92749  
10816.93209  
10814.97984  
10841.00171  
10790.37519  
10838.03807  
10819.21318  
10838.62665  
10854.74736  
10838.57843  
10793.46259  
10804.34128  
10782.52136  
10779.56732  
10799.60239  
10789.89453  
10787.57518  
10830.4046  
10808.81714  
10816.85934  
10813.50988  
10836.64714  
10842.94996  
10826.49718  
10817.85028  
10809.37926  
10811.47828  
10820.02461  
10833.47282  
10840.07921  
10808.49222  
10811.31537  
10816.46448  
10824.65561  
10805.57204  
10817.5674  
10828.76937  
10810.66983  
10818.81591  
10809.68624  
10807.28564  
10834.65103  
10840.55093  
10813.19776  
10792.64205  
10799.0561  
10785.85921  
10801.60419  
10803.47528  
10799.50256  
10782.4963  
10776.2853  
10786.92634  
10794.93596  
10831.04178  
10846.8714  
10864.70591  
10856.77902  
10831.47699  
10826.78096  
10807.2493  
10824.21825  
10834.95076  
10827.10063  
10827.81698  
10803.33501  
10799.51976  
10785.19003  
10776.83227  
10788.40758  
10793.03546  
10805.63361  
10794.82042  
10781.44483  
10770.72701  
10785.07769  
10770.00496  
10793.54523  
10780.3422  
10800.68884  
10774.5361  
10820.47922  
10864.27902  
10857.50596  
10796.24489  
10788.03804  
10788.25821  
10767.74036  
10758.52028  
10750.01902  
10767.30419  
10778.96805  
10782.97341  
10748.6741  
10747.19115  
10744.25384  
10745.80198  
10754.81583  
10746.50951  
10772.35017  
10813.79713  
10806.67099  
10787.46083  
10776.62657  
10834.26793  
10839.72842  
10849.0358  
10855.99292  
10852.30061  
10849.94371  
10816.08616  
10852.16512  
10821.15659  
10847.84642  
10828.94805  
10832.01082  
10858.49452  
10844.47868  
10851.23526  
10844.05243  
10850.45804  
10821.62891  
10804.52558  
10776.05638  
10808.24709  
10829.34223  
10819.25905  
10821.29739  
10838.62265  
10822.8892  
10821.66842  
10810.01841  
10780.16677  
10781.95714  
10790.51699  
10784.31336  
10832.36776  
10855.13816  
10826.99411  
10836.35161  
10808.36027  
10800.19904  
10795.04382  
10822.4319  
10828.86154  
10826.93297  
10826.70626  
10812.14719  
10815.39058  
10823.66237  
10841.85649  
10816.65142  
10806.79114  
10797.03524  
10794.32606  
10808.36024  
10824.79322  
10780.39067  
10802.53541  
10797.41638  
10833.5592  
10786.49861  
10799.06351  
10795.40953  
10797.83887  
10806.37124  
10804.29079  
10791.69826  
10821.35544  
10817.85435  
10811.00469  
10822.74832  
10771.28416  
10792.71199  
10812.6079  
10780.44566  
10777.79729  
10848.08909  
10816.74521  
10843.38315  
10812.22988  
10833.63549  
10821.53359  
10801.39487  
10799.61099  
10812.88017  
10800.72278  
10802.68178  
10761.56207  
10767.89466  
10785.4638  
10781.81292  
