12361.46218  
12133.83837  
12089.78782  
12028.18676  
11991.47084  
11969.74945  
11939.61615  
11887.57354  
11893.68613  
11882.58265  
11874.99485  
11896.9679  
11874.47942  
11864.46883  
11918.28268  
11924.942  
11927.85567  
11905.45298  
11984.73106  
11970.66214  
11932.7093  
11949.13914  
11980.60831  
11978.29704  
11956.19343  
11950.83662  
11972.57972  
11986.86876  
11971.33096  
11952.98409  
12060.81854  
11987.83822  
11999.71823  
11997.35541  
11986.79798  
11991.1079  
11996.02072  
12002.82081  
11955.62776  
11966.49922  
11990.08564  
11967.02208  
11962.7854  
12004.11165  
11982.79784  
11958.58081  
11896.30858  
11947.87517  
11935.47802  
11918.59719  
11916.11456  
11951.51904  
11958.52034  
11923.57871  
11891.37496  
11910.88284  
11929.11499  
11918.88513  
11933.55364  
11942.11778  
11957.28422  
11986.30446  
11954.35874  
11945.12317  
11957.0066  
11957.11627  
11969.01294  
11975.23772  
11975.21534  
12028.15206  
12011.95746  
12018.7785  
12002.27928  
12051.59443  
12001.95061  
11968.01536  
11938.33745  
11999.0713  
11984.85046  
11971.54389  
11937.22019  
12007.0117  
11981.14808  
11944.59253  
11931.19615  
11999.78026  
12005.92381  
12018.99016  
11977.38666  
12030.86686  
11966.73859  
11943.79673  
11929.8491  
11986.21012  
11966.31632  
11951.69016  
11984.39549  
12016.33389  
12026.52129  
11974.00393  
11972.28182  
11998.85678  
11954.52593  
11942.51996  
11947.81433  
11980.64385  
11942.24989  
11979.9968  
11960.10272  
11969.36775  
11984.38594  
11987.12163  
11951.219  
11963.76829  
11975.95702  
12003.7274  
11967.43038  
11971.77198  
11973.5351  
11957.58274  
11971.61416  
11977.09582  
11965.43423  
11948.1069  
11976.42362  
11989.84916  
11983.46759  
11977.77532  
11972.60511  
11968.01152  
11947.26316  
11923.34399  
11947.40931  
11922.63958  
11906.09505  
11906.22546  
11922.59795  
11928.78878  
11927.00198  
11921.54386  
11917.39865  
11913.58877  
11947.5105  
11936.03586  
11979.42441  
11954.59522  
11947.7168  
11971.8019  
11945.86562  
11942.93272  
11953.4196  
11941.2092  
11941.6994  
11959.16817  
11988.63297  
11955.59468  
11958.54462  
11907.52751  
11937.28618  
11932.23436  
11943.65677  
11938.23153  
11974.31663  
11954.1086  
11974.80121  
11976.71838  
11984.59784  
11970.67083  
11983.19136  
11953.86215  
11949.81431  
11938.32593  
11968.81019  
11983.58785  
11951.66769  
11986.25648  
11996.22806  
11979.49689  
11986.18743  
11945.31833  
11936.58892  
11932.30857  
12019.5798  
12017.01905  
12036.18371  
12010.13454  
12035.58373  
12038.39285  
12014.73997  
11983.14075  
12006.14566  
11960.20397  
11980.47769  
11974.2636  
11965.02365  
11935.36642  
11887.12888  
11956.62173  
11941.82995  
11944.58251  
11939.53909  
11958.14493  
11959.6855  
11971.25416  
11996.9075  
12030.12299  
11997.6417  
12001.15675  
12006.62745  
11995.14154  
11951.21048  
11943.57682  
11970.67955  
11976.35288  
12000.16058  
11973.12015  
12000.67923  
11994.47944  
12001.22536  
11957.9013  
11963.52246  
11947.00551  
11967.03192  
11998.51429  
11976.80681  
11981.12555  
11982.61924  
12006.42974  
12004.02116  
11984.95194  
11978.57875  
11959.49452  
11988.94322  
11982.94296  
11959.56935  
11954.53047  
11971.71944  
12014.85759  
11974.98804  
11976.82906  
11973.38322  
11939.45042  
12016.50558  
11954.22113  
11982.76148  
11999.67892  
11991.13348  
11983.04947  
11957.482  
11971.59964  
11966.46903  
11991.74383  
12019.82041  
11982.35112  
11977.71401  
11984.61852  
11952.15038  
11949.84781  
11928.00444  
11940.67295  
11954.65621  
11930.92793  
11945.96119  
12000.44773  
12014.20887  
11997.50778  
11987.50894  
11987.3922  
11979.18818  
11950.13461  
11934.41461  
11951.8461  
11931.86195  
11951.227  
11916.73909  
11972.07256  
11969.65237  
11970.59093  
11965.0424  
12002.98992  
12012.99141  
12010.28782  
11989.88738  
11989.6009  
11996.69865  
11980.73309  
11986.79775  
11979.19248  
12030.48582  
12065.10228  
12045.50979  
12003.56336  
11940.45451  
11924.6682  
11921.42042  
11858.82617  
11881.10514  
11920.79445  
11950.44786  
11927.95106  
11914.78929  
11880.30208  
11871.74706  
11897.16828  
11926.11368  
11945.28299  
11946.88962  
11939.85819  
11940.49418  
11958.84023  
11964.56377  
11963.69326  
11991.19301  
11992.94527  
11951.5949  
11951.62659  
11969.2413  
11947.85748  
11939.39745  
11916.26475  
11962.08084  
11973.32553  
11983.52979  
11992.69557  
11979.60724  
11948.05736  
11946.19357  
11971.26168  
11973.3503  
11999.60765  
11977.19991  
12010.92268  
11990.73268  
11992.01456  
11987.43393  
12019.76605  
12001.11611  
11989.13431  
11961.17873  
11998.1205  
11996.86478  
12070.01838  
12006.56966  
12026.11971  
12057.77015  
12004.08309  
12025.30307  
11985.69756  
11999.54859  
11983.32931  
11981.95941  
12004.80919  
11995.71537  
12019.49495  
12016.44241  
12009.27924  
11990.86048  
11998.21765  
11966.99222  
11967.65287  
11933.47239  
11983.90887  
11987.3659  
11933.90057  
11941.60991  
11976.28285  
11976.99922  
11970.39808  
11971.38687  
11952.86583  
11947.36232  
11937.43903  
11945.62313  
11946.52412  
11966.67974  
11923.65805  
11914.95031  
11897.32234  
11905.60029  
11911.57638  
11958.08727  
11940.7975  
11972.9402  
11957.78169  
11956.99492  
11959.75392  
11942.34545  
11966.44778  
11916.27502  
11973.79055  
11977.34918  
12023.89497  
12038.82749  
12027.1377  
11969.44071  
11939.8135  
11917.80235  
11924.59049  
11938.56407  
11942.71183  
11931.05282  
11942.55872  
12004.77143  
11985.89637  
11980.69463  
11948.62155  
11986.82398  
11993.14198  
11991.58292  
11977.83004  
11969.99178  
12001.98282  
12049.53083  
11993.58077  
12000.85209  
11984.55237  
11997.15934  
11970.69095  
11937.83864  
11925.12286  
11981.60864  
12012.55861  
11963.99641  
11953.87499  
11975.63818  
11984.70707  
11946.34187  
11934.21981  
11929.0148  
11965.01296  
11936.14856  
11961.39947  
11949.80189  
11958.21763  
11963.88784  
11990.32313  
11970.87913  
11958.47632  
11964.23439  
11988.7362  
11965.93257  
11993.60303  
11995.93691  
11992.36175  
11990.18992  
12005.67386  
11994.33785  
11970.0518  
11937.72048  
11949.1097  
11921.11642  
11906.00535  
11930.90049  
11950.89702  
11991.25175  
11979.58928  
11989.46707  
11981.57675  
11994.83439  
11984.52187  
11933.02658  
11916.19049  
11922.17734  
11919.8197  
11897.93982  
11948.45845  
11946.18267  
11986.65394  
11971.60782  
11972.21891  
11953.70697  
11973.15457  
11922.87276  
11922.00899  
11946.36375  
11983.88818  
11972.98637  
11964.39019  
11953.80446  
11915.11385  
11930.55436  
11851.38791  
11927.41815  
11916.97673  
11933.56029  
11956.20651  
11974.76352  
11957.7487  
11969.87047  
11959.09334  
11963.12309  
11953.65716  
12002.1558  
11989.37851  
11974.09359  
11949.7571  
11971.62985  
11970.24217  
11992.09859  
11978.85278  
12014.94357  
12028.93209  
12004.87821  
12011.62317  
11973.54768  
12003.96588  
11968.20528  
11964.96095  
11962.91302  
11999.63819  
12009.85547  
12020.03977  
12012.82447  
12014.46104  
12019.77702  
11977.65921  
11999.29723  
11981.8644  
12021.46513  
12042.43821  
12015.08403  
11987.44264  
11978.2045  
11923.63661  
11909.59047  
11885.43875  
11888.6316  
11909.15656  
11930.90806  
11902.21358  
11971.49751  
11996.96871  
11975.3888  
11945.47982  
11944.10945  
11990.09117  
11977.58091  
11952.46336  
11957.465  
12016.95041  
12045.32648  
11995.52434  
11999.82031  
12003.78309  
11995.68635  
11986.35342  
11980.99285  
11993.85967  
11950.17451  
11971.71862  
12006.08305  
11959.43248  
11929.03356  
11940.50146  
11998.52546  
11950.14409  
11900.98747  
11918.2572  
11971.93625  
11977.65093  
11954.23939  
11955.46767  
11977.46023  
12004.50675  
11965.26298  
12001.19262  
11997.05486  
12018.93565  
12027.08761  
12004.60127  
11992.04963  
11999.87206  
12021.65066  
11987.06542  
11964.75829  
11930.64651  
11945.51346  
11925.23886  
11910.2266  
11892.72788  
11952.33793  
11874.54065  
11967.38655  
12003.33155  
12008.01482  
12043.28693  
11959.90928  
11967.14271  
11947.19083  
11931.86138  
11927.19047  
11945.81996  
11995.48786  
11986.48916  
11954.59074  
11996.86853  
11998.06462  
11994.20046  
11980.64719  
12002.9699  
11953.11958  
12013.66992  
11959.10182  
11954.74442  
11959.93913  
11975.54966  
11982.42282  
11971.48096  
11948.99053  
11939.59175  
11949.4325  
11942.30452  
11949.95577  
11942.90016  
11957.63349  
11956.7242  
11936.75746  
12004.63942  
11975.36451  
11978.94408  
11953.65074  
11958.85415  
12005.83001  
12000.40829  
11973.01495  
11981.41276  
11983.14842  
12008.47026  
11957.706  
11951.01768  
11937.79453  
11944.83674  
11973.64174  
12005.37167  
12015.30524  
12016.2831  
11978.61032  
12021.40005  
11986.56488  
11965.00253  
12022.82846  
12021.91323  
12025.31544  
12023.2443  
11990.17316  
11995.46306  
11987.40755  
11941.17105  
11910.84034  
11928.86515  
11933.56951  
11950.31015  
11935.98491  
11959.49984  
11953.6101  
11973.8033  
11988.16123  
11892.4207  
11950.52703  
11938.26615  
11953.66007  
11932.21569  
11950.58922  
11966.04869  
11980.55726  
11963.86757  
12027.62742  
12027.04628  
11996.53976  
11998.75569  
12013.39143  
11968.12758  
12010.30128  
11977.04744  
11954.39871  
11952.94476  
12034.11477  
11966.56411  
11939.35541  
11966.03124  
11940.33887  
11934.47638  
11939.5428  
11991.41469  
11928.082  
11984.75661  
11976.59638  
12034.20972  
12001.21347  
11988.94526  
11958.06526  
12008.02317  
11988.60916  
11979.11512  
11948.16031  
12028.99306  
12006.76823  
11991.43549  
12006.31375  
11987.93519  
11989.27726  
11963.18395  
11968.65646  
11976.74342  
11969.15496  
11922.90842  
11921.74987  
11945.53303  
11941.39326  
11914.93007  
11895.91399  
11961.74195  
11953.04959  
11981.71974  
12000.12523  
11960.51003  
11962.54969  
11972.77995  
11955.16544  
11978.62932  
11961.35107  
11996.76884  
11975.33871  
11979.1541  
12024.65493  
12025.92873  
12004.15615  
12001.40039  
11947.48633  
11955.1512  
11926.11213  
11961.26471  
11922.45337  
11920.4045  
11945.16975  
11951.67571  
11969.60516  
11960.98224  
11954.97829  
11988.28169  
11948.50651  
11974.4035  
11984.09593  
11996.05671  
12019.48646  
