11027.04883  
10807.93059  
10821.11274  
10827.68403  
10859.28939  
10838.98003  
10780.18574  
10748.83533  
10686.88123  
10696.69282  
10656.34004  
10644.06349  
10654.38266  
10648.40948  
10622.986  
10646.58578  
10633.74472  
10657.12015  
10598.42045  
10648.60475  
10683.66959  
10712.98014  
10711.15356  
10687.81447  
10711.3062  
10726.1785  
10737.93429  
10748.32324  
10766.63367  
10753.04184  
10759.61564  
10792.19043  
10765.5165  
10763.50844  
10794.79103  
10834.25453  
10816.89704  
10793.02311  
10839.68108  
10786.13414  
10798.43584  
10792.99053  
10830.59173  
10813.23924  
10759.06815  
10829.49487  
10810.18326  
10772.59091  
10820.94095  
10792.57955  
10741.85057  
10794.80863  
10726.52823  
10735.10073  
10750.53249  
10717.33876  
10726.29112  
10724.43476  
10742.43994  
10746.46802  
10771.38968  
10768.86483  
10743.09837  
10751.38485  
10781.96844  
10736.33613  
10767.83255  
10771.4745  
10759.9397  
10728.15079  
10721.14866  
10704.52788  
10715.15215  
10722.67562  
10739.56546  
10722.37102  
10759.85392  
10750.97965  
10739.62378  
10738.80866  
10745.84033  
10737.1905  
10735.59638  
10731.39893  
10741.68759  
10720.56628  
10711.44753  
10717.16204  
10708.64179  
10756.39702  
10662.40297  
10666.1099  
10701.51144  
10726.91947  
10776.20717  
10756.23211  
10767.09968  
10782.70874  
10683.30066  
10664.18945  
10713.86168  
10693.59267  
10727.67433  
10735.27708  
10763.66513  
10729.58991  
10733.59513  
10732.41757  
10685.82213  
10693.66483  
10747.86701  
10730.9688  
10747.60015  
10729.0004  
10769.52136  
10744.00077  
10758.45857  
10743.01639  
10743.14366  
10713.22041  
10741.72827  
10762.97928  
10779.71179  
10790.11646  
10768.20585  
10744.34926  
10744.77032  
10753.52377  
10756.46709  
10749.74374  
10721.07064  
10698.51097  
10751.0884  
10777.93225  
10770.01978  
10778.9371  
10732.11834  
10744.08327  
10719.18541  
10736.29145  
10758.02961  
10787.29532  
10763.5787  
10792.59258  
10738.16717  
10749.84021  
10748.21123  
10767.25462  
10748.18065  
10720.09253  
10761.63993  
10776.05856  
10735.79853  
10746.3678  
10719.49501  
10771.03845  
10749.74156  
10759.4088  
10753.32272  
10769.48049  
10727.86612  
10691.11687  
10740.64689  
10778.87674  
10766.66391  
10738.24048  
10778.29041  
10742.50997  
10748.60413  
10718.97674  
10741.15742  
10718.35067  
10733.57689  
10770.5681  
10728.60219  
10739.41537  
10746.54946  
10759.52171  
10744.92503  
10698.40329  
10698.20243  
10708.47951  
10720.43849  
10727.3992  
10755.56855  
10764.42845  
10728.91098  
10747.59621  
10752.50661  
10729.48587  
10792.05964  
10749.20114  
10738.80411  
10798.4107  
10724.67833  
10727.41828  
10736.54079  
10741.77019  
10748.18896  
10796.77114  
10776.23434  
10787.82247  
10773.72025  
10759.643  
10731.65588  
10737.71026  
10765.73846  
10763.09705  
10763.94843  
10792.20928  
10761.82676  
10761.60646  
10744.14352  
10760.56548  
10724.71854  
10717.55033  
10736.10364  
10724.93176  
10714.53906  
10704.05069  
10726.66132  
10708.92004  
10752.00886  
10755.58922  
10742.53627  
10752.51549  
10776.05057  
10741.03887  
10748.60031  
10746.86905  
10742.89933  
10717.53734  
10763.18045  
10754.30038  
10772.88304  
10759.53155  
10750.56805  
10734.56292  
10725.44151  
10714.87667  
10694.38585  
10697.35564  
10675.32265  
10716.47081  
10721.89493  
10713.04803  
10696.92786  
10707.02014  
10688.30676  
10694.35228  
10732.19725  
10713.96915  
10733.62031  
10740.69849  
10785.73031  
10776.57804  
10773.64167  
10755.53943  
10762.03177  
10770.65852  
10772.15981  
10782.75419  
10765.75085  
10768.84515  
10769.25324  
10793.7372  
10785.84211  
10796.11464  
10791.0403  
10787.67554  
10832.88323  
10792.5444  
10786.99622  
10749.09211  
10720.59031  
10726.60575  
10719.28142  
10738.04042  
10773.15534  
10768.95696  
10766.19334  
10741.79257  
10743.36236  
10728.72013  
10720.88365  
10717.34792  
10702.83984  
10730.19695  
10702.69449  
10728.6469  
10681.40013  
10730.86591  
10759.45319  
10740.39348  
10769.95989  
10796.87737  
10791.11379  
10773.04658  
10814.96783  
10815.43572  
10784.80174  
10803.68966  
10764.7689  
10757.1484  
10763.55722  
10780.02051  
10755.90892  
10746.57485  
10779.5475  
10764.53655  
10777.43604  
10798.38712  
10795.42876  
10768.87741  
10793.26505  
10759.66096  
10722.20635  
10727.45133  
10749.54218  
10716.62022  
10728.12531  
10752.47691  
10760.34933  
10737.80469  
10725.44284  
10758.21973  
10721.72975  
10767.93161  
10786.4745  
10759.74691  
10784.38777  
10749.4078  
10729.22367  
10786.71704  
10778.95454  
10747.72508  
10754.38935  
10763.72158  
10757.11272  
10737.99412  
10760.13595  
10698.04953  
10735.77452  
10716.01161  
10752.13264  
10732.98293  
10707.05954  
10752.40962  
10725.12488  
10700.51829  
10714.13473  
10711.22234  
10676.21282  
10695.28903  
10688.42585  
10715.78373  
10717.25295  
10768.3572  
10746.05655  
10687.07955  
10741.40901  
10740.34862  
10759.68684  
10743.9827  
10738.09152  
10743.57907  
10740.35777  
10755.31716  
10744.47675  
10740.78172  
10734.16638  
10704.29855  
10755.99009  
10698.76407  
10698.53392  
10736.45656  
10723.2917  
10720.9152  
10750.87474  
10758.41042  
10759.58568  
10741.59699  
10721.48389  
10683.27117  
10669.17158  
10722.13126  
10700.5166  
10708.70213  
10731.26402  
10712.19664  
10750.52699  
10725.18399  
10790.43617  
10745.78228  
10742.93403  
10716.26446  
10717.91713  
10693.20183  
10690.66105  
10730.2108  
10712.72077  
10757.65426  
10758.349  
10785.64242  
10735.98727  
10735.12059  
10767.10343  
10759.51229  
10773.07104  
10749.55838  
10701.76793  
10772.68473  
10756.37948  
10764.0067  
10784.5336  
10765.38363  
10771.93483  
10761.17836  
10767.74658  
10801.73479  
10782.61115  
10808.26296  
10789.32148  
10781.01257  
10817.65349  
10804.38665  
10747.1039  
10787.57947  
10789.49667  
10763.79234  
10793.91813  
10767.56709  
10790.8539  
10739.02265  
10788.55312  
10772.59938  
10764.92943  
10772.65409  
10736.69758  
10760.51357  
10758.76695  
10713.52605  
10756.87898  
10754.43679  
10734.77844  
10733.64959  
10757.92299  
10728.7183  
10765.2715  
10745.91847  
10738.29363  
10778.56634  
10757.19679  
10769.2655  
10776.32026  
10753.04595  
10747.72937  
10733.78976  
10759.81932  
10738.20883  
10719.53793  
10772.62727  
10768.44456  
10732.60718  
10750.90055  
10744.96943  
10746.89945  
10768.14488  
10798.88874  
10769.7131  
10755.28132  
10744.79932  
10729.86748  
10701.61895  
10677.31517  
10700.4687  
10728.58796  
10742.48746  
10728.91091  
10754.88634  
10713.47785  
10754.24773  
10712.87671  
10755.9387  
10779.84802  
10768.16281  
10789.42086  
10793.62627  
10764.6283  
10719.02182  
10738.39251  
10743.63208  
10728.65533  
10713.35298  
10686.95475  
10726.76249  
10703.93284  
10749.20923  
10737.43607  
10712.73298  
10689.63555  
10734.38567  
10710.56944  
10700.25841  
10717.95021  
10721.51529  
10730.82335  
10739.99391  
10759.50691  
10801.19376  
10788.15812  
10793.86354  
10767.37966  
10777.22011  
10741.63442  
10759.00469  
10710.58465  
10719.04677  
10715.97679  
10694.51203  
10760.58149  
10799.49208  
10795.97121  
10817.31695  
10804.0562  
10794.29199  
10720.36482  
10711.93696  
10715.15923  
10715.75546  
10679.23713  
10727.21537  
10714.98103  
10671.46245  
10715.51071  
10733.9171  
10757.45572  
10715.38269  
10741.62191  
10738.04503  
10771.44083  
10722.18089  
10752.25943  
10788.23938  
10763.27028  
10753.8389  
10755.72923  
10762.48413  
10782.07188  
10792.43391  
10809.5479  
10784.79813  
10763.43077  
10778.72194  
10743.67691  
10761.21305  
10761.0146  
10758.11858  
10715.02429  
10700.8953  
10720.61129  
10761.72707  
10754.44974  
10763.60822  
10766.58172  
10772.54749  
10794.37228  
10757.93324  
10737.34312  
10743.07971  
10708.94301  
10677.82776  
10754.58487  
10728.04557  
10700.47545  
10707.96104  
10720.0884  
10744.24372  
10722.47841  
10701.34931  
10727.3524  
10748.96952  
10775.82527  
10785.43351  
10781.45  
10762.77502  
10749.75987  
10737.75084  
10720.73729  
10730.87547  
10728.00366  
10764.91019  
10741.37835  
10724.0561  
10684.41809  
10727.67946  
10726.17245  
10746.74758  
10808.13116  
10781.60223  
10781.40859  
10780.27072  
10779.93556  
10786.97151  
10765.77557  
10770.26641  
10746.18956  
10759.12769  
10770.67582  
10754.76313  
10783.53711  
10767.10416  
10729.27276  
10715.33784  
10736.42861  
10722.3151  
10720.5545  
10734.40384  
10753.47569  
10724.70178  
10730.38365  
10754.48945  
10744.15187  
10710.34692  
10709.83554  
10750.9627  
10751.088  
10724.59703  
10701.20677  
10733.05078  
10686.89603  
10696.52863  
10724.53913  
10735.74887  
10742.4695  
10753.77508  
10713.22752  
10708.27558  
10737.20231  
10701.34197  
10672.25959  
10749.52773  
10744.95947  
10768.29951  
10744.61712  
10745.16251  
10743.42219  
10757.31539  
10758.81965  
10720.76669  
10716.12123  
10728.66743  
10710.68621  
10742.7808  
10721.28707  
10726.686  
10781.27373  
10783.23197  
10764.09098  
10740.54149  
10754.09914  
10758.70131  
10757.37  
10766.78099  
10765.07652  
10790.27867  
10795.60221  
10773.08433  
10751.38496  
10764.81471  
10757.39997  
10723.9887  
10723.58534  
10701.0562  
10711.48078  
10686.22655  
10728.1687  
10727.30111  
10725.4951  
10716.61159  
10749.11801  
10749.62191  
10788.20747  
10776.25494  
10743.08257  
10781.21484  
10787.11755  
10798.95194  
10779.46399  
10758.55694  
10790.61154  
10818.39062  
10814.80298  
10808.25349  
10768.59263  
10742.47327  
10752.24967  
10763.5109  
10755.45979  
10746.62905  
10764.92072  
10729.2421  
10739.93837  
10764.54035  
10712.96038  
10715.78137  
10699.45449  
10695.25181  
10701.68426  
10715.9044  
10761.00745  
10732.17618  
10750.80929  
10757.29328  
10776.53355  
10731.70211  
10775.86775  
10753.35531  
10804.98847  
10818.12955  
10785.10749  
10737.60144  
10760.00692  
10744.75373  
10715.77253  
10695.35498  
10681.45455  
10723.06716  
10784.83126  
10749.35393  
10780.7338  
10729.09309  
10724.50398  
10743.08292  
10727.6367  
10720.96273  
10711.63133  
