10423.08916  
10313.65658  
10245.05883  
10243.3549  
10231.57186  
10213.4986  
10187.1692  
10236.59075  
10204.58047  
10185.61191  
10172.20717  
10193.2331  
10200.51953  
10239.47535  
10218.9251  
10194.24566  
10249.59865  
10166.44359  
10181.6739  
10185.2008  
10180.63738  
10182.66534  
10183.99246  
10186.2251  
10163.08823  
10174.14235  
10151.06133  
10163.2862  
10201.23893  
10161.89544  
10194.56264  
10189.92018  
10174.30203  
10168.66568  
10147.04042  
10200.91471  
10225.81491  
10191.50573  
10210.02791  
10191.38215  
10150.02566  
10201.47066  
10199.92884  
10195.24774  
10227.77982  
10236.5244  
10253.89255  
10216.29631  
10175.60691  
10213.19613  
10202.04781  
10206.0346  
10242.50551  
10192.49513  
10219.46942  
10199.88322  
10161.54914  
10164.26874  
10154.11681  
10133.1894  
10196.45509  
10199.87588  
10203.03482  
10208.03177  
10222.97369  
10229.44094  
10223.18811  
10225.94138  
10172.59766  
10184.31747  
10199.38203  
10173.90128  
10211.37919  
10231.44336  
10214.02962  
10187.83169  
10242.7648  
10198.45018  
10257.3289  
10267.02146  
10210.75807  
10229.81271  
10240.49261  
10200.74333  
10222.18205  
10231.46845  
10220.53337  
10219.26645  
10212.43478  
10176.25416  
10220.70162  
10192.01294  
10170.1087  
10238.63986  
10224.60432  
10206.14866  
10207.19608  
10234.7175  
10215.06331  
10238.32743  
10230.01077  
10193.67316  
10228.66923  
10212.29971  
10238.15089  
10227.63276  
10231.65741  
10225.7866  
10223.81525  
10202.39824  
10204.77846  
10226.6754  
10186.14228  
10181.52729  
10172.59007  
10168.53878  
10199.07355  
10222.97676  
10188.88624  
10225.1948  
10249.1234  
10203.60166  
10218.15039  
10240.0866  
10228.14568  
10212.07702  
10242.54672  
10201.24912  
10204.13958  
10228.01676  
10226.43432  
10191.73457  
10186.80055  
10175.31677  
10169.55889  
10167.51196  
10173.38066  
10149.85562  
10156.11379  
10157.99509  
10169.15655  
10171.62255  
10191.09253  
10220.02647  
10186.41098  
10248.87715  
10241.84163  
10214.09436  
10217.5713  
10256.83026  
10201.62249  
10237.61904  
10237.60568  
10221.15876  
10213.14663  
10204.23087  
10188.4667  
10197.29897  
10214.20335  
10192.67357  
10198.58605  
10213.32899  
10213.92555  
10216.03949  
10251.36816  
10215.5536  
10255.77567  
10241.49992  
10210.49455  
10228.93072  
10185.47828  
10208.80762  
10168.95062  
10197.73153  
10157.44834  
10182.49056  
10153.62081  
10156.45297  
10179.76149  
10144.39511  
10159.48897  
10189.6202  
10204.84004  
10182.54811  
10226.82061  
10222.74423  
10249.09743  
10248.56246  
10250.82094  
10300.91365  
10248.48621  
10291.70574  
10296.91695  
10255.19193  
10270.12531  
10250.1066  
10232.52998  
10266.251  
10251.81881  
10222.93164  
10233.9927  
10237.71705  
10204.60739  
10185.35073  
10188.01572  
10158.37152  
10195.33843  
10194.34809  
10189.24234  
10171.4868  
10205.56924  
10214.64067  
10189.56334  
10223.31386  
10212.67213  
10186.31438  
10188.4878  
10223.68706  
10206.52644  
10238.21927  
10212.74723  
10181.65887  
10211.41552  
10214.60585  
10207.94868  
10205.50173  
10159.1219  
10202.2931  
10221.11276  
10200.48306  
10212.60636  
10196.85091  
10237.41208  
10205.15537  
10191.6893  
10183.64793  
10180.71864  
10155.25061  
10176.21784  
10173.69879  
10153.34851  
10173.30351  
10198.37333  
10182.45937  
10240.71667  
10188.50236  
10179.69619  
10170.17022  
10169.21377  
10168.58417  
10174.11076  
10221.06584  
10222.55842  
10231.06915  
10233.19758  
10290.54387  
10261.29174  
10260.89671  
10285.75671  
10259.9361  
10254.98347  
10244.35364  
10220.6827  
10218.81186  
10208.07522  
10229.10935  
10264.35356  
10254.79453  
10177.33415  
10171.06028  
10180.25977  
10189.19381  
10183.19963  
10197.51889  
10220.50376  
10203.62383  
10192.31176  
10177.34863  
10156.56717  
10165.22921  
10160.46908  
10145.55716  
10179.76911  
10201.66225  
10193.13491  
10211.62762  
10241.86896  
10197.33639  
10219.94783  
10233.11915  
10240.02586  
10244.84262  
10255.24761  
10265.95669  
10235.80793  
10239.35687  
10245.88076  
10230.93068  
10233.21722  
10220.53322  
10192.7603  
10207.19342  
10212.79076  
10213.38157  
10210.27105  
10202.56442  
10165.59882  
10170.07357  
10183.7268  
10183.75514  
10170.29511  
10172.45983  
10180.22925  
10223.60233  
10223.02223  
10263.9639  
10225.37119  
10240.69492  
10215.43617  
10214.0843  
10216.33178  
10224.03988  
10218.8007  
10240.85407  
10230.09684  
10215.43194  
10204.51921  
10209.47757  
10162.33094  
10154.78661  
10205.54581  
10200.6933  
10214.42289  
10181.46353  
10211.53323  
10239.05617  
10202.90901  
10187.91198  
10147.15247  
10155.88908  
10190.15134  
10150.83802  
10144.46685  
10144.06931  
10139.72573  
10181.88849  
10182.93423  
10175.79496  
10134.55641  
10125.04669  
10141.8516  
10151.33314  
10178.79738  
10200.53871  
10204.20155  
10245.20884  
10289.24557  
10270.49639  
10259.7002  
10250.32532  
10260.59733  
10232.86764  
10266.41711  
10245.457  
10240.77843  
10227.30405  
10197.32645  
10162.7862  
10210.66178  
10269.93349  
10255.7287  
10245.84289  
10220.23355  
10201.26388  
10208.3761  
10178.70226  
10158.65441  
10155.15492  
10129.81164  
10168.30254  
10190.99498  
10181.90294  
10163.03575  
10177.73415  
10187.9388  
10251.94278  
10269.71687  
10234.60419  
10255.52829  
10239.57739  
10238.72668  
10215.86202  
10242.88775  
10239.95853  
10241.04591  
10235.16287  
10228.14573  
10199.42598  
10230.99104  
10224.91814  
10228.14789  
10230.12922  
10199.38973  
10177.05926  
10188.67558  
10158.28267  
10164.82126  
10177.31281  
10159.25014  
10170.23801  
10183.29917  
10157.87023  
10152.56423  
10179.06877  
10194.51911  
10221.40222  
10209.60524  
10170.56058  
10179.66981  
10194.83748  
10164.55692  
10205.40336  
10201.84774  
10255.63526  
10234.23501  
10235.33244  
10232.83643  
10224.30675  
10222.74502  
10231.58097  
10200.09212  
10178.12984  
10217.03125  
10185.17381  
10193.86211  
10192.34962  
10177.13283  
10191.56501  
10209.40224  
10174.27975  
10150.25065  
10156.15083  
10155.06048  
10151.46095  
10188.58383  
10179.54525  
10177.49884  
10173.77021  
10213.52412  
10236.16657  
10224.24625  
10222.69146  
10200.94059  
10163.14505  
10189.66778  
10200.75948  
10214.58498  
10253.4257  
10300.47516  
10266.83496  
10293.19633  
10290.12139  
10254.23385  
10278.93664  
10274.58097  
10239.62039  
10218.76373  
10201.06317  
10162.51946  
10160.50842  
10205.62266  
10201.70828  
10196.24626  
10227.31687  
10219.99574  
10177.12135  
10208.36882  
10212.29245  
10181.00675  
10200.91777  
10169.93599  
10172.07875  
10181.11723  
10229.75853  
10178.38932  
10214.24564  
10210.92819  
10213.36447  
10158.29127  
10157.83557  
10173.57848  
10193.13464  
10201.95117  
10192.79617  
10165.2177  
10206.08953  
10221.03145  
10235.45753  
10210.51759  
10181.61831  
10150.75766  
10163.97673  
10196.67178  
10210.53659  
10267.32593  
10224.08715  
10269.91491  
10245.09243  
10271.44148  
10241.09951  
10238.9451  
10211.97418  
10197.90846  
10193.26582  
10182.21046  
10204.13261  
10187.85425  
10200.27106  
10204.37967  
10198.51489  
10187.48907  
10193.25727  
10183.38932  
10175.23263  
10191.11003  
10186.73204  
10171.08025  
10203.85473  
10188.17881  
10204.3235  
10226.46215  
10230.71095  
10238.38652  
10236.82869  
10216.93933  
10244.99434  
10221.4637  
10211.00596  
10239.03848  
10207.5657  
10210.1863  
10190.50481  
10222.32517  
10246.90145  
10228.73438  
10207.76621  
10161.01799  
10162.63318  
10172.80204  
10214.40977  
10223.68441  
10186.45811  
10192.05651  
10176.72518  
10213.13951  
10237.62235  
10212.74632  
10177.7327  
10181.33343  
10200.61516  
10159.86952  
10198.0431  
10194.78894  
10179.85939  
10176.37019  
10196.67499  
10209.61724  
10238.19568  
10248.64477  
10243.33502  
10245.33473  
10256.13213  
10232.50686  
10245.33472  
10284.39909  
10225.09052  
10192.91142  
10220.31159  
10230.74346  
10240.75635  
10254.31857  
10213.2698  
10230.06016  
10184.60759  
10209.64306  
10210.59485  
10218.72975  
10204.29303  
10191.56157  
10202.16771  
10183.47028  
10179.96225  
10183.1038  
10160.8374  
10172.49982  
10170.81036  
10212.99697  
10189.58304  
10230.48507  
10252.85032  
10226.06607  
10248.75694  
10218.68116  
10205.37751  
10202.3977  
10170.31496  
10157.59838  
10200.86553  
10192.56022  
10179.80702  
10246.10657  
10265.92203  
10269.15444  
10289.57568  
10259.85381  
10209.03308  
10202.40871  
10227.5838  
10186.32253  
10197.92292  
10225.44981  
10194.67141  
10205.99346  
10144.77187  
10171.21048  
10192.23251  
10246.70729  
10234.57788  
10248.72359  
10243.25333  
10220.44986  
10184.01841  
10182.87217  
10161.77478  
10188.52008  
10163.04215  
10177.81403  
10159.76826  
10139.15302  
10121.07255  
10171.77407  
10145.66709  
10158.43332  
10179.62285  
10194.41439  
10209.11154  
10207.28697  
10274.87881  
10267.80818  
10237.38264  
10207.65557  
10187.84065  
10204.0163  
10209.65057  
10209.64143  
10182.13462  
10170.16984  
10166.87722  
10153.72581  
10184.57534  
10167.67084  
10194.43229  
10188.97135  
10211.49524  
10182.87507  
10182.93773  
10160.86925  
10125.00232  
10206.3934  
10249.76616  
10260.98926  
10231.39954  
10276.41062  
10228.08135  
10206.97997  
10224.67522  
10210.94187  
10205.2824  
10236.20345  
10255.19142  
10259.52634  
10244.68419  
10247.31643  
10215.93446  
10202.54462  
10205.26788  
10177.75126  
10213.68962  
10239.93307  
10202.57474  
10192.66681  
10214.22658  
10188.0872  
10195.87674  
10208.25961  
10167.30423  
10208.65919  
10182.16473  
10166.92524  
10168.52382  
10182.89885  
10187.20468  
10197.62489  
10215.06844  
10200.90829  
10200.85046  
10186.69993  
10198.23629  
10187.91313  
10207.30883  
10225.54295  
10184.76159  
10194.06731  
10231.55072  
10241.86536  
10220.26868  
10216.68291  
10221.28156  
10205.10687  
10167.52683  
10241.94579  
10195.86569  
10157.30647  
10189.45525  
10209.78555  
10230.47961  
10222.05933  
10208.57965  
10205.35175  
10223.57927  
10201.83178  
10224.93007  
10240.01772  
10212.8324  
10208.05954  
10203.65662  
