9890.268764  
9843.631592  
9828.682652  
9820.378069  
9844.317069  
9883.059152  
9854.012591  
9847.416399  
9852.255371  
9822.833217  
9809.178781  
9779.050119  
9826.055385  
9781.676758  
9748.634766  
9732.433943  
9761.808524  
9774.434152  
9806.36928  
9765.735631  
9721.559849  
9746.574323  
9796.197161  
9838.456229  
9847.963484  
9829.195068  
9836.76416  
9869.732108  
9856.26008  
9810.408203  
9756.790492  
9809.29691  
9825.710589  
9840.260184  
9828.833775  
9850.438581  
9826.557826  
9838.685582  
9831.425467  
9827.546143  
9869.011963  
9832.938686  
9749.305838  
9777.580357  
9792.028669  
9831.791992  
9824.934012  
9833.93328  
9827.781773  
9788.511579  
9789.28976  
9794.472761  
9769.862165  
9770.16333  
9815.549003  
9833.515555  
9829.77138  
9803.875942  
9721.109096  
9738.187674  
9705.177804  
9743.604701  
9749.072614  
9783.770124  
9858.564558  
9875.330915  
9911.077253  
9914.845633  
9895.225167  
9886.428153  
9859.318708  
9849.243338  
9913.586844  
9895.276297  
9850.118373  
9829.67177  
9829.609584  
9789.990234  
9841.404262  
9773.38623  
9779.075928  
9836.548479  
9825.185093  
9832.628348  
9829.443255  
9807.034773  
9802.250035  
9802.114432  
9833.587228  
9852.358677  
9778.277902  
9754.685512  
9782.866595  
9863.82952  
9891.79269  
9829.510428  
9775.972273  
9755.111258  
9788.95037  
9810.754918  
9814.44036  
9865.502616  
9870.670689  
9874.769566  
9862.746373  
9870.59647  
9802.785889  
9783.597552  
9746.892055  
9760.814139  
9738.531215  
9735.263951  
9753.955287  
9772.027797  
9753.96031  
9788.756313  
9750.819789  
9723.453195  
9807.76845  
9797.195452  
9828.247768  
9840.061349  
9859.701416  
9844.314453  
9811.468924  
9815.73584  
9768.00572  
9798.580218  
9819.983643  
9790.167725  
9832.360561  
9813.835484  
9791.935338  
9758.664446  
9751.049421  
9755.68314  
9730.908064  
9780.765695  
9825.263916  
9829.666922  
9833.689209  
9799.505511  
9798.722621  
9796.771868  
9802.673514  
9880.494455  
9938.57659  
9898.976493  
9875.789725  
9918.412144  
9890.12629  
9785.015904  
9748.851597  
9765.065151  
9744.686349  
9826.442522  
9829.950684  
9883.549316  
9900.237758  
9928.157715  
9978.141846  
9909.404611  
9867.6762  
9782.911063  
9741.746652  
9712.552909  
9778.140067  
9796.178711  
9767.441057  
9769.62507  
9729.754743  
9802.837333  
9780.563198  
9739.38909  
9727.896415  
9739.644461  
9768.915911  
9815.157889  
9792.671805  
9813.084403  
9810.574393  
9777.284773  
9790.436523  
9747.485142  
9765.778948  
9777.76573  
9788.988177  
9811.339495  
9807.613386  
9817.59654  
9829.614607  
9889.571394  
9933.408482  
9911.424909  
9882.642404  
9857.238909  
9859.040039  
9846.163714  
9848.580253  
9883.7357  
9887.834787  
9911.89345  
9876.691546  
9858.086705  
9883.424282  
9834.648438  
9901.11635  
9890.707554  
9832.91183  
9817.365479  
9776.110561  
9738.744524  
9719.16061  
9772.329415  
9778.057199  
9764.931083  
9766.076486  
9726.150321  
9808.708217  
9814.434605  
9794.690848  
9796.159738  
9780.007045  
9811.633754  
9769.523926  
9822.187919  
9813.225865  
9773.525844  
9830.409982  
9841.984026  
9902.845982  
9876.385812  
9838.023054  
9845.398089  
9859.026786  
9889.125244  
9884.359654  
9925.197824  
9891.753767  
9916.993652  
9924.911516  
9883.098005  
9867.946045  
9860.33388  
9829.932966  
9853.486328  
9846.108259  
9827.292201  
9865.869908  
9845.262207  
9843.719099  
9855.051025  
9879.554025  
9854.135917  
9871.748361  
9842.83238  
9810.067557  
9803.471819  
9811.854074  
9786.239607  
9772.484724  
9796.449672  
9791.091832  
9789.714216  
9776.473807  
9810.317871  
9748.57516  
9732.990862  
9765.379499  
9786.935652  
9778.964565  
9775.006313  
9749.391811  
9733.57108  
9770.372628  
9765.94165  
9755.468262  
9853.010114  
9887.772147  
9835.698696  
9813.75415  
9719.21317  
9679.16619  
9614.478202  
9638.99421  
9752.185093  
9768.232317  
9777.783343  
9761.405727  
9723.461496  
9711.599295  
9786.232945  
9779.219029  
9803.071359  
9815.455148  
9861.166016  
9894.386719  
9884.494768  
9849.87364  
9824.542341  
9780.865444  
9727.153843  
9725.879325  
9766.305664  
9826.240827  
9853.451032  
9820.144078  
9756.032192  
9722.846261  
9745.00708  
9728.790667  
9787.680908  
9817.85948  
9827.969413  
9804.393136  
9823.797817  
9791.649867  
9739.454555  
9771.211356  
9794.056187  
9847.931327  
9863.431676  
9901.729422  
9922.938372  
9907.818987  
9925.786516  
9891.874268  
9874.170271  
9859.870396  
9886.229422  
9882.072301  
9863.047921  
9861.055734  
9874.929443  
9881.778251  
9865.092704  
9855.297677  
9801.6476  
9822.003976  
9844.675711  
9851.892404  
9817.56665  
9744.69472  
9709.564488  
9739.969273  
9791.384068  
9818.985561  
9825.964983  
9880.451556  
9848.354841  
9850.320278  
9860.544922  
9826.580183  
9813.584961  
9771.105887  
9773.766462  
9772.34239  
9770.667341  
9798.471401  
9833.119315  
9866.604004  
9832.499686  
9880.640939  
9867.24292  
9840.505441  
9848.074707  
9796.345075  
9750.313895  
9748.51988  
9777.507533  
9782.406703  
9765.21303  
9796.362444  
9796.724295  
9866.327288  
9871.182757  
9824.242397  
9824.667585  
9819.315988  
9801.366629  
9795.644566  
9829.586147  
9821.960205  
9829.156564  
9846.896415  
9865.607038  
9831.993478  
9831.315604  
9823.011161  
9776.582031  
9759.745117  
9763.556571  
9808.732596  
9794.34103  
9824.46167  
9799.94458  
9766.854004  
9799.411098  
9760.795306  
9745.124651  
9770.475098  
9779.362793  
9812.898786  
9736.395682  
9813.024205  
9844.912772  
9833.750349  
9881.958287  
9876.300293  
9830.244315  
9823.775216  
9829.803746  
9868.991874  
9849.440325  
9832.369664  
9878.487967  
9866.75565  
9840.13079  
9836.805176  
9867.446603  
9859.617606  
9882.894741  
9896.551339  
9898.285958  
9833.195103  
9853.272182  
9837.762451  
9843.417132  
9837.945696  
9817.990792  
9798.496791  
9778.664202  
9826.7357  
9866.627476  
9826.296631  
9810.347796  
9762.418666  
9738.200021  
9772.806187  
9793.215437  
9823.16469  
9849.079485  
9799.967808  
9766.421805  
9772.681222  
9841.021798  
9816.882185  
9795.888637  
9786.334229  
9787.804548  
9794.05399  
9848.919747  
9844.503627  
9817.813337  
9814.923165  
9786.124965  
9806.723319  
9827.337856  
9837.074393  
9847.582241  
9858.393799  
9851.214739  
9863.576242  
9879.559501  
9880.215332  
9929.234724  
9903.059117  
9870.428083  
9798.411447  
9797.010324  
9754.209821  
9786.392194  
9789.941336  
9717.026995  
9753.50286  
9790.182059  
9801.133196  
9839.850098  
9833.973528  
9791.635393  
9779.140939  
9797.30678  
9815.469552  
9768.424177  
9745.914272  
9780.177141  
9808.179688  
9785.462158  
9788.112061  
9764.705671  
9735.273158  
9793.736572  
9796.435093  
9776.859759  
9756.426618  
9761.289969  
9790.822161  
9801.485805  
9819.841553  
9826.549386  
9806.131452  
9789.037737  
9807.242815  
9820.071603  
9792.739746  
9799.935477  
9824.574254  
9859.412249  
9819.017787  
9773.678711  
9755.661133  
9738.297503  
9733.364816  
9790.399554  
9877.046491  
9870.429339  
9885.686175  
9873.331264  
9805.173235  
9787.59511  
9701.777693  
9658.884696  
9671.453474  
9745.523124  
9798.65332  
9811.450195  
9825.552665  
9816.44744  
9808.51559  
9805.09933  
9746.03697  
9768.027832  
9782.013951  
9803.91912  
9821.044957  
9842.946115  
9863.864676  
9862.103027  
9850.33102  
9879.068255  
9886.08088  
9848.033901  
9856.705357  
9870.705811  
9846.12936  
9834.057652  
9791.217843  
9773.641985  
9753.204102  
9736.193673  
9786.956927  
9825.643764  
9870.603341  
9861.030483  
9882.058315  
9876.833601  
9858.535226  
9843.030936  
9809.711809  
9820.980364  
9831.778251  
9796.366769  
9779.232527  
9763.134417  
9781.413993  
9725.707973  
9753.087367  
9737.865897  
9753.303188  
9772.021484  
9827.527727  
9835.01859  
9836.693534  
9816.507847  
9773.55692  
9797.650705  
9805.986119  
9802.607247  
9795.078125  
9807.226144  
9832.699323  
9881.848145  
9910.686279  
9931.99871  
9953.598947  
9941.902379  
9902.933873  
9879.403355  
9881.81958  
9864.902832  
9842.685617  
9826.604109  
9853.895822  
9866.463658  
9859.664481  
9859.894915  
9854.910121  
9856.50136  
9835.120919  
9799.719622  
9834.162772  
9822.939593  
9828.163853  
9812.256034  
9847.471331  
9840.507882  
9811.572614  
9785.349749  
9787.471331  
9821.9872  
9847.826416  
9851.989816  
9879.961112  
9866.682896  
9878.280762  
9840.469029  
9898.03976  
9886.411935  
9854.016113  
9805.22168  
9800.836391  
9802.510882  
9751.159075  
9770.456055  
9821.745013  
9825.432234  
9832.325928  
9836.164795  
9823.135986  
9828.312012  
9841.062221  
9876.604178  
9836.594134  
9857.35519  
9855.522321  
9891.261405  
9888.192732  
9902.046073  
9884.748256  
9841.560024  
9807.670236  
9803.737863  
9795.13644  
9806.480469  
9832.057164  
9810.691371  
9780.098703  
9786.443045  
9777.980852  
9763.465925  
9719.022112  
9752.986956  
9812.818255  
9825.134068  
9856.383196  
9831.974121  
9795.579381  
9804.897287  
9772.270124  
9774.581717  
9762.66905  
9744.278774  
9714.85641  
9710.860526  
9710.915492  
9742.478411  
9719.554408  
9776.28561  
9751.636789  
9741.489781  
9782.647461  
9759.956229  
9749.424874  
9797.638114  
9799.520299  
9793.146938  
9812.802246  
9803.923165  
9811.225307  
9792.101946  
9850.372977  
9866.14774  
9894.963518  
9894.157819  
9833.008754  
9841.496164  
9806.360944  
9828.840995  
9840.921038  
9861.010463  
9837.820417  
9859.378348  
9889.044434  
9808.321324  
9784.965262  
9791.14481  
9733.702079  
9742.716204  
9846.800432  
9825.385149  
9829.22719  
9809.961426  
9791.666818  
9816.88072  
9812.544434  
9823.300188  
9836.552455  
9875.159807  
9898.492536  
9905.523333  
9904.19451  
9842.628767  
9814.099295  
9780.54963  
9797.696673  
9802.274623  
9798.519287  
9755.954904  
9764.954067  
