10819.46604  
10706.78317  
10598.74741  
10620.37377  
10621.89104  
10555.12284  
10594.6568  
10608.25084  
10536.30306  
10623.98612  
10553.97334  
10567.19218  
10527.95037  
10530.59997  
10538.84382  
10567.11229  
10523.02277  
10550.09831  
10528.49664  
10501.46854  
10575.93867  
10572.22531  
10540.91977  
10581.60179  
10575.54621  
10551.88118  
10590.04706  
10548.61861  
10591.72865  
10635.20705  
10617.60158  
10617.44219  
10590.61388  
10554.00848  
10569.34406  
10584.15985  
10626.61445  
10604.12565  
10573.1165  
10603.64364  
10588.48203  
10570.65094  
10570.06682  
10564.08222  
10610.84005  
10560.07199  
10609.66369  
10560.03481  
10549.22272  
10607.57569  
10522.32367  
10583.69699  
10578.96467  
10626.23859  
10653.37577  
10621.6858  
10626.7947  
10622.42782  
10605.00118  
10583.64451  
10591.9946  
10532.98126  
10638.43448  
10584.66355  
10586.62959  
10606.69004  
10582.86128  
10622.9834  
10592.00685  
10624.90156  
10585.41728  
10525.86556  
10548.68061  
10529.82753  
10595.80979  
10555.07871  
10614.69415  
10596.83991  
10563.83433  
10575.55673  
10617.08709  
10597.26688  
10587.18001  
10608.55625  
10596.50442  
10600.11008  
10597.18855  
10556.73761  
10625.87778  
10565.27227  
10582.08979  
10559.43933  
10508.65435  
10578.7978  
10541.7525  
10581.49042  
10601.84629  
10608.96174  
10620.87769  
10614.54023  
10612.89008  
10596.73564  
10587.03094  
10600.81839  
10572.22055  
10564.43305  
10589.70907  
10571.75122  
10593.88077  
10580.88196  
10649.99551  
10600.30486  
10591.91512  
10607.03976  
10616.2752  
10632.07095  
10585.91062  
10564.11707  
10586.06298  
10613.72314  
10605.35502  
10550.46988  
10602.66298  
10562.62805  
10584.64355  
10537.94334  
10531.52383  
10597.9429  
10580.81226  
10581.78295  
10548.65323  
10621.42417  
10627.74371  
10564.19416  
10528.40334  
10652.41574  
10574.07725  
10567.31661  
10574.3632  
10557.64146  
10595.33537  
10581.64119  
10575.2659  
10590.96957  
10568.20561  
10574.03187  
10543.0864  
10523.28461  
10545.24183  
10552.01718  
10598.30016  
10531.70874  
10583.04516  
10491.81139  
10554.08885  
10599.52142  
10568.41581  
10602.23552  
10585.69115  
10601.23093  
10635.99409  
10564.14722  
10590.65442  
10562.38965  
10561.76732  
10559.32573  
10560.34575  
10581.34848  
10523.24681  
10599.29703  
10566.21716  
10598.6563  
10615.83172  
10598.14534  
10615.00829  
10628.8075  
10592.87181  
10617.77207  
10590.30537  
10598.27805  
10583.37959  
10615.56062  
10582.86039  
10589.18524  
10520.78469  
10563.19094  
10557.09646  
10587.73268  
10579.55196  
10563.97326  
10609.37372  
10591.75248  
10621.86201  
10601.80858  
10623.71716  
10620.13417  
10599.68666  
10657.01768  
10610.89331  
10630.0124  
10619.65  
10610.73862  
10623.824  
10629.28149  
10579.43219  
10615.94982  
10544.65252  
10568.56373  
10577.05782  
10579.38552  
10556.97893  
10593.94495  
10608.41943  
10664.67439  
10577.16233  
10612.01167  
10582.544  
10568.11229  
10576.76448  
10579.23177  
10644.22389  
10628.72488  
10585.21385  
10609.16711  
10595.20511  
10585.94081  
10528.42398  
10585.98004  
10547.77542  
10605.11059  
10580.78509  
10588.86635  
10618.3395  
10597.36446  
10576.90284  
10548.15589  
10539.81317  
10486.33361  
10585.39959  
10550.14463  
10540.40915  
10579.52541  
10551.65334  
10590.8964  
10576.26703  
10618.08446  
10535.70761  
10587.74358  
10563.19243  
10592.72183  
10638.05082  
10613.36035  
10648.32598  
10624.46294  
10600.8951  
10558.43969  
10591.15551  
10608.88216  
10624.05128  
10580.13521  
10563.05817  
10588.36943  
10567.26096  
10577.93114  
10545.845  
10548.50481  
10532.36681  
10551.30309  
10641.17342  
10576.45528  
10618.82271  
10599.75449  
10618.35048  
10588.89929  
10573.78291  
10597.16915  
10583.65161  
10632.33803  
10567.60543  
10627.01551  
10567.81303  
10587.76215  
10619.05525  
10569.45892  
10600.14467  
10583.99692  
10516.47514  
10568.48129  
10546.28038  
10521.35167  
10566.0864  
10571.70477  
10605.39558  
10536.41485  
10547.82823  
10573.34423  
10571.29114  
10647.21099  
10569.45331  
10582.26974  
10534.27049  
10588.88238  
10636.50958  
10593.11457  
10651.16943  
10595.34447  
10564.03377  
10570.82799  
10601.16543  
10614.02919  
10616.57293  
10619.02246  
10574.49125  
10584.04652  
10576.95974  
10604.99318  
10573.83976  
10629.15738  
10569.25404  
10608.38554  
10545.37354  
10575.72406  
10579.52654  
10568.81241  
10568.20069  
10558.5288  
10590.64595  
10588.19531  
10600.93839  
10609.80695  
10606.57362  
10645.77467  
10635.90868  
10625.29059  
10587.97797  
10601.53617  
10661.29345  
10613.56295  
10596.4821  
10551.44367  
10590.74724  
10484.03646  
10544.65053  
10562.05049  
10551.79031  
10575.6244  
10572.56283  
10550.98753  
10561.35459  
10560.42283  
10608.35636  
10590.8859  
10573.4117  
10596.1359  
10607.96563  
10643.88494  
10628.28428  
10614.98379  
10630.77029  
10614.75464  
10648.06735  
10578.00519  
10627.93925  
10619.84457  
10577.30494  
10577.21731  
10545.03475  
10619.52111  
10573.80016  
10598.58179  
10569.39801  
10591.78994  
10559.38775  
10598.66584  
10620.05195  
10566.14032  
10621.33882  
10593.04633  
10558.9198  
10562.29066  
10548.31512  
10611.37418  
10594.42225  
10614.98136  
10534.61393  
10552.48758  
10555.08052  
10506.60314  
10550.60826  
10553.82602  
10563.14018  
10578.12613  
10606.43104  
10512.6353  
10595.64006  
10605.55359  
10569.46467  
10578.10437  
10610.88379  
10587.26559  
10644.83909  
10623.83897  
10554.86556  
10599.30789  
10601.27488  
10609.62123  
10599.81713  
10546.84519  
10607.78564  
10594.01607  
10562.27088  
10583.04968  
10516.50726  
10523.91336  
10571.18015  
10542.08712  
10571.78034  
10532.05851  
10574.8481  
10606.30284  
10611.36863  
10634.70462  
10585.06307  
10579.94334  
10625.66511  
10618.22764  
10610.36657  
10610.47187  
10570.68913  
10634.08338  
10586.02748  
10624.5256  
10598.74753  
10598.4824  
10609.8131  
10579.06793  
10579.16956  
10613.62632  
10576.42703  
10577.58015  
10630.81265  
10579.1299  
10625.69653  
10596.5287  
10588.07139  
10574.61871  
10564.07364  
10569.82818  
10544.92833  
10565.14381  
10622.38485  
10560.42784  
10587.30589  
10579.10028  
10546.69745  
10610.18961  
10645.98285  
10581.43786  
10595.57926  
10587.69918  
10579.31966  
10623.18925  
10602.00284  
10582.95905  
10558.89753  
10571.24304  
10555.1576  
10621.907  
10619.75038  
10577.85943  
10570.93488  
10550.23179  
10541.64027  
10606.45427  
10572.09606  
10543.42014  
10597.41204  
10573.19447  
10572.44759  
10574.82254  
10556.10919  
10553.76876  
10539.32211  
10563.11816  
10612.53665  
10528.33311  
10538.03262  
10574.8418  
10600.27842  
10581.413  
10623.4847  
10613.57199  
10610.51576  
10556.08858  
10593.22002  
10562.50648  
10605.0363  
10545.31113  
10556.03101  
10563.5767  
10588.69343  
10609.18025  
10618.99493  
10602.70527  
10592.47723  
10596.17271  
10555.57496  
10572.05448  
10628.64785  
10600.61729  
10565.08395  
10607.75949  
10611.99673  
10606.85213  
10621.27297  
10586.39832  
10648.92232  
10627.66283  
10653.75894  
10613.95736  
10616.27138  
10632.07857  
10650.2039  
10604.39143  
10613.04379  
10581.68053  
10568.86318  
10555.69709  
10523.56771  
10592.11018  
10540.50553  
10511.22225  
10523.64061  
10559.3145  
10576.94387  
10531.8923  
10596.85525  
10554.53029  
10607.82713  
10641.21121  
10587.05488  
10626.79162  
10653.7684  
10627.76919  
10608.34445  
10599.71  
10596.82158  
10588.94255  
10603.99082  
10608.00473  
10567.60742  
10632.00887  
10579.8966  
10582.98489  
10559.78082  
10621.0393  
10562.93322  
10518.75773  
10595.10485  
10564.57362  
10562.32874  
10610.45669  
10537.98102  
10564.29934  
10572.74697  
10527.08518  
10647.56356  
10577.44406  
10594.21147  
10592.07358  
10578.70239  
10617.8524  
10618.44264  
10576.16406  
10602.2997  
10578.72997  
10597.4922  
10604.9585  
10568.98571  
10593.15181  
10564.71932  
10587.75737  
10606.68774  
10578.68344  
10575.95109  
10566.06406  
10567.18724  
10541.01547  
10542.62743  
10567.89482  
10595.63244  
10590.79115  
10574.47173  
10648.88643  
10534.96582  
10599.87964  
10567.08251  
10592.95801  
10623.37509  
10590.05806  
10670.61133  
10592.15407  
10629.57326  
10599.34581  
10568.96325  
10584.91716  
10563.80479  
10600.63531  
10585.74149  
10604.45453  
10580.4517  
10579.82806  
10585.07144  
10584.08057  
10610.82024  
10569.07504  
10616.6294  
10592.09363  
10592.5159  
10597.46041  
10607.56603  
10637.04592  
10568.0694  
10583.60093  
10575.26785  
10561.52183  
10606.97495  
10586.45922  
10612.47437  
10562.91607  
10584.62248  
10584.92823  
10528.4762  
10611.07227  
10525.6698  
10581.23537  
10540.41417  
10579.91689  
10556.34527  
10531.66817  
10598.16137  
10555.01352  
10567.47267  
10581.0649  
10554.0232  
10597.58568  
10548.56701  
10585.18097  
10538.9921  
10574.97019  
10593.8836  
10573.41482  
10624.46411  
10547.86092  
10564.61422  
10575.39162  
10552.6647  
10605.60535  
10585.26071  
10638.34733  
10629.20059  
10558.36517  
10569.85869  
10528.33424  
10629.935  
10607.7904  
10596.47213  
10553.46774  
10562.22894  
10591.50898  
10596.64296  
10567.25315  
10625.77381  
10542.34469  
10559.05542  
10548.80316  
10587.24351  
10577.37186  
10538.20542  
10577.50829  
10576.69173  
10599.14393  
10593.13343  
10596.97975  
10617.86056  
10603.31916  
10617.33911  
10634.5783  
10594.27654  
10656.70211  
10586.13249  
10662.39791  
10575.64467  
10604.52981  
10595.86666  
10589.48093  
10574.96925  
10581.86191  
10544.58159  
10585.35716  
10588.73287  
10538.9919  
10599.54151  
10569.08087  
10569.6803  
10578.90805  
10589.41629  
