10287.06138  
10130.90311  
10006.85028  
9976.118057  
9965.017618  
9973.838292  
9956.375956  
9954.165795  
9964.12191  
9985.6976  
10011.39536  
10014.56247  
10037.87598  
10034.08049  
10028.27411  
10024.14321  
10083.09142  
10139.44743  
10164.7371  
10108.53677  
10056.99474  
9999.352606  
9965.859228  
9947.863522  
9964.173306  
10064.33734  
10102.04749  
10077.10675  
10175.04793  
10162.03537  
10221.89842  
10200.88687  
10193.76292  
10136.44973  
10081.71807  
10162.48238  
10164.58294  
10185.33689  
10143.7719  
10152.06415  
10072.31199  
10010.51708  
9970.609321  
9949.346359  
10016.90402  
9982.477124  
9884.893795  
10030.11855  
10167.1576  
10184.39479  
10148.04534  
10107.37606  
10022.67494  
9951.25596  
9961.071316  
9959.078486  
9894.950449  
9969.059985  
9946.713867  
9946.328954  
9961.984736  
9990.146177  
10037.21883  
10047.56785  
10091.44309  
10058.58235  
10035.16741  
10100.91564  
10110.98582  
10110.75472  
10109.13893  
9989.061844  
9961.68853  
10000.37808  
10021.04563  
10062.72232  
10097.7229  
10127.43897  
10030.8731  
10003.36069  
10002.04813  
10004.74446  
9979.869047  
10096.73508  
10112.08257  
10141.01548  
10197.50292  
10207.60039  
10210.8674  
10158.32431  
10105.15757  
10051.78327  
10052.72886  
10034.64172  
9794.540681  
10064.52094  
10063.79951  
10031.06614  
10033.6083  
9998.965272  
10004.42372  
9971.624946  
9973.294026  
9963.216543  
9898.163461  
9926.00198  
9952.172999  
9990.605241  
10101.92147  
10129.27708  
10152.10008  
10136.5735  
10120.37955  
10256.55438  
10089.50249  
10077.53909  
10101.56484  
10045.78185  
10117.68774  
10149.70878  
10171.16179  
10113.49015  
10045.10302  
10035.55774  
10020.72426  
9972.700771  
9975.469071  
9966.089549  
10026.89024  
10021.15867  
10063.48017  
10072.31103  
10088.76006  
10072.5453  
10058.11505  
10013.27896  
10020.26498  
9999.935868  
10043.82964  
10037.05566  
10115.87529  
10054.59643  
10083.41935  
10049.75864  
10025.69927  
10073.19042  
10046.25455  
10052.10742  
10070.05619  
10117.66682  
10074.27577  
10100.09016  
10068.15939  
10109.44913  
10156.18123  
10159.08769  
10260.66971  
10196.72187  
10026.57934  
10190.28154  
10141.6816  
10169.23977  
10166.36442  
10180.8786  
10120.80739  
10086.56904  
10053.98618  
10062.64845  
10052.40238  
10026.89112  
10074.72299  
10085.19059  
10056.81654  
10080.77985  
10005.40937  
10042.96793  
9898.434744  
9938.674136  
9881.890438  
9927.02305  
10008.29714  
9991.136786  
10053.85754  
10023.93465  
9968.129548  
9982.705827  
9925.91734  
10008.06831  
10090.79123  
10129.39576  
10140.8741  
10140.99778  
10159.28471  
10185.30933  
10129.50174  
10109.81436  
10027.95232  
10017.17007  
10089.61291  
10070.96345  
10110.4522  
10087.93719  
9607.865569  
9938.192015  
9996.957018  
10035.42807  
10029.89541  
10003.53208  
10050.3346  
10025.98241  
10026.07463  
10004.02296  
10038.26732  
10048.42768  
10083.0475  
10046.5175  
10092.98492  
10042.23195  
10049.59239  
10060.71357  
10025.89833  
9929.09371  
10028.01892  
10016.61467  
10002.24637  
10035.66056  
10017.22089  
10009.42717  
10012.49419  
10037.69713  
10035.52875  
9966.190644  
10030.88568  
10017.21981  
9998.312848  
10027.68737  
10083.57249  
10186.80825  
10164.94951  
10200.35731  
10221.70798  
10159.57429  
10131.74446  
10117.04119  
10067.35828  
10116.41472  
10068.46903  
10058.57581  
10014.0409  
10049.60354  
10101.81691  
10080.1139  
10017.02783  
9907.756736  
9919.525879  
10038.16796  
10087.10378  
10167.03403  
10156.61312  
10138.44899  
10063.74767  
9958.543303  
9962.817557  
9964.504976  
9870.229465  
9966.369595  
10061.6827  
10077.81972  
10075.76154  
10131.60924  
10256.24406  
10298.7615  
10291.04376  
10257.21993  
10124.34862  
10016.49453  
9904.078593  
9965.481405  
9900.340125  
9946.974837  
9933.332861  
9885.652558  
9911.232897  
9881.666624  
9899.733967  
9915.206697  
9956.175868  
10037.07606  
10115.31572  
10101.9238  
10134.20639  
10108.96951  
10112.94832  
10115.59709  
10179.96282  
10186.72695  
10135.41829  
10122.22916  
10081.35063  
10042.87401  
10047.77349  
10078.86133  
10038.66117  
9976.853542  
9955.037537  
9962.007438  
9929.188597  
9787.811102  
10011.84585  
10149.71211  
10142.5269  
10118.41222  
10189.9175  
10239.42278  
10313.72945  
10286.88327  
10272.26728  
10185.49516  
10107.96834  
10090.97898  
10024.04607  
9991.29428  
9913.095523  
9995.286962  
9990.471452  
10032.65067  
10017.5735  
9998.504013  
9973.301651  
9980.213205  
10003.65082  
10044.5659  
10022.36722  
9936.582339  
9954.397989  
10002.27942  
10088.35345  
10083.01516  
10094.81756  
10048.32276  
10009.30081  
10057.70219  
10018.56772  
10018.58334  
10063.936  
9964.537016  
10036.01581  
10050.56302  
10043.96078  
10052.83353  
10024.43244  
10115.93006  
10122.36519  
10170.12077  
10171.53488  
10198.43286  
10268.00007  
10219.52883  
10173.11605  
10087.09012  
10030.47359  
10005.71645  
10013.63614  
10040.53152  
10077.20935  
10097.91953  
10081.125  
10073.6018  
9992.950423  
9982.530889  
9926.711272  
9910.853569  
9946.996214  
9914.380311  
10035.11309  
10011.93575  
10073.40225  
10072.44721  
9985.486756  
10027.36685  
10036.27376  
10078.96998  
10174.15662  
10240.66659  
10229.61406  
10243.91002  
10183.61285  
10082.44616  
9973.261404  
10089.98943  
10062.63378  
10125.3684  
10092.23606  
10044.94246  
10095.42864  
10033.34861  
10033.2715  
9974.591329  
9920.600011  
9892.798487  
9940.066921  
10002.73837  
10027.22254  
10053.39404  
9953.681908  
10004.34812  
10032.78455  
10044.46444  
10057.26914  
9960.306253  
10324.49292  
10122.15443  
10049.92238  
10054.26181  
10001.6177  
9960.583463  
10077.15038  
10044.89501  
10086.29449  
10072.80854  
10059.95337  
10034.62117  
9987.360653  
9938.777792  
9948.780962  
9957.210315  
10014.45117  
10083.32093  
10065.12282  
10083.82917  
10062.96664  
10079.64483  
10084.68874  
10100.48702  
10105.58622  
10136.74232  
10147.49151  
10164.55582  
10151.17744  
10155.94038  
10054.61011  
9996.41021  
9984.580386  
9946.245184  
9915.279885  
9994.866693  
10178.64049  
10228.20793  
10228.38335  
10180.05652  
10153.58085  
10157.1704  
10049.46302  
10004.71464  
9975.190885  
9883.326861  
9939.064453  
9918.149809  
10001.9981  
10133.16782  
10130.40814  
10135.17344  
10194.9687  
10158.83806  
10116.13426  
10052.53908  
10019.41287  
9966.333757  
9982.691968  
9978.913287  
10075.40262  
9985.230007  
9950.252114  
9947.962663  
10011.48462  
10048.89421  
10080.77534  
10075.25749  
10040.70425  
9999.443908  
9942.990649  
9939.490649  
9823.478482  
9965.952536  
10086.08901  
10195.14334  
10183.92226  
10206.43532  
10204.06128  
10173.34837  
10101.70256  
10079.16087  
10026.72526  
9993.394839  
9937.737947  
9947.751391  
9914.844339  
9918.122371  
9936.455352  
9969.969834  
10032.89738  
9997.508267  
10061.84427  
10095.86483  
10125.80271  
10150.69696  
10091.22141  
10066.90336  
10076.97037  
10094.07522  
10158.55589  
10170.089  
10235.72355  
10261.72038  
10239.12559  
10185.27453  
10098.24145  
10106.7212  
10016.08972  
9985.566353  
9900.381836  
10013.53738  
9751.095128  
9955.728783  
10205.73965  
10186.49185  
10146.13414  
10066.88697  
10121.12801  
10067.41848  
10055.99538  
10180.50617  
10168.93426  
10180.24912  
10049.46219  
9964.238736  
9988.090927  
9913.705453  
9859.079904  
9982.361716  
10035.68755  
10138.06801  
10155.21934  
10199.72272  
10159.25451  
10104.11608  
10045.47745  
10068.58942  
9962.415915  
9999.236181  
10047.49142  
10097.80477  
10108.24723  
10082.96561  
10094.76699  
10054.17106  
9953.16441  
9910.580974  
9921.310025  
9981.545591  
9935.683513  
9956.659661  
10134.37719  
9842.916109  
10227.98373  
10290.64081  
10274.04746  
10259.24164  
10164.60382  
10039.19499  
9962.952884  
9961.082446  
9953.877729  
9952.334506  
9952.657347  
9979.465232  
9606.84672  
10021.90018  
9935.878298  
10118.5482  
10206.17868  
10230.06289  
10210.99861  
10256.28393  
10176.85413  
10058.9794  
10045.13201  
10002.59973  
9942.627475  
9938.438543  
9944.177059  
10010.12159  
10055.83863  
10047.58516  
9993.498916  
9938.751926  
9922.864338  
9908.902772  
9976.58171  
10006.74175  
10044.8219  
10083.17987  
10081.07849  
10026.76898  
10042.11613  
10005.03822  
10093.1069  
10176.01754  
10192.05299  
10222.73268  
10220.25771  
10177.09653  
10135.91603  
10027.4648  
10033.66523  
10006.89112  
9955.096171  
9967.96768  
9999.960683  
9959.99798  
10011.28264  
10059.47473  
10068.55172  
10123.16553  
10073.33064  
10063.34301  
10063.65232  
10036.0741  
10051.32243  
10069.56746  
10095.95951  
10067.89452  
10013.69658  
10077.14635  
10070.9474  
10055.8388  
10104.51526  
10138.50173  
10115.85798  
10012.98551  
10008.23777  
10022.31116  
10057.25519  
10090.73821  
10081.08116  
10039.47264  
10014.56872  
10033.22117  
9981.703259  
9958.199419  
9950.673393  
9928.763157  
9984.572935  
10012.10484  
9992.47683  
10014.91365  
9806.908136  
10324.30945  
10140.90006  
10179.18751  
10181.49224  
10217.39592  
10163.86756  
10141.89493  
10076.02737  
10057.54539  
9968.56252  
9981.094459  
9953.752074  
10047.00503  
10116.76033  
10117.38497  
10019.86858  
10019.4251  
10093.34119  
10142.83112  
10073.8194  
10025.20743  
10076.79724  
10079.59802  
10033.17557  
10052.74537  
10034.93349  
9940.215927  
9943.553256  
10030.45498  
10057.31328  
10137.55285  
10164.40571  
10148.65685  
10096.56219  
10014.50665  
9977.410571  
9929.874304  
9979.398504  
10017.44999  
10044.31473  
10132.70141  
10158.44517  
10132.9907  
10098.58183  
9995.440109  
10039.94083  
10035.44543  
10075.22445  
10115.17802  
10137.30833  
10131.61289  
10126.57594  
10059.05879  
9972.685353  
9959.684838  
10012.56512  
9988.632297  
9999.345409  
10036.41354  
9992.023157  
10023.80669  
10077.83527  
10075.76204  
10030.13535  
10110.53633  
10042.60769  
10151.57754  
10154.04871  
10195.58229  
10164.78339  
10169.19242  
10093.3445  
10056.06559  
9994.211232  
10011.59  
10045.70481  
10029.39128  
9930.563383  
9979.19649  
10034.40538  
10029.39678  
10051.90751  
9963.933714  
9897.14219  
9980.395822  
10045.02391  
10075.07589  
10181.57255  
10160.14147  
10090.37281  
9981.716563  
9981.734221  
10081.7608  
10044.10763  
10021.24177  
10019.91018  
9997.828366  
9994.044868  
9970.913541  
9958.588091  
9980.808019  
9992.721599  
9971.182069  
10022.93402  
9986.38613  
10108.72207  
10120.13767  
10194.99208  
10151.57621  
10132.842  
10051.80423  
9956.281625  
9940.272675  
9933.577697  
9913.304848  
10007.67608  
10048.49363  
10079.38902  
10048.03916  
10013.4844  
9993.925059  
9993.237893  
9996.354358  
9960.803022  
10021.70165  
10082.80273  
9863.881742  
9900.981138  
10010.32517  
10070.83324  
9875.973365  
10147.72387  
10176.59521  
10212.7573  
10228.80603  
10187.92775  
10157.54293  
10055.28881  
10103.69432  
10086.8885  
10124.68589  
10122.89765  
10121.20864  
10135.85112  
10097.68886  
10103.43121  
10021.69126  
10059.60199  
10019.7336  
9970.935186  
