10891.42141  
10720.43324  
10639.22124  
10611.73098  
10663.87997  
10693.231  
10658.70519  
10705.36093  
10624.00417  
10618.12003  
10557.84637  
10470.85665  
10610.87502  
10684.60518  
10648.38827  
10701.64737  
10602.0429  
10583.65405  
10570.16934  
10607.91364  
10592.48575  
10627.92982  
10645.7415  
10714.20927  
10680.55449  
10627.27395  
10668.96218  
10603.85212  
10595.81632  
10562.8161  
10552.65814  
10560.18248  
10587.79932  
10619.19436  
10610.22139  
10639.77921  
10644.01969  
10649.80635  
10660.43639  
10650.10827  
10643.69449  
10643.45692  
10631.64857  
10665.71524  
10680.32271  
10642.83898  
10715.49132  
10716.41579  
10664.50337  
10642.22783  
10650.16309  
10651.07069  
10651.05509  
10618.02104  
10655.6363  
10685.6315  
10693.05979  
10625.18568  
10686.68166  
10667.59715  
10672.45659  
10669.15201  
10667.23338  
10717.42303  
10674.4759  
10642.94312  
10626.92829  
10675.6634  
10707.86586  
10613.72337  
10609.55487  
10601.1873  
10628.1915  
10639.84013  
10638.35589  
10624.83165  
10638.97441  
10642.81219  
10608.7504  
10578.37618  
10592.36286  
10630.61024  
10679.47132  
10632.16997  
10601.67179  
10628.90692  
10569.29528  
10551.78795  
10577.95863  
10604.95588  
10562.55899  
10605.79341  
10624.45432  
10697.10625  
10688.75715  
10748.2067  
10624.75275  
10670.07892  
10686.45921  
10663.71757  
10697.8932  
10655.43721  
10694.59388  
10739.42503  
10715.74541  
10671.57644  
10668.34339  
10635.31363  
10627.88019  
10632.19298  
10649.8006  
10646.70492  
10672.38918  
10645.86725  
10661.59439  
10687.96267  
10632.33456  
10657.11055  
10654.33929  
10679.62005  
10669.46194  
10662.5886  
10658.25078  
10662.18124  
10638.11135  
10624.45805  
10616.50644  
10583.29838  
10615.001  
10678.76156  
10607.05546  
10617.48295  
10621.45987  
10646.37187  
10624.09726  
10682.81206  
10585.27541  
10619.6343  
10607.11359  
10623.55953  
10598.81117  
10624.50881  
10582.42789  
10660.39094  
10620.48313  
10663.24152  
10666.91138  
10623.69864  
10693.70443  
10664.42727  
10688.31669  
10549.4136  
10633.00724  
10661.63022  
10729.23853  
10769.32189  
10716.04355  
10635.09544  
10630.79352  
10598.51653  
10602.50138  
10596.2909  
10551.37544  
10542.22159  
10593.79261  
10613.53174  
10584.3321  
10593.99561  
10637.23548  
10618.7352  
10633.81922  
10657.61113  
10639.43821  
10632.94198  
10601.32417  
10682.8576  
10631.08656  
10666.9695  
10684.45876  
10628.04039  
10636.80526  
10660.86823  
10658.78118  
10698.99201  
10688.38963  
10623.73941  
10572.40838  
10620.75351  
10664.18728  
10730.62172  
10635.64913  
10687.86364  
10690.39737  
10596.65479  
10654.24077  
10698.97519  
10635.07819  
10676.06261  
10594.7822  
10602.20639  
10610.05493  
10703.96333  
10731.19831  
10705.3734  
10656.7263  
10646.55744  
10555.05646  
10534.4371  
10513.32662  
10557.10378  
10551.24696  
10594.04299  
10584.6877  
10640.09444  
10600.03001  
10643.94192  
10685.20137  
10712.58614  
10741.50366  
10726.21083  
10660.79448  
10733.08558  
10682.52235  
10713.53169  
10696.58343  
10676.33745  
10555.57142  
10679.45517  
10726.73864  
10693.87069  
10710.67667  
10667.78473  
10625.25042  
10624.46999  
10595.98209  
10592.20905  
10584.71276  
10620.61104  
10604.86506  
10610.76341  
10613.2419  
10677.44613  
10620.79874  
10641.7136  
10598.83884  
10598.53866  
10561.70179  
10590.11987  
10548.16022  
10684.40334  
10644.69565  
10604.91886  
10608.03329  
10670.83392  
10618.217  
10659.00968  
10637.00064  
10678.2923  
10664.09195  
10690.41031  
10675.92907  
10640.98724  
10674.18291  
10676.01167  
10655.32746  
10628.67623  
10615.32806  
10610.85578  
10637.26478  
10649.74665  
10665.21154  
10650.68943  
10664.27872  
10689.31501  
10706.77359  
10742.35334  
10667.43888  
10690.59439  
10689.26982  
10658.93681  
10663.57857  
10661.15938  
10714.71362  
10635.06869  
10593.86672  
10637.45066  
10661.20832  
10681.57362  
10712.66149  
10623.62633  
10623.64626  
10595.89808  
10615.0655  
10671.92618  
10636.17008  
10659.32852  
10665.12604  
10690.26161  
10651.96422  
10636.54918  
10642.19942  
10565.63889  
10612.446  
10612.65976  
10609.16828  
10611.1972  
10602.58114  
10607.00455  
10552.07573  
10622.99103  
10557.40925  
10597.06834  
10598.28291  
10596.70006  
10641.72596  
10661.63805  
10671.74654  
10617.60245  
10643.68186  
10674.79956  
10688.66719  
10644.08716  
10642.99878  
10653.27828  
10746.00286  
10632.69005  
10707.64185  
10661.15732  
10630.40015  
10542.75027  
10582.31838  
10632.02641  
10648.37564  
10627.19829  
10666.07584  
10608.62045  
10688.41187  
10683.6015  
10697.69902  
10591.53223  
10609.07222  
10597.21089  
10290.34794  
10754.819  
10668.78132  
10655.23344  
10635.68284  
10613.43894  
10587.52175  
10616.16078  
10650.15186  
10600.93479  
10626.70364  
10657.65359  
10632.50004  
10617.83638  
10633.64915  
10677.85372  
10722.24598  
10675.27313  
10678.36044  
10637.33742  
10680.3995  
10610.88048  
10632.04159  
10610.22605  
10579.49385  
10645.05422  
10613.35682  
10658.18546  
10671.54741  
10619.11328  
10642.25107  
10606.12231  
10647.41595  
10687.66901  
10657.83805  
10695.72827  
10694.70885  
10683.0665  
10657.53101  
10667.47212  
10660.09566  
10636.72288  
10650.38161  
10691.21871  
10693.42833  
10666.36566  
10642.65854  
10689.86781  
10668.28303  
10647.64739  
10651.6786  
10674.0214  
10640.49152  
10653.54392  
10617.53751  
10663.65543  
10612.24507  
10607.7419  
10618.19993  
10595.62425  
10597.24248  
10621.91502  
10677.10298  
10691.33609  
10676.57162  
10685.36714  
10676.25016  
10641.8758  
10643.5146  
10646.26278  
10654.7425  
10686.73404  
10723.48309  
10636.31741  
10663.83305  
10637.96203  
10492.11359  
10526.81223  
10592.09437  
10658.47392  
10679.4543  
10714.84488  
10653.98509  
10652.35904  
10615.61901  
10627.45455  
10630.33671  
10617.19411  
10604.14415  
10606.45459  
10597.95779  
10663.16917  
10632.51083  
10664.63616  
10711.26416  
10674.94789  
10667.99751  
10661.38636  
10641.97532  
10668.04958  
10665.00777  
10691.19274  
10693.24842  
10733.35953  
10705.22068  
10693.85238  
10687.81747  
10613.65137  
10592.48868  
10516.99545  
10649.32291  
10606.01964  
10635.0694  
10603.9262  
10613.97412  
10662.96959  
10622.18122  
10665.98227  
10687.21234  
10653.28374  
10637.91047  
10592.60241  
10582.88337  
10479.591  
10477.36266  
10453.44343  
10449.92796  
10432.22907  
10485.09062  
10563.25484  
10588.51598  
10652.34027  
10672.1169  
10646.72374  
10567.338  
10623.71651  
10633.78045  
10643.03948  
10664.49743  
10664.4104  
10688.45295  
10677.45093  
10662.36257  
10685.5625  
10583.64384  
10680.87234  
10648.55171  
10670.11339  
10677.52366  
10689.84697  
10672.01933  
10675.84746  
10679.05083  
10677.9682  
10667.7591  
10670.43102  
10674.8234  
10679.44489  
10631.06061  
10667.6835  
10633.94738  
10649.20437  
10650.14604  
10702.14977  
10650.21606  
10693.89116  
10679.86754  
10679.7383  
10655.78067  
10635.1195  
10601.20461  
10667.14644  
10697.25071  
10664.62285  
10676.25828  
10623.43146  
10598.78618  
10615.63505  
10622.04057  
10603.2211  
10634.16553  
10655.85625  
10683.4165  
10643.33465  
10621.64573  
10651.14458  
10597.68066  
10626.66772  
10634.38761  
10621.63647  
10622.46795  
10645.193  
10652.55977  
10686.73553  
10669.91375  
10689.53405  
10716.32364  
10711.28223  
10653.31064  
10673.71107  
10702.91979  
10681.26001  
10688.01698  
10629.77845  
10599.02162  
10541.8068  
10591.10192  
10656.32602  
10645.83319  
10615.0016  
10655.4353  
10655.18737  
10632.83671  
10664.37704  
10653.56576  
10650.35838  
10618.4051  
10639.13272  
10629.99046  
10683.5435  
10746.36905  
10715.29297  
10675.58964  
10595.55848  
10607.68257  
10559.50863  
10610.26392  
10613.4502  
10643.01642  
10653.32233  
10661.45623  
10670.30424  
10673.16016  
10665.32329  
10642.20823  
10592.69897  
10631.96076  
10623.3064  
10631.61066  
10667.84233  
10700.83878  
10684.57937  
10702.21249  
10664.86845  
10643.30562  
10649.71848  
10572.03786  
10635.10775  
10604.21447  
10626.59229  
10624.73668  
10668.8163  
10619.82595  
10652.84335  
10585.04144  
10640.09923  
10641.4974  
10619.71837  
10664.04597  
10659.37132  
10689.59477  
10644.32966  
10647.04592  
10702.38679  
10692.41182  
10691.66637  
10655.44247  
10639.23553  
10687.29801  
10635.88856  
10650.9858  
10704.05424  
10657.41917  
10659.44975  
10664.94181  
10637.72967  
10617.17296  
10623.0328  
10575.19409  
10585.48668  
10587.87338  
10612.99527  
10621.53054  
10619.37076  
10652.7668  
10648.96191  
10628.64409  
10627.70295  
10639.26926  
10586.67762  
10616.57888  
10616.25419  
10660.9923  
10617.31044  
10624.43901  
10608.4383  
10603.9102  
10618.63019  
10590.39569  
10602.53749  
10562.71584  
10596.18639  
10589.82844  
10582.12555  
10652.8922  
10610.89884  
10629.91244  
10597.29869  
10629.46773  
10639.64606  
10698.83765  
10716.99048  
10745.8849  
10732.40199  
10660.92809  
10654.29805  
10609.04304  
10601.87766  
10576.35156  
10677.56317  
10638.18171  
10651.35256  
10604.03234  
10610.86794  
10606.78411  
10624.86284  
10597.65496  
10591.65705  
10630.26065  
10666.02408  
10634.0692  
10669.67747  
10658.12491  
10646.73844  
10604.65998  
10657.85853  
10618.64706  
10636.82364  
10641.197  
10657.53529  
10663.17765  
10641.1594  
10602.17241  
10608.83449  
10609.61925  
10647.87478  
10632.84493  
10603.05751  
10615.87982  
10603.10263  
10610.40394  
10628.82879  
10652.94134  
10637.61976  
10731.84402  
10675.29221  
10707.19682  
10655.80966  
10678.48715  
10699.97476  
10625.14595  
10629.82242  
10641.67645  
10613.77939  
10598.84504  
10640.81416  
10656.73624  
10652.72361  
10696.82513  
10678.95652  
10628.72638  
10639.82191  
10630.54561  
10639.4674  
10612.31199  
10624.23402  
10656.74305  
10660.52108  
10668.12948  
10668.21274  
10603.66746  
10639.71072  
10664.7069  
10685.26727  
10677.90272  
10661.69889  
10653.52439  
10679.6938  
10649.0803  
10588.87884  
10631.37065  
10614.21966  
10626.35041  
10644.01875  
10649.85176  
10597.54756  
10663.194  
10642.43619  
10676.83327  
10588.42767  
10615.35394  
10641.12411  
10629.22789  
10603.21538  
10586.23282  
10636.01558  
10642.27075  
10637.16433  
10657.56954  
10678.95463  
10672.14562  
10652.33891  
10625.27246  
